1 2
395
0.996355 57168
0.996357 14785
0.99637 34763
0.996371 29544
0.996388 1073
0.9964 32587
0.996413 55476
0.996419 37512
0.996421 57993
0.996456 18119
0.996457 48218
0.996472 54388
0.996472 93349
0.996475 46965
0.996482 27619
0.996485 44368
0.996489 70164
0.996495 71213
0.996496 3124
0.996496 68385
0.996521 12172
0.996527 25508
0.99653 66318
0.996552 72984
0.996563 56618
0.996565 62313
0.996568 30883
0.996568 80110
0.996579 74540
0.996588 16868
0.9966 88467
0.996616 96816
0.996621 7672
0.996628 88565
0.996629 84829
0.996651 181
0.996679 95753
0.996689 16005
0.996696 71076
0.996706 13518
0.996712 88591
0.996715 92288
0.99673 59953
0.996753 45785
0.996755 95989
0.996763 12783
0.996787 99002
0.996791 13997
0.9968 3563
0.996809 70174
0.996821 16486
0.996826 51242
0.996827 87373
0.996831 95824
0.996832 91025
0.996838 89573
0.996844 47762
0.996858 55728
0.996866 28601
0.996868 74468
0.996869 40915
0.996873 62199
0.996882 34225
0.996883 57171
0.996888 40765
0.996895 50610
0.996898 19832
0.996905 78570
0.99694 52757
0.996951 23812
0.996958 78209
0.996965 90416
0.997004 99182
0.997006 58935
0.997026 39095
0.997039 45970
0.997041 88928
0.997043 95590
0.997053 72521
0.997069 83581
0.997074 22832
0.997075 47635
0.997079 63893
0.997084 2634
0.997087 12777
0.99709 57883
0.997091 49650
0.997109 92678
0.99712 22936
0.997127 54061
0.997132 30153
0.997139 49793
0.99715 81333
0.997155 45713
0.997161 58121
0.997164 58552
0.997181 13776
0.997183 40207
0.997192 72572
0.997207 70170
0.997211 87553
0.99722 100422
0.99722 101422
0.997237 21993
0.997247 742
0.997251 29846
0.997257 95201
0.997258 94345
0.997292 48485
0.997297 59703
0.9973 51776
0.997302 71658
0.997315 88044
0.997318 16921
0.997321 68739
0.997337 69924
0.997339 30735
0.997345 78825
0.997357 58186
0.997368 31903
0.99737 50499
0.997378 20690
0.997381 46055
0.997383 44040
0.997386 76916
0.997387 19869
0.997408 71898
0.997419 67770
0.997453 52061
0.997461 40419
0.997476 8028
0.997479 10418
0.997485 66564
0.997515 97936
0.997521 34443
0.99753 78425
0.997538 24117
0.997547 27248
0.997555 16766
0.997561 80724
0.997562 16419
0.997563 41801
0.997574 20945
0.997575 22354
0.99758 2173
0.997582 53323
0.997591 30871
0.997607 94838
0.997612 9710
0.99763 34021
0.997632 9365
0.997638 73698
0.997639 50083
0.997643 38168
0.997645 50767
0.997662 2252
0.997674 44687
0.997705 82073
0.997728 73031
0.997737 79054
0.99775 38823
0.997752 98377
0.997764 25333
0.997766 34986
0.997775 7146
0.997778 48205
0.997783 89358
0.997785 81925
0.997792 51277
0.997793 7331
0.997801 60638
0.997801 86776
0.997804 81073
0.997813 11750
0.997819 2020
0.997819 38469
0.997833 30799
0.997836 60774
0.997839 38329
0.997871 74722
0.997873 31265
0.997887 88621
0.997889 55010
0.997944 57371
0.99796 60827
0.997968 77144
0.997969 84651
0.99797 32573
0.99799 29793
0.998001 67384
0.99802 46020
0.998049 85770
0.99805 48755
0.998051 94090
0.998056 74310
0.99806 46607
0.998088 46560
0.998088 62765
0.998092 45263
0.998098 1652
0.998101 11221
0.998105 26786
0.998118 38679
0.998129 68911
0.99814 64178
0.998142 39563
0.998153 100285
0.998153 101285
0.998165 48911
0.998194 61932
0.998202 82291
0.998216 76281
0.998217 17728
0.998222 955
0.998232 1138
0.998276 42477
0.998287 20638
0.998287 68258
0.998287 79087
0.998289 16311
0.998292 47673
0.998312 87795
0.998318 12154
0.99832 48366
0.998336 80166
0.998347 25313
0.998375 58176
0.998378 55851
0.998382 84157
0.998393 41990
0.998393 62854
0.998396 88231
0.998403 51687
0.998407 77330
0.998416 96831
0.998426 25151
0.998434 13168
0.998437 19268
0.998483 28715
0.998495 94279
0.998499 63651
0.998503 70404
0.998508 8516
0.998508 91009
0.998526 13660
0.998541 40918
0.998543 37994
0.998549 52669
0.998621 53196
0.998624 28750
0.99863 74063
0.998632 61903
0.998637 2418
0.998639 38807
0.998664 23030
0.998675 62345
0.998684 66910
0.998684 69057
0.9987 60367
0.998703 23204
0.998704 84316
0.998713 22341
0.998713 30386
0.998718 42837
0.99872 25891
0.998736 80114
0.998756 22079
0.998761 56722
0.998767 53756
0.998774 72010
0.998802 31054
0.998803 42044
0.998808 31253
0.998818 53477
0.998824 74786
0.998826 48980
0.998855 45363
0.998858 47095
0.998863 54672
0.998872 24684
0.99888 67196
0.998898 3704
0.998901 93452
0.99891 88440
0.998915 61875
0.998918 37482
0.998931 68196
0.998932 98753
0.998943 5216
0.998945 81430
0.998948 12140
0.998979 15622
0.998983 56348
0.998986 21920
0.998988 18334
0.998992 93757
0.999004 55150
0.999013 4258
0.999018 72553
0.999029 27417
0.99906 26940
0.999065 95195
0.999077 3973
0.999081 3206
0.999112 81987
0.999113 98216
0.999124 6227
0.999127 4272
0.999136 72952
0.999149 58813
0.999154 84222
0.999165 45753
0.999166 45438
0.999179 41552
0.999192 15435
0.999193 16472
0.999198 17324
0.999198 8528
0.999201 56064
0.999217 8434
0.999256 2302
0.99926 28759
0.999261 24488
0.999277 87759
0.999296 46707
0.999296 52146
0.999299 84703
0.999301 40816
0.999305 82885
0.999321 54901
0.999325 2878
0.99933 46279
0.999341 42864
0.999361 82890
0.999366 26495
0.999366 97577
0.999414 10894
0.999416 16918
0.99942 66060
0.999431 79355
0.999461 81711
0.999494 14602
0.999499 23787
0.999503 95681
0.999511 51799
0.999518 38697
0.999525 38633
0.999529 51396
0.999529 56441
0.999554 59400
0.999556 56481
0.999558 62496
0.999563 67501
0.999563 90822
0.999565 52194
0.999575 34016
0.999593 37759
0.9996 79937
0.99961 94991
0.999614 83041
0.99962 30468
0.99963 69027
0.999654 50151
0.999663 76455
0.999665 24644
0.999688 65112
0.999699 70508
0.999708 3876
0.999713 99570
0.999719 38596
0.999726 42170
0.999729 15050
0.999732 12001
0.999732 85492
0.999745 58187
0.999751 80035
0.999753 22318
0.999784 65771
0.999788 53453
0.999803 26824
0.999804 25135
0.999841 25563
0.999848 90051
0.999873 94984
0.999875 54234
0.999875 87756
0.999883 51176
0.999916 23640
0.999923 19274
0.999926 85527
0.999937 20693
0.999948 42045
0.999979 27288
0.999986 97757
0.999997 40027
none 161