1 2
256
0 0.55876
0.003972 4903
0.005985 4973
0.007901 4900
0.019511 4924
0.023437 4975
0.023514 57
0.025049 4962
0.025912 4934
0.037104 4926
0.038165 92
0.043856 4890
0.04894 4897
0.051568 33
0.054076 123
0.055876 4944
0.059475 4974
0.060038 46
0.061134 4995
0.069963 10
0.070596 4948
0.074193 104
0.079749 4895
0.080573 99
0.082815 4922
0.095173 42
0.099765 4936
0.09979 40
0.10111 4976
0.102084 5
0.104792 4918
0.109566 4933
0.114045 4956
0.11959 76
0.126497 118
0.127238 130
0.131303 4971
0.13912 4881
0.140012 55
0.140283 4946
0.154054 4914
0.158752 4884
0.163795 4970
0.165741 4985
0.171185 29
0.172345 4965
0.172517 4942
0.174921 85
0.178935 4908
0.180596 15
0.18065 54
0.181688 4928
0.186088 37
0.18653 4959
0.187641 110
0.197985 61
0.205299 4990
0.207211 4894
0.228828 4893
0.231293 4925
0.231431 4969
0.242282 88
0.243102 82
0.250547 4878
0.252158 2
0.259838 4947
0.262991 4977
0.268076 14
0.274868 4907
0.277609 109
0.277898 103
0.278863 4899
0.285198 11
0.288354 4957
0.289499 41
0.29239 31
0.292875 67
0.294853 108
0.297669 114
0.298636 35
0.29962 23
0.303019 4982
0.306891 105
0.313824 101
0.314346 4996
0.314628 98
0.316768 4954
0.319679 4923
0.326456 4949
0.326677 3
0.3288 77
0.329747 4879
0.335389 115
0.335463 81
0.341422 79
0.345897 32
0.34665 4952
0.360073 4997
0.360363 52
0.365318 4906
0.371273 4916
0.372198 117
0.37354 4886
0.374472 69
0.374502 4938
0.375782 112
0.390136 4979
0.39067 96
0.392986 126
0.393473 4989
0.394347 4931
0.395822 47
0.397514 97
0.401948 75
0.406334 4919
0.41245 4939
0.415586 80
0.419733 4896
0.420012 4
0.420553 43
0.429178 18
0.431452 102
0.433114 72
0.434452 4888
0.436104 4993
0.436237 34
0.440938 90
0.442926 4913
0.454234 4967
0.463558 4958
0.469252 4929
0.471313 64
0.472486 4892
0.475079 133
0.480712 4984
0.488029 113
0.490834 119
0.493968 4901
0.494623 4964
0.500526 4968
0.500674 83
0.506274 4972
0.506429 128
0.509016 4927
0.509031 4940
0.511004 58
0.527244 4937
0.529139 56
0.531441 48
0.533617 8
0.537803 4880
0.539061 6
0.53963 4992
0.539673 9
0.55361 4909
0.554448 89
0.554516 73
0.559832 127
0.56437 4905
0.565975 87
0.568141 116
0.578603 39
0.587557 68
0.589898 51
0.610996 4986
0.616798 71
0.620003 19
0.621652 106
0.626736 4904
0.632155 4951
0.635233 38
0.651051 4902
0.655647 4950
0.655843 1
0.657295 93
0.660581 16
0.665198 4960
0.666268 78
0.668342 129
0.66951 62
0.684616 4921
0.687857 4943
0.688699 12
0.691684 74
0.693208 70
0.695575 4889
0.711064 53
0.71465 21
0.714836 66
0.715643 60
0.722089 4883
0.726787 28
0.727232 4891
0.728858 25
0.731248 84
0.736959 4887
0.74481 30
0.746846 4911
0.748845 4912
0.757914 24
0.759091 100
0.759898 49
0.777115 131
0.784552 91
0.787987 22
0.792158 121
0.793845 4917
0.794165 4988
0.794226 7
0.801908 94
0.805957 95
0.809077 59
0.809609 124
0.816783 36
0.823467 86
0.823956 26
0.826912 4953
0.828416 4920
0.830976 107
0.835807 65
0.840449 13
0.84175 111
0.842025 125
0.848542 4961
0.862209 4932
0.862751 20
0.880457 4915
0.881154 4882
0.885776 4941
0.887416 120
0.892784 4980
0.89426 4966
0.900666 4898
0.904626 4930
0.907651 4983
0.910525 4994
0.91296 4910
0.914347 4885
0.914368 27
0.915925 4955
0.923464 44
0.925078 4981
0.927188 4978
0.931649 4945
0.933527 17
0.934301 132
0.936544 4963
0.939647 122
0.948384 0.950415
0.948384 469
0.949149 3124
0.949526 0.950833
0.949719 63
0.949784 3495
0.949868 4991
0.949995 2801
2