1 2
256
0 0.251953
0.014775 2272
0.018 2368
0.019669 2409
0.021363 2243
0.021402 2211
0.023184 2251
0.029139 2234
0.034693 2237
0.04476 2240
0.046275 2188
0.054762 2241
0.056568 2199
0.061664 2310
0.06192 2340
0.064832 2414
0.073022 2281
0.076571 2286
0.07928 2337
0.081526 2313
0.082632 2200
0.083553 2282
0.085768 2335
0.089291 2301
0.093807 2190
0.10329 2419
0.108067 2312
0.113255 2421
0.113321 2303
0.123713 2356
0.12569 2207
0.129346 2191
0.133643 2370
0.133681 2279
0.140889 2308
0.143263 2242
0.145891 2343
0.147132 2221
0.155601 2176
0.166223 2351
0.176094 2324
0.179417 2217
0.179778 2387
0.180855 2300
0.184307 2404
0.191395 2422
0.195926 2350
0.200003 2360
0.201349 2390
0.206368 2354
0.215418 2371
0.218933 2381
0.226352 2329
0.227756 2227
0.230235 2292
0.238282 2327
0.240348 2332
0.241516 2178
0.241736 2260
0.248213 2204
0.249701 2334
0.253576 2413
0.254136 2323
0.256097 2374
0.257406 2369
0.257584 2326
0.257966 2384
0.258698 2277
0.260686 2344
0.263035 2259
0.264902 2391
0.267515 2205
0.267715 2392
0.270015 2325
0.275921 2411
0.278331 2256
0.288235 2285
0.297902 2389
0.29824 2177
0.301243 2229
0.302246 2271
0.302732 2410
0.306567 2382
0.309121 2395
0.309953 2299
0.311733 2248
0.313581 2186
0.316794 2358
0.320768 2330
0.321897 2249
0.324731 2318
0.327136 2328
0.333868 2321
0.334034 2420
0.342791 2270
0.34478 2263
0.347081 2175
0.348712 2357
0.351939 2193
0.352749 2385
0.352988 2319
0.357299 2198
0.361633 2247
0.364928 2341
0.365074 2376
0.372349 2366
0.374199 2262
0.378826 2224
0.379934 2255
0.381661 2352
0.381744 2278
0.381876 2305
0.386873 2230
0.387666 2268
0.388179 2306
0.390491 2225
0.400559 2362
0.401275 2233
0.402181 2195
0.408996 2218
0.410023 2179
0.418064 2408
0.418619 2220
0.427906 2346
0.434284 2353
0.434633 2181
0.434724 2212
0.442054 2363
0.444311 2219
0.456172 2291
0.462276 2203
0.468386 2423
0.478924 2293
0.481052 2264
0.490462 2235
0.498773 2398
0.499189 2208
0.501788 2375
0.512302 2280
0.512353 2320
0.51783 2331
0.524233 2377
0.525308 2336
0.530128 2333
0.531906 2183
0.533725 2428
0.542054 2361
0.545755 2304
0.546079 2342
0.5519 2197
0.552486 2364
0.55463 2244
0.556848 2216
0.558896 2226
0.559056 2287
0.568661 2315
0.569477 2405
0.569553 2425
0.572334 2372
0.573644 2258
0.573769 2348
0.58283 2231
0.583458 2288
0.593578 2257
0.595191 2269
0.596003 2298
0.600591 2294
0.60171 2397
0.604819 2383
0.610804 2407
0.623881 2394
0.62598 2245
0.639233 2424
0.641202 2427
0.643452 2254
0.648144 2388
0.654219 2274
0.656366 2349
0.657395 2406
0.664128 2416
0.669 2202
0.672521 2403
0.674194 2182
0.679509 2401
0.683684 2196
0.683837 2189
0.690107 2236
0.695339 2210
0.709242 2228
0.709477 2289
0.709979 2316
0.712021 2309
0.717853 2267
0.724433 2311
0.725944 2295
0.731955 2265
0.744377 2283
0.748556 2206
0.751799 2184
0.753541 2187
0.753552 2284
0.757816 2201
0.759391 2275
0.759471 2339
0.760173 2223
0.771724 2276
0.773763 2386
0.776412 2194
0.779424 2378
0.781769 2261
0.787011 2266
0.791838 2359
0.80114 2215
0.802492 2412
0.806877 2347
0.814 2213
0.825581 2314
0.837092 2185
0.837446 2192
0.847683 2273
0.850966 2338
0.857531 2238
0.870436 2380
0.873005 2355
0.876964 2232
0.879441 2290
0.881183 400
0.881183 4231
0.881843 143
0.882136 1855
0.882174 1807
0.882354 1892
0.882437 1500
0.882857 367
0.883285 203
0.884098 857
0.884689 1650
0.884911 894
0.884935 263
0.886112 921
0.886961 1907
0.887253 1877
0.887368 2173
0.888085 581
0.888651 1258
0.888903 210
0.889413 2426
0.889885 1307
0.88991 1073
0.890731 4877
0.890783 715
0.890992 504
0.891039 215
0.891203 2417
0.891226 957
0.891259 361
2