1 2
421
0.682664 49584
0.682668 95028
0.68267 31915
0.682672 550
0.682676 41468
0.682677 53783
0.682688 74857
0.682691 67532
0.682709 98460
0.682715 43982
0.682717 52355
0.682724 90453
0.682729 34563
0.682731 91013
0.682736 20423
0.682739 50133
0.682745 91748
0.682764 77824
0.682764 92452
0.682766 80483
0.682782 17046
0.682786 70110
0.682786 71165
0.682802 24889
0.682804 82748
0.682811 36430
0.682824 22758
0.682843 92383
0.682869 59379
0.682877 74095
0.682884 94302
0.682903 95430
0.682913 24258
0.682914 6900
0.682918 23915
0.682945 85152
0.682973 92728
0.682976 66762
0.682982 62987
0.682982 9001
0.682987 41893
0.682996 17845
0.682996 49249
0.683009 5184
0.683009 58512
0.683024 65166
0.683024 71773
0.683031 34185
0.683044 13533
0.683046 24818
0.683065 4759
0.683081 47417
0.683084 80530
0.683088 84537
0.683104 99907
0.683108 47418
0.683112 82931
0.683123 63288
0.683126 99021
0.683129 87855
0.683133 84225
0.683156 5360
0.683157 69030
0.683164 69839
0.683167 97220
0.683175 48871
0.683185 64010
0.683197 62336
0.683199 21370
0.683215 94042
0.683221 42766
0.683227 88600
0.683228 42280
0.68323 78103
0.683233 11290
0.683235 24582
0.683235 72864
0.683238 90701
0.683256 71669
0.68327 15744
0.683275 20655
0.683276 98301
0.683298 17905
0.6833 36055
0.683326 38547
0.683327 4742
0.68333 19084
0.683351 29493
0.683362 74398
0.683369 95003
0.68338 34911
0.683411 6592
0.683416 21039
0.683428 44573
0.68343 92182
0.683433 74571
0.683435 48123
0.683436 34055
0.683442 65512
0.683444 37572
0.683455 73621
0.683458 46470
0.683475 82817
0.683486 100283
0.683486 101283
0.683503 71351
0.683526 51810
0.683537 75623
0.683541 96382
0.68355 37639
0.683553 1286
0.683558 46402
0.683596 85633
0.683598 93046
0.683601 22231
0.683613 54961
0.683614 88655
0.683618 12422
0.683627 10988
0.683638 10050
0.683645 58724
0.683651 41886
0.683661 43867
0.683667 51383
0.683671 50192
0.683673 22506
0.683673 46530
0.683684 2196
0.683688 19231
0.683701 84662
0.683707 95425
0.683731 89305
0.683782 34807
0.683789 52517
0.683805 44914
0.683811 4537
0.683812 53951
0.683825 578
0.683837 21447
0.683837 2189
0.683853 79223
0.683854 24007
0.683858 60784
0.683869 79293
0.683875 31261
0.683886 54839
0.683887 40150
0.683894 33079
0.683896 47873
0.6839 39067
0.683902 55246
0.683906 29976
0.68391 97336
0.683919 3582
0.683946 25454
0.683947 8026
0.68395 72121
0.683964 59161
0.683967 80639
0.683967 89634
0.683982 25914
0.684013 44183
0.684044 48582
0.684064 85740
0.684083 6682
0.684113 77005
0.684125 29934
0.684133 39577
0.684136 966
0.684138 77389
0.684141 59021
0.684146 7428
0.684166 83152
0.684174 65968
0.684207 48473
0.684214 50129
0.684226 41451
0.684241 98529
0.684243 30763
0.684261 58010
0.68429 63870
0.684309 60671
0.684316 45626
0.684325 61245
0.684327 26394
0.684349 12296
0.684353 85078
0.684356 17441
0.684363 38175
0.684374 78396
0.684383 78552
0.684392 6773
0.684401 61429
0.684424 86459
0.684439 77718
0.684443 84466
0.684444 48455
0.684448 23492
0.684449 99542
0.684451 53818
0.684454 65841
0.684463 22284
0.684473 73290
0.684484 76113
0.684501 73927
0.684502 23699
0.684513 65707
0.684564 4540
0.684578 86938
0.684586 13552
0.684591 83496
0.684607 74356
0.684613 3319
0.684616 4921
0.684621 40968
0.684638 61993
0.684638 95265
0.684644 81984
0.684654 79400
0.684665 61641
0.684691 93819
0.684692 61523
0.684721 3880
0.684727 99358
0.684757 21529
0.684762 79362
0.684765 6182
0.684779 14119
0.684803 99609
0.684805 25283
0.68481 19109
0.68481 31690
0.684814 85424
0.684818 34754
0.684821 85243
0.684822 12216
0.684822 37231
0.684826 543
0.684832 53248
0.684839 35027
0.684851 5203
0.684856 18520
0.684858 3906
0.684883 37259
0.684884 82109
0.684891 61858
0.684901 30228
0.684907 21697
0.684925 50189
0.684929 12340
0.684938 69859
0.684966 87490
0.684974 61737
0.684976 13466
0.684981 89799
0.684984 75704
0.685009 19615
0.685009 77870
0.685015 14164
0.685017 26685
0.685024 16255
0.68503 42995
0.685039 35888
0.685047 100324
0.685047 101324
0.685051 3005
0.685073 69612
0.685082 93155
0.685085 45837
0.685105 27855
0.685136 79817
0.685142 100527
0.685142 101527
0.685154 11686
0.685163 21507
0.685168 93600
0.685174 96155
0.685188 73532
0.685189 79683
0.685198 41328
0.685199 88059
0.685203 17059
0.685209 71523
0.685229 48744
0.685252 65967
0.685259 97794
0.685286 91464
0.6853 28964
0.685307 24065
0.68531 87181
0.685343 8183
0.685352 85781
0.685358 687
0.685358 83963
0.685364 35285
0.68538 19223
0.68538 74064
0.685391 90654
0.685397 93125
0.68541 56520
0.685437 80628
0.68544 23693
0.685449 49785
0.685459 84016
0.685475 14116
0.685491 23842
0.685495 35066
0.685499 36407
0.685513 93927
0.685523 82279
0.685524 10939
0.68553 36204
0.685535 80754
0.685536 54445
0.685546 84174
0.685565 20142
0.685586 45084
0.685589 45829
0.685593 83786
0.685594 99712
0.685596 40867
0.685601 20923
0.685614 33941
0.685631 32153
0.685654 76825
0.685658 50250
0.68568 98281
0.685728 79635
0.685746 54792
0.68575 66679
0.685788 27761
0.685789 77900
0.685789 93890
0.68579 70675
0.685793 5841
0.685799 81064
0.685805 73734
0.685807 59585
0.685815 4046
0.685816 58319
0.685817 4738
0.685836 2515
0.685837 66181
0.685875 51859
0.685887 26463
0.68592 78636
0.685921 42916
0.685924 85962
0.685927 62476
0.685931 10875
0.68595 90545
0.685958 78026
0.685969 8660
0.685988 6464
0.685998 20075
0.686003 63376
0.686005 48076
0.68601 80394
0.686018 40924
0.686026 70652
0.686033 38508
0.686053 25425
0.686073 20348
0.686085 79912
0.686106 85497
0.686107 49267
0.686115 56377
0.686133 53434
0.686147 25489
0.686153 95358
0.686158 83275
0.686206 92343
0.686213 3809
0.686224 3823
0.686224 685
0.68623 19004
0.686254 45477
0.686254 94542
0.68626 36453
0.686272 4640
0.686276 89316
0.68629 72168
0.686305 29190
0.686305 95143
0.686324 40118
0.686329 46520
0.686343 97067
0.686344 57020
0.686345 51607
0.68635 31107
0.686353 18819
0.686362 33851
0.686369 28327
0.686376 87094
0.686424 32932
0.686446 78600
0.686451 14449
0.686457 20523
0.686457 42440
0.686467 13037
0.686469 9186
0.686489 58015
0.686491 52218
0.686495 90425
0.686511 18341
0.686514 51815
0.686524 30225
0.686545 69844
0.686548 59475
0.68656 37367
0.686561 64811
0.686572 48597
0.686588 4514
0.686597 93889
0.68661 78629
0.686616 46718
0.686628 44738
0.686633 20465
0.686641 70839
0.686652 75197
0.686653 36652
184 175