1 2
373
0.848899 52436
0.848906 48029
0.848917 27089
0.848923 87045
0.848953 99376
0.848956 68078
0.849007 24188
0.84901 42950
0.849019 4500
0.849025 98242
0.849027 27449
0.849028 17158
0.84907 20728
0.849079 50064
0.849089 8024
0.84909 38079
0.84909 53650
0.849095 88694
0.849098 65822
0.849135 96945
0.849136 20991
0.849136 27699
0.849138 46841
0.849142 22381
0.849143 98854
0.849145 64904
0.849173 26341
0.849187 98489
0.849189 71694
0.849193 79877
0.849196 76009
0.849218 15202
0.849225 93364
0.849228 35860
0.849231 76933
0.849249 879
0.849251 23166
0.849257 81245
0.849285 37817
0.849305 3741
0.849314 55713
0.849316 19171
0.849322 78139
0.849351 27811
0.849355 48190
0.849382 5076
0.849396 39823
0.849414 80927
0.849422 95561
0.849424 94505
0.849431 46185
0.849445 70454
0.849464 33037
0.849467 92289
0.849483 57930
0.849486 34621
0.849491 28449
0.849515 65297
0.849516 94166
0.849517 95435
0.849519 73156
0.84953 38703
0.849565 22472
0.849569 18195
0.849593 95199
0.849596 78718
0.849607 58646
0.849608 10544
0.849616 21311
0.849619 99443
0.849632 56021
0.849668 85089
0.849679 86790
0.84968 76840
0.849695 89448
0.849707 95860
0.849728 91438
0.849749 40833
0.849764 7543
0.849769 45237
0.849779 32577
0.849784 34157
0.849792 81549
0.849794 65362
0.849795 80844
0.84981 15132
0.84982 48222
0.849822 14754
0.849825 53589
0.849826 29698
0.84983 99849
0.849835 83787
0.849836 69236
0.849854 56725
0.849859 14994
0.849874 95974
0.849876 41926
0.849882 69569
0.849884 49696
0.849889 360
0.849892 20924
0.84991 54030
0.84992 18622
0.849942 54756
0.849946 51451
0.849963 97856
0.849976 71038
0.84998 80947
0.850002 38899
0.850004 19612
0.850021 7496
0.850026 76583
0.850029 80665
0.85004 33578
0.85004 49058
0.850053 28024
0.850071 22394
0.850103 97797
0.850111 77349
0.850122 52024
0.850125 58112
0.850144 32832
0.850146 1548
0.850154 42742
0.850169 70739
0.850174 18406
0.850191 62042
0.850193 3958
0.850198 36653
0.850206 34231
0.850229 63066
0.850233 12665
0.850235 84660
0.850252 88093
0.850277 42567
0.85029 84071
0.8503 49781
0.850301 88295
0.850303 20964
0.850315 50485
0.850316 90362
0.850337 31404
0.850343 71525
0.850372 64276
0.850402 65288
0.850408 26643
0.850411 70378
0.850411 70930
0.850412 32188
0.850416 30912
0.850432 12280
0.850439 9947
0.850444 22625
0.850454 10565
0.850455 25901
0.850457 57120
0.850497 83381
0.850514 16811
0.850525 62873
0.850531 15861
0.850532 80175
0.850539 96471
0.850562 22403
0.850578 73154
0.850583 63452
0.850592 48672
0.850615 47932
0.850628 15552
0.850631 861
0.850647 48022
0.850656 68208
0.850671 48510
0.850692 67352
0.8507 59633
0.850702 27422
0.850713 23429
0.850716 64074
0.850732 34950
0.850751 13134
0.850757 8255
0.850771 78798
0.850789 45555
0.850801 35552
0.850813 83119
0.850814 23244
0.850824 95788
0.85083 63652
0.850844 39028
0.850848 85111
0.850851 36528
0.85086 83871
0.850876 90450
0.850882 41338
0.850884 21945
0.850891 5090
0.850913 61304
0.850928 88444
0.85093 77131
0.850937 39915
0.850954 95446
0.850955 93844
0.850956 2090
0.850956 59313
0.850966 2338
0.850975 41781
0.850975 64065
0.850976 92601
0.850993 3916
0.851 11102
0.851018 31605
0.851024 38017
0.851055 60988
0.851066 87654
0.851076 56930
0.851083 25362
0.851095 36742
0.851108 97907
0.851135 24961
0.851156 28344
0.851162 29567
0.851169 57758
0.851199 10705
0.851202 1163
0.851204 76750
0.851223 7593
0.851232 25906
0.851256 95212
0.851263 69890
0.851266 92961
0.851268 65270
0.851302 14926
0.851305 38836
0.851305 68901
0.851334 33054
0.851335 59102
0.851345 27696
0.851364 33474
0.851368 39191
0.85137 57014
0.851375 99875
0.851384 24914
0.8514 91696
0.851408 9041
0.851419 97918
0.851421 25010
0.85144 68955
0.851444 94894
0.851446 88514
0.851454 90295
0.851457 11733
0.851464 53092
0.851469 9131
0.851472 7606
0.851483 23026
0.851497 79831
0.851507 86811
0.851519 7662
0.85153 94623
0.851538 96612
0.851551 64800
0.851575 24186
0.851613 40499
0.851614 96053
0.851615 60954
0.851622 87949
0.851634 69530
0.851636 89673
0.85164 44182
0.851676 55206
0.851688 36757
0.851688 92913
0.851702 35137
0.851713 56206
0.851717 67822
0.851741 63401
0.851746 66048
0.851747 53369
0.851781 85253
0.851797 10498
0.851797 77736
0.851811 78525
0.851817 63468
0.85182 44879
0.85182 60657
0.851863 97056
0.851869 37477
0.851881 26988
0.851913 44734
0.851925 19248
0.851939 53807
0.851948 78272
0.851953 49543
0.851958 94918
0.851959 52926
0.851972 45121
0.851987 53175
0.85199 85704
0.851998 64239
0.852007 87882
0.85201 36579
0.852012 67960
0.852012 74820
0.852014 20536
0.852014 40493
0.852017 78242
0.852035 30413
0.852085 98923
0.852091 25466
0.8521 62927
0.852104 90504
0.852108 1020
0.852108 73487
0.852136 27966
0.852138 54959
0.852143 39497
0.852178 39274
0.852178 57381
0.85218 63846
0.852194 23487
0.852194 62329
0.852206 13872
0.852239 41879
0.852249 42095
0.852251 88687
0.852255 26757
0.852278 66829
0.852293 11096
0.852294 54492
0.852299 36717
0.852302 65321
0.852305 61197
0.852322 66304
0.852346 73578
0.852363 13974
0.8524 83879
0.852432 82945
0.852437 56714
0.85244 29224
0.852441 45043
0.852453 47290
0.852463 61963
0.852472 45743
0.852497 39466
0.852506 73117
0.852513 49888
0.852538 12840
0.852566 15482
0.85258 65067
0.85259 42431
0.852595 9983
0.852599 73553
0.852609 30625
0.852642 60449
0.852669 45602
0.852669 82713
0.85267 71272
0.852676 90662
0.85269 14486
0.852712 98508
0.852738 74125
0.852741 74915
0.852752 79483
0.852778 47021
0.852787 25450
0.852791 434
0.852807 89608
0.852814 32626
0.852838 65348
0.85284 29827
0.852857 67756
0.852864 330
0.852891 60762
0.852894 46920
195 221