1 2
385
0.050792 43656
0.050794 60304
0.050811 86908
0.050814 85246
0.050824 39010
0.050825 41674
0.050844 91001
0.050849 25831
0.050866 49034
0.050896 63451
0.050914 43242
0.050933 92578
0.050941 35577
0.050945 24609
0.050966 89343
0.050982 37595
0.050987 3690
0.051012 71608
0.051014 15054
0.051016 402
0.051024 91257
0.051025 36431
0.05103 5931
0.051036 43788
0.051059 1983
0.051077 59396
0.051088 84120
0.05109 27712
0.051102 46592
0.051111 17780
0.051111 44166
0.051116 71978
0.051128 33769
0.05113 42749
0.051136 97375
0.051163 26078
0.051163 60567
0.05119 77103
0.051196 69704
0.051206 97312
0.051208 84455
0.051217 65698
0.051234 54440
0.051244 19167
0.051249 14013
0.051264 62302
0.051267 30366
0.051275 25205
0.051281 91054
0.051282 78844
0.051286 26951
0.051287 29168
0.051319 25116
0.051324 24273
0.051345 24982
0.051367 30163
0.05138 11299
0.051382 31652
0.051403 85402
0.051408 50197
0.05142 99614
0.051435 45276
0.051438 91405
0.05144 92517
0.05145 20282
0.051453 63485
0.051476 89237
0.051485 64136
0.051528 47880
0.05156 84611
0.051568 33
0.051576 7186
0.051589 86670
0.051606 59330
0.051617 81137
0.05164 43985
0.051648 92360
0.051655 72805
0.051663 16242
0.051669 7142
0.051676 97820
0.051677 35895
0.05169 58117
0.051692 89077
0.051693 43258
0.051698 43510
0.051715 6521
0.05174 1805
0.051743 66461
0.05176 41455
0.051767 31097
0.051769 32397
0.051773 62633
0.051775 41557
0.051804 5912
0.051807 85008
0.05182 84948
0.051832 52095
0.051837 52350
0.051838 41821
0.051845 21119
0.051849 65630
0.051853 40356
0.051855 1200
0.051857 45798
0.051861 77491
0.051864 93079
0.051865 46078
0.05188 9075
0.051885 46983
0.051885 65734
0.051907 19532
0.051945 55991
0.051956 42627
0.051959 41908
0.051969 4304
0.051995 54001
0.052022 43285
0.052035 79703
0.052042 86403
0.052056 83669
0.052059 85666
0.052062 24796
0.052083 71354
0.052087 80228
0.052099 29512
0.052101 68451
0.052117 69157
0.052138 28088
0.052151 64687
0.052156 52003
0.052174 86035
0.052188 79473
0.052191 14074
0.052192 80739
0.052194 17248
0.052207 34694
0.052237 25383
0.052254 51944
0.052255 28511
0.052255 79059
0.052259 77445
0.05227 59539
0.052277 23990
0.052278 96672
0.052293 58532
0.052297 38769
0.052304 7766
0.05232 77694
0.052324 42931
0.052334 70831
0.052341 1971
0.052342 30222
0.052349 51038
0.052362 43384
0.052362 8277
0.052363 22644
0.052367 95623
0.052397 95990
0.052399 62850
0.052419 63650
0.05242 95625
0.052429 66970
0.052431 68658
0.052435 33422
0.052435 66140
0.052456 7689
0.052466 98976
0.052482 25864
0.052491 34462
0.052495 60633
0.052501 81179
0.05251 81511
0.052512 1158
0.052516 78591
0.052518 31843
0.052538 3838
0.052543 90786
0.052545 75065
0.052558 37347
0.052583 92019
0.052592 9909
0.0526 96735
0.052606 55764
0.052615 55051
0.052624 11153
0.05263 24801
0.05263 71805
0.052663 1653
0.052673 63930
0.052685 10721
0.052693 66268
0.052695 49137
0.052708 27709
0.052731 96792
0.052747 36820
0.052749 36954
0.052753 32836
0.052765 56904
0.052785 48795
0.052792 48329
0.0528 23374
0.052808 13914
0.052811 75554
0.052826 4583
0.052833 50229
0.052848 88860
0.052851 42224
0.052858 54002
0.052867 99259
0.052868 9993
0.052877 4161
0.052903 66793
0.052905 72858
0.052921 14082
0.052938 51365
0.052954 52658
0.052964 56918
0.052973 79524
0.053004 35388
0.05301 57169
0.053016 94606
0.053039 56486
0.053069 42554
0.053075 2741
0.053075 40469
0.053083 62278
0.053085 33650
0.053104 35633
0.053107 95036
0.053117 13786
0.05312 57897
0.053135 54051
0.053162 64910
0.053171 2676
0.053174 38611
0.053191 25621
0.053204 88958
0.053215 32341
0.053221 11501
0.053222 43478
0.053242 87679
0.053243 9879
0.053249 97900
0.053252 76476
0.053256 96559
0.053261 52815
0.053263 93231
0.053267 67026
0.053267 85153
0.053282 48602
0.053315 19740
0.053342 61090
0.053345 77588
0.053384 48367
0.053404 484
0.053406 18106
0.053407 68654
0.05343 54570
0.05343 75952
0.053445 41709
0.053452 66979
0.053453 69227
0.053459 53304
0.053462 27602
0.053491 92447
0.053496 48992
0.053507 5385
0.053509 86644
0.053523 60915
0.053552 45720
0.053562 22132
0.053565 72780
0.053586 24679
0.053588 95150
0.053613 18933
0.053629 61129
0.053632 13166
0.05364 54641
0.053654 26978
0.053658 8986
0.053711 97387
0.053714 83641
0.053726 10032
0.053731 24643
0.053735 93706
0.05374 43697
0.053742 97037
0.053763 46127
0.053765 88811
0.053779 52031
0.053794 25653
0.053794 76811
0.053797 72602
0.053802 46399
0.053808 36153
0.053815 67376
0.053817 91475
0.053827 33411
0.053828 40912
0.053834 29884
0.053864 11030
0.053868 64361
0.053875 23989
0.053878 48429
0.053898 64297
0.053908 30268
0.053912 35356
0.05392 20390
0.053935 21797
0.053941 29172
0.05395 17959
0.053961 4343
0.05397 86256
0.053971 36700
0.053971 90046
0.053973 270
0.053982 23963
0.054006 54305
0.05402 55324
0.054038 60770
0.05406 98179
0.054066 52224
0.054076 123
0.054096 58150
0.054135 22577
0.054143 71635
0.054146 39452
0.054148 74646
0.054163 90710
0.054173 65640
0.054176 53394
0.054185 78579
0.054193 88822
0.0542 42865
0.0542 69499
0.054207 95890
0.054261 5415
0.054264 33582
0.054266 27680
0.054271 1872
0.054285 78649
0.054287 61507
0.054293 2649
0.054296 41556
0.054303 50127
0.054314 75706
0.054328 42772
0.05434 73524
0.054345 14249
0.054353 71511
0.054365 22576
0.054366 33746
0.054387 18427
0.054389 45821
0.054394 58144
0.054429 15632
0.054429 70749
0.054447 74113
0.054453 64755
0.054456 59926
0.054478 73287
0.054492 35999
0.054509 95086
0.05451 41302
0.054525 1364
0.054542 15110
0.054567 69436
0.054573 860
0.054576 19182
0.054592 14487
0.054598 81068
0.0546 63095
0.054619 34424
0.05462 64409
0.054643 42580
0.054649 97314
0.054652 67443
0.054658 12968
0.054669 81532
0.054671 35596
0.054678 43255
0.054706 12767
0.054716 73305
0.054718 89504
198 185