1 2
377
0.775416 10640
0.775416 25668
0.775416 91244
0.775438 46871
0.775441 56700
0.775443 91647
0.775447 40664
0.775474 42541
0.775475 73915
0.775476 92187
0.775486 16986
0.77549 36571
0.77549 56676
0.775493 1040
0.775528 69001
0.77554 51236
0.775546 13178
0.775549 90672
0.775551 10531
0.775556 33265
0.775573 40388
0.775577 63238
0.775588 47124
0.775597 5283
0.775597 5728
0.775605 8450
0.775606 59775
0.775609 8173
0.775635 29981
0.775635 490
0.775636 59143
0.775637 30708
0.775648 48227
0.775659 12941
0.77566 92322
0.77567 57522
0.775678 48185
0.77568 61430
0.775697 87501
0.775698 26039
0.775698 90380
0.775705 50697
0.775714 26738
0.775719 36309
0.77572 82303
0.775734 9115
0.775758 80854
0.775768 25884
0.775784 43857
0.775792 2135
0.775807 33402
0.775813 43163
0.775852 41666
0.775873 27979
0.775893 89064
0.775907 88508
0.775936 214
0.775946 57574
0.775958 5616
0.775966 28291
0.775976 63808
0.77598 1142
0.775997 77304
0.776022 49729
0.776028 73677
0.776044 99319
0.776054 78497
0.776056 98079
0.77608 65611
0.776088 16941
0.776089 63135
0.776091 33342
0.776107 43151
0.776107 7179
0.776113 35814
0.776127 75277
0.776128 40065
0.776129 52437
0.776132 53072
0.776145 93328
0.776161 34765
0.776179 53944
0.776186 71586
0.77619 48681
0.776202 25606
0.776207 88901
0.776216 23123
0.77623 19567
0.776242 78707
0.776246 11344
0.776271 42809
0.776289 6783
0.776301 25838
0.77631 53306
0.776315 54266
0.776324 82866
0.776335 15959
0.776367 35894
0.776383 9179
0.776389 11915
0.77639 78536
0.776402 27225
0.776406 49581
0.77641 90665
0.776412 2194
0.776427 8283
0.776439 98945
0.776467 19075
0.776472 59755
0.77649 2112
0.776494 85065
0.776504 21264
0.776519 24886
0.776535 15757
0.776546 85199
0.77656 34984
0.776562 41863
0.776592 27788
0.776597 49565
0.776601 90686
0.776607 57108
0.776614 9682
0.776621 8509
0.776622 23389
0.776624 13110
0.776633 98850
0.776638 47713
0.776638 60036
0.776645 92143
0.776649 13161
0.776652 41205
0.776652 99779
0.776669 98033
0.776683 96871
0.776695 27485
0.776714 11787
0.776717 95732
0.77672 35597
0.776746 19240
0.776757 89933
0.77676 15689
0.776771 81946
0.776784 28637
0.776784 58435
0.776793 17831
0.776795 41251
0.776805 15483
0.776816 55984
0.776828 97514
0.776832 5575
0.776854 91776
0.776856 36782
0.776865 56367
0.776877 7546
0.776882 41736
0.776894 43273
0.776894 50263
0.776898 1380
0.7769 67314
0.776907 91773
0.77693 43458
0.776933 58267
0.776943 72793
0.776947 40411
0.776951 38253
0.776973 57052
0.777014 7701
0.777037 64511
0.777042 21783
0.777047 57580
0.777048 40239
0.777055 23062
0.777066 91753
0.777095 41791
0.777115 131
0.777125 36531
0.777157 15640
0.777165 24837
0.777172 19384
0.777176 78002
0.777186 1168
0.777194 75286
0.777203 73762
0.777216 64697
0.777232 21597
0.777241 73583
0.777245 27203
0.777264 48433
0.777265 46533
0.777274 46311
0.777283 52271
0.777285 2845
0.777286 91522
0.777315 81478
0.777323 37985
0.777334 43011
0.777336 90215
0.777358 49993
0.777361 29677
0.777361 43433
0.777398 84194
0.777405 30954
0.777421 54949
0.777429 79611
0.777433 60752
0.777447 69301
0.777448 80079
0.777455 943
0.777466 16266
0.777468 96680
0.777498 53724
0.777499 50469
0.777544 75883
0.777545 7572
0.777551 41019
0.777556 59269
0.777558 21262
0.777558 74251
0.777574 81441
0.77758 94341
0.777614 2593
0.777614 41437
0.777618 61127
0.777631 76799
0.777635 6502
0.77766 58424
0.77768 46615
0.777693 92461
0.777702 72852
0.777713 65351
0.777715 85939
0.777719 28989
0.777719 67540
0.777735 51034
0.777744 16435
0.777772 91030
0.777777 98809
0.777779 82646
0.777799 38283
0.777819 14352
0.777839 8746
0.777856 83148
0.777863 3081
0.777867 57802
0.777889 24650
0.777894 40718
0.777912 17239
0.777926 86263
0.777932 90561
0.777934 50813
0.777941 75071
0.777942 3334
0.777951 60291
0.777982 72395
0.778011 89878
0.778015 62309
0.778018 33198
0.778028 90506
0.778029 83912
0.778033 5343
0.778036 39933
0.778042 67059
0.778052 32003
0.778065 14251
0.778065 53728
0.778106 77726
0.778111 85787
0.778127 88462
0.778143 90920
0.778153 22462
0.778154 3231
0.778155 93673
0.778158 20271
0.778195 52489
0.778202 64558
0.77821 93281
0.77821 99492
0.778213 84654
0.778218 69836
0.77822 14983
0.778229 10282
0.778242 1681
0.778265 53768
0.778269 56093
0.778275 17580
0.778293 77122
0.778307 25705
0.778308 48293
0.778316 19633
0.778323 95184
0.778325 92176
0.778327 87308
0.778335 8521
0.77836 53517
0.77837 76083
0.778375 59596
0.778376 91398
0.778389 55808
0.778391 83545
0.778391 95353
0.778412 92076
0.778449 65460
0.778478 94741
0.778497 40928
0.778505 73192
0.778555 99885
0.778562 19792
0.778571 11075
0.778572 69749
0.778578 56944
0.778588 89144
0.778594 18852
0.77862 34910
0.778627 40209
0.778641 33005
0.778657 59767
0.77866 44910
0.778689 65842
0.778708 83370
0.778725 18157
0.778739 41128
0.77879 44296
0.778798 54079
0.778808 53173
0.778808 75646
0.778817 47211
0.778822 67282
0.778852 42793
0.778863 5937
0.778882 56950
0.778885 52911
0.778927 47324
0.778928 94484
0.778937 40707
0.778943 62641
0.778972 55140
0.778978 66954
0.77899 50080
0.779 54740
0.77902 36210
0.77906 36158
0.779064 78060
0.779065 88173
0.779071 46396
0.77909 82604
0.77912 14209
0.779125 34642
0.779136 23580
0.779152 15741
0.779157 30211
0.779174 95497
0.779188 72637
0.779199 18812
0.779201 66710
0.779203 35411
0.779213 99853
0.779238 78972
0.779264 83414
0.779278 97204
0.779283 51867
0.779285 31030
0.779316 85074
0.779337 30886
0.779341 14470
0.779361 71371
0.779368 41568
0.77937 99339
0.779403 87752
0.779413 32096
0.779416 74927
0.779417 81151
0.779424 2378
0.779434 29216
0.77944 78461
0.779449 60237
0.779456 3348
0.779457 35307
239 209