1 2
386
0.895727 64290
0.895728 48824
0.895732 79566
0.895736 22783
0.895746 14064
0.89577 78988
0.895778 44597
0.895786 10088
0.89579 29611
0.895793 6226
0.895799 84961
0.895806 29576
0.895817 6924
0.895824 32879
0.895833 14510
0.895841 57474
0.895845 92884
0.895852 96503
0.895863 81937
0.895891 99600
0.895892 58190
0.895917 27323
0.89592 68723
0.895928 4616
0.895931 87473
0.895933 66398
0.895934 72651
0.895937 35730
0.895957 90676
0.896002 55456
0.896003 82759
0.896014 92022
0.896025 44624
0.896027 29595
0.896034 90309
0.89604 21631
0.89604 27064
0.896044 36440
0.896063 22753
0.896065 21480
0.896075 795
0.896088 17883
0.896091 45080
0.896092 49441
0.896099 50662
0.896103 48441
0.896106 89624
0.896112 70393
0.89612 61980
0.896141 11163
0.896143 84538
0.89615 53570
0.896154 48567
0.896179 49939
0.8962 58078
0.896208 75914
0.896209 54733
0.896233 94518
0.896236 89816
0.89624 2399
0.896253 98694
0.896266 63656
0.896285 68045
0.896303 9767
0.89631 43582
0.896325 28276
0.896345 42628
0.896355 53308
0.896357 55466
0.896378 83239
0.896387 33958
0.89639 84137
0.896405 28269
0.896412 16336
0.896417 9211
0.896429 95900
0.896431 11010
0.896434 1877
0.896437 27218
0.896437 54186
0.896457 82254
0.89646 23094
0.896548 31613
0.896566 100229
0.896567 81759
0.89657 95678
0.896577 907
0.896587 87491
0.8966 46755
0.896606 34227
0.896632 18983
0.896634 49513
0.896641 84975
0.896652 28322
0.896659 9721
0.896671 37652
0.896703 76135
0.89672 62130
0.896728 14051
0.896763 48431
0.896773 39300
0.896778 99834
0.89678 99844
0.896787 5674
0.896803 90524
0.896807 39710
0.89681 94477
0.896815 72482
0.896826 50673
0.896842 93857
0.896854 13910
0.896856 38065
0.89686 23496
0.896868 72346
0.896904 10164
0.896907 37515
0.896931 71040
0.896941 91318
0.896949 3165
0.896973 56866
0.896977 70796
0.896981 11846
0.896983 73885
0.896993 45945
0.897036 10583
0.897038 78427
0.897078 3616
0.89709 12946
0.897093 27065
0.897095 73622
0.897103 7475
0.897123 98669
0.897127 50449
0.897127 87866
0.897151 63113
0.897178 38462
0.897188 14275
0.897195 93945
0.897214 88072
0.897218 44673
0.897225 71192
0.897252 79727
0.897255 6594
0.897259 68813
0.89726 13891
0.897288 33315
0.897294 99537
0.897318 100511
0.897319 30372
0.897329 49505
0.897355 52906
0.897364 39340
0.897366 89446
0.897377 82651
0.89738 68256
0.89738 88160
0.897421 28722
0.897423 16855
0.897434 35696
0.897437 92416
0.897443 56498
0.897468 64773
0.897475 54264
0.897484 86034
0.897496 63078
0.897501 44442
0.897526 37227
0.897537 56599
0.89754 43145
0.897557 59389
0.897561 25051
0.897566 10222
0.897584 53264
0.897585 73563
0.897592 61754
0.897593 84641
0.897595 13492
0.897619 16389
0.897622 4794
0.897632 82196
0.897661 44356
0.897665 13153
0.897674 60220
0.897686 59347
0.897704 29418
0.897706 27223
0.897709 24900
0.897709 55017
0.897717 91114
0.897718 71653
0.897723 63680
0.897738 37137
0.897745 21578
0.897765 42023
0.897767 13808
0.897771 97523
0.897797 2452
0.897803 99900
0.897806 7160
0.897811 55231
0.897814 84410
0.897817 6823
0.897826 78721
0.89783 1089
0.897843 24632
0.897843 65319
0.897848 13743
0.897861 28021
0.897906 62644
0.897925 1228
0.897927 46977
0.89793 51356
0.897933 61794
0.897936 38504
0.89794 69244
0.897951 80532
0.897955 62673
0.897957 26915
0.897957 44776
0.897958 55725
0.897958 72216
0.897966 88083
0.897969 73584
0.897971 11762
0.897981 29366
0.897996 43280
0.897997 11812
0.898 31617
0.898027 63811
0.898034 69424
0.898054 41230
0.898054 66700
0.898067 54736
0.898098 12194
0.898102 3590
0.898115 11230
0.898119 2438
0.89813 34068
0.898145 45457
0.898166 5533
0.898171 25755
0.898175 35170
0.898177 73725
0.898187 35248
0.898187 93221
0.898194 99337
0.898211 2720
0.898217 63818
0.898222 94560
0.898223 49579
0.898223 72915
0.898228 89792
0.898237 75037
0.898243 22208
0.898268 99721
0.898282 30215
0.898284 95344
0.898293 59507
0.898303 45515
0.898324 71345
0.898325 12270
0.898329 46724
0.898332 55027
0.89834 92838
0.898341 84419
0.898343 98313
0.898375 1515
0.898375 64909
0.898389 60987
0.898401 62328
0.898403 90487
0.898416 86146
0.898433 9526
0.89844 14966
0.898443 47017
0.898473 74030
0.898475 7019
0.898501 64534
0.898503 69934
0.898508 41226
0.898521 92241
0.89854 9865
0.898546 15156
0.898546 57220
0.898554 7938
0.898557 76992
0.898561 87516
0.898575 87364
0.898581 59167
0.898584 80942
0.898595 233
0.898608 45712
0.898614 49982
0.89862 2043
0.898636 2180
0.89865 87634
0.898654 45979
0.898656 52949
0.898658 54448
0.898662 60901
0.898667 78864
0.898678 73072
0.898679 87436
0.898686 78343
0.898691 63270
0.898715 28114
0.898717 44453
0.898721 81821
0.898723 88141
0.898725 1978
0.898727 64707
0.898733 21347
0.898735 8282
0.898753 69014
0.898774 20557
0.89878 38610
0.898793 73919
0.898803 48448
0.898803 63793
0.898813 45479
0.89883 60456
0.898843 84524
0.898847 1964
0.898849 74430
0.898867 56187
0.898882 32180
0.898898 20226
0.898904 62340
0.898911 62220
0.898913 90179
0.898916 97479
0.898928 26842
0.89893 78982
0.898931 37493
0.898975 58354
0.898981 99628
0.89899 19890
0.898993 33574
0.898999 55120
0.899012 92969
0.899017 61957
0.899033 87041
0.899035 56404
0.899038 51695
0.899043 57709
0.899053 30404
0.899055 297
0.89906 57667
0.89906 89295
0.899074 99531
0.899079 48807
0.899087 22796
0.899099 18486
0.899105 90199
0.89911 70094
0.899115 25367
0.899146 72956
0.899162 18836
0.899192 38561
0.899195 48698
0.899218 12080
0.899218 2909
0.899224 89438
0.899238 73196
0.899243 66072
0.89925 47760
0.899279 67099
0.899288 60298
0.899293 73920
0.899307 40738
0.899315 48014
0.899339 70651
0.899348 16710
0.89935 65306
0.899374 12906
0.899374 24310
0.899376 69705
0.89938 12448
0.899386 70640
0.899393 57505
0.899412 22706
0.899423 36228
0.899437 10452
0.899444 4209
0.899451 39061
0.899461 52365
230 188