1 2
449
0.019068 46862
0.019071 70568
0.019071 83178
0.019086 52492
0.019087 23125
0.019091 9220
0.019093 75657
0.019094 13814
0.019098 9776
0.019101 47167
0.019114 57112
0.019126 72582
0.019131 66322
0.019134 47725
0.019156 84779
0.019157 77927
0.019173 49383
0.019173 8615
0.019176 99367
0.019178 99975
0.01919 53567
0.019191 1256
0.019199 89762
0.019201 86114
0.019202 42585
0.019207 100533
0.01926 99760
0.01927 48389
0.019301 84072
0.019303 64076
0.019308 52338
0.019333 91691
0.01934 3507
0.019342 59714
0.019357 26896
0.019358 14680
0.019361 61342
0.019371 7927
0.019389 84770
0.019401 9946
0.019417 68663
0.01942 56882
0.019429 63966
0.019445 52175
0.019466 99932
0.019472 9913
0.019476 64861
0.01948 85575
0.019511 4924
0.019517 20352
0.019529 22346
0.01954 30239
0.019555 6639
0.019556 13163
0.019575 28766
0.019582 28768
0.019582 76808
0.019584 88576
0.019629 94333
0.019669 2409
0.019674 5867
0.01968 52285
0.019684 6959
0.019702 43988
0.019711 61267
0.019722 58748
0.019736 62970
0.019743 34027
0.019769 43212
0.01977 58395
0.01979 30969
0.019803 39994
0.019812 77544
0.019842 60490
0.019845 78928
0.019846 52193
0.019848 37819
0.019848 49257
0.019857 86091
0.019865 80621
0.01987 22735
0.01988 56939
0.019893 50887
0.019901 89495
0.019905 42419
0.019921 22133
0.019921 8236
0.019939 60140
0.019956 31695
0.019969 83092
0.02 85747
0.020004 20320
0.020012 95564
0.020012 99830
0.020018 62516
0.020024 38491
0.020046 39415
0.020048 40298
0.02006 65224
0.02006 92261
0.020064 72781
0.020068 80316
0.020077 27542
0.020092 42035
0.020095 23330
0.020098 62111
0.020101 47253
0.020129 16210
0.020143 96523
0.02015 83112
0.02017 62002
0.020174 57010
0.020174 85244
0.020177 10052
0.020192 77542
0.020205 14635
0.020215 28190
0.020226 15234
0.020231 100149
0.02025 93013
0.020271 40641
0.020271 60924
0.020276 76762
0.020288 93151
0.020292 100645
0.020303 46683
0.020306 16819
0.020309 95091
0.020312 85947
0.020315 61917
0.020328 62835
0.020342 20920
0.020363 57548
0.020378 34140
0.020379 45152
0.020392 59951
0.020407 46788
0.02041 3992
0.020412 13109
0.020414 85108
0.020417 4494
0.020427 27067
0.020463 37995
0.020467 12199
0.020485 80789
0.020492 22222
0.020495 8097
0.020496 19012
0.020501 41394
0.020505 2561
0.020515 35521
0.020516 69729
0.020519 26056
0.02052 68249
0.020521 78053
0.020533 42407
0.020548 100472
0.020556 36740
0.020559 45360
0.020571 52869
0.020574 72113
0.020577 13785
0.020585 44499
0.020603 75015
0.020608 431
0.020632 52294
0.020642 11830
0.020653 50385
0.020663 15782
0.020666 3259
0.020691 61070
0.020695 98511
0.020719 15135
0.020735 56170
0.02074 41447
0.02075 87828
0.020755 64190
0.020757 74804
0.020776 29736
0.020798 58068
0.020801 80568
0.020802 67799
0.020827 84444
0.020832 66215
0.020834 61149
0.020851 20330
0.020854 78662
0.020864 37776
0.020866 50779
0.020876 83868
0.020877 45234
0.020885 5450
0.020899 7903
0.020903 54115
0.020903 87130
0.020907 43137
0.020919 42840
0.020923 78820
0.020924 7265
0.020926 39456
0.020929 23740
0.02093 63918
0.020946 17754
0.020963 34468
0.020969 60607
0.02097 24591
0.020975 64998
0.020975 77367
0.020993 22697
0.020999 72948
0.021002 39161
0.021016 89055
0.021027 69943
0.021033 36442
0.021058 95701
0.02107 36031
0.021078 47301
0.021142 77928
0.021181 25381
0.021195 20268
0.021205 35645
0.021208 56284
0.02121 38096
0.021219 2573
0.02122 44033
0.021235 61556
0.021241 86388
0.021241 89299
0.021287 5374
0.0213 44450
0.021312 7635
0.021321 43441
0.021321 48401
0.02133 25619
0.021333 60710
0.021353 52378
0.02136 45908
0.021363 2243
0.021367 52883
0.021369 72881
0.0214 90549
0.021402 2211
0.021409 98412
0.021416 56708
0.02142 42863
0.021422 11984
0.021422 83865
0.021429 21761
0.021437 96874
0.021444 95873
0.021456 83329
0.021466 9659
0.021478 11754
0.021482 57690
0.021487 61253
0.0215 83547
0.021506 66213
0.021517 65358
0.021518 44337
0.021519 45986
0.021525 57137
0.02155 15787
0.021584 59198
0.021605 74657
0.021617 75473
0.021632 92935
0.021635 89927
0.021658 17262
0.021668 69573
0.021679 14415
0.021681 63151
0.021692 18711
0.0217 93355
0.021716 91125
0.021746 64980
0.021795 89718
0.021803 93831
0.021809 15176
0.021813 35404
0.021832 37673
0.021837 47740
0.021856 53858
0.021857 25588
0.021857 98997
0.021868 50117
0.021878 90615
0.021881 10752
0.021882 67268
0.021906 37686
0.021906 50630
0.021908 37678
0.021916 38559
0.021918 84683
0.021926 50346
0.021936 39573
0.021939 65380
0.021947 27672
0.021947 29657
0.02195 86434
0.021965 93606
0.021966 6036
0.021984 12317
0.021987 74360
0.022008 76339
0.022028 94483
0.022056 18672
0.02207 27281
0.022077 22166
0.022087 41300
0.022093 85387
0.022097 95764
0.0221 87778
0.022103 72631
0.022104 79901
0.022107 39362
0.022115 13927
0.022118 98663
0.022127 56230
0.022133 53939
0.022138 71024
0.022157 14694
0.02217 22134
0.022181 14370
0.022186 78054
0.022196 79554
0.022204 72243
0.02222 75194
0.022225 90419
0.022227 7719
0.022228 68469
0.022249 65840
0.022249 95208
0.022261 59545
0.022277 69523
0.022286 46275
0.022286 50800
0.022291 85818
0.022313 48067
0.02232 92120
0.022322 64452
0.022333 93867
0.022353 93650
0.022356 39829
0.022365 20397
0.02237 62134
0.022378 48705
0.022386 84323
0.022397 68126
0.022412 81340
0.022414 27144
0.022438 96236
0.022456 46272
0.022456 9992
0.022475 23482
0.022495 41120
0.022508 98099
0.022514 54584
0.022517 71540
0.022522 80210
0.022536 8983
0.022549 2847
0.022553 9391
0.022568 43929
0.02257 13670
0.022607 94958
0.022615 83485
0.022626 97925
0.022627 11519
0.022638 76155
0.022649 26823
0.022651 98666
0.022664 51022
0.022664 94928
0.022681 94414
0.022687 80999
0.022708 86339
0.022709 34087
0.022718 41313
0.022726 75733
0.022735 7725
0.022751 88125
0.022753 33871
0.022773 84104
0.02278 51217
0.022815 45046
0.022825 56606
0.02283 16009
0.022831 23061
0.022831 90499
0.022838 58368
0.022841 18241
0.022842 89049
0.022847 76160
0.02287 75468
0.022885 45331
0.022885 92722
0.022893 36352
0.022895 94663
0.022921 29247
0.022922 35178
0.022939 64309
0.022939 64717
0.022942 50180
0.022948 47787
0.022953 92727
0.022957 29029
0.022963 74240
0.022968 17527
0.022974 85237
0.022981 34989
0.022987 16551
0.022993 11289
0.022993 7962
0.022997 78863
0.023013 90632
0.023019 97843
0.023022 90733
0.023027 20063
0.02303 41393
0.023038 40683
0.023044 99490
0.023053 151
0.023053 45462
0.023075 65587
0.023091 96902
0.023107 59361
0.023108 81488
0.023139 3628
0.023166 25987
0.023174 11014
0.023175 71838
0.023184 2251
0.023188 66717
0.023212 6911
0.02323 41826
0.02323 49190
0.023239 47802
0.023245 40545
0.023252 90880
0.023254 20218
0.02326 67083
0.023269 98140
0.023299 32625
0.02331 30812
0.023319 94643
0.023337 14753
0.023345 18858
0.02335 57754
0.023351 66586
203 147