1 2
380
0.729673 44806
0.729673 84441
0.729675 70548
0.729683 54863
0.729685 81533
0.729693 38692
0.729699 36404
0.729703 7025
0.729713 78260
0.729752 93415
0.729773 48016
0.729775 36733
0.72978 50457
0.729812 90539
0.729822 47744
0.729832 23547
0.729847 7498
0.729859 22173
0.72986 37934
0.729888 45840
0.72989 95406
0.729896 28261
0.729898 73577
0.729902 40176
0.729915 61481
0.729921 22111
0.729935 93087
0.729951 4864
0.729984 75027
0.729991 27176
0.73 91931
0.730025 34909
0.730034 27043
0.730034 94147
0.73005 86117
0.730062 69366
0.730063 3142
0.730088 80633
0.730093 43138
0.730101 88118
0.730117 53200
0.730122 79023
0.730137 86208
0.730139 85298
0.730155 55543
0.730156 28982
0.73016 94861
0.730172 19922
0.73019 90728
0.730193 24726
0.730202 63056
0.73021 43230
0.730228 77156
0.730237 44966
0.730238 93222
0.730239 22400
0.730243 82841
0.730251 30655
0.73027 85596
0.730277 74552
0.730279 69627
0.730288 58967
0.730298 91546
0.730306 8045
0.730308 80349
0.730317 44749
0.730346 33066
0.730347 3719
0.730363 97798
0.730373 12632
0.730385 66582
0.730405 22055
0.730423 25209
0.730425 47694
0.730434 326
0.730441 67793
0.730447 17801
0.730451 51454
0.730456 24267
0.730461 50942
0.730465 5509
0.730471 27113
0.730497 44397
0.730502 23105
0.730525 36481
0.730531 80440
0.730539 26119
0.730549 62389
0.730551 14946
0.730551 17950
0.730584 62276
0.730605 44051
0.730605 80968
0.730611 26236
0.730616 93781
0.730626 2836
0.730642 99179
0.730645 87935
0.730646 17656
0.73065 58324
0.730658 18379
0.730668 39271
0.730685 94503
0.730693 3810
0.730695 45383
0.730699 98554
0.730732 51833
0.730734 43397
0.730746 17203
0.730819 41756
0.73085 89874
0.730867 48991
0.730868 47341
0.730875 71245
0.730895 57756
0.730959 97357
0.730985 47510
0.731051 75723
0.731055 68028
0.73106 92008
0.731062 23380
0.731069 94002
0.731074 96396
0.731078 7764
0.731087 67583
0.731091 29897
0.731125 43358
0.731139 37389
0.731146 97950
0.731153 9654
0.731168 9031
0.73117 20756
0.731171 75237
0.731194 68000
0.731198 69691
0.731217 81114
0.731218 7112
0.731228 43467
0.731234 84421
0.731237 73839
0.731248 84
0.731278 4453
0.731283 7680
0.731303 9679
0.731313 91113
0.731314 47769
0.731318 43224
0.731322 30717
0.731325 74583
0.731334 11802
0.731357 43217
0.731369 79962
0.731377 66079
0.731393 72515
0.731406 75267
0.731418 83364
0.731429 19572
0.731444 20517
0.731448 22333
0.731462 89492
0.731467 97258
0.731485 19208
0.731487 18093
0.731496 19402
0.731497 56134
0.73153 22123
0.73153 85693
0.731536 2798
0.731541 59317
0.731543 13519
0.731557 37266
0.731583 90451
0.731595 47294
0.731596 46517
0.731601 47849
0.731623 67859
0.731635 53833
0.731639 13191
0.731642 46191
0.731654 56566
0.731655 38813
0.731668 85039
0.731679 85067
0.731696 66609
0.731703 12717
0.731706 86983
0.731708 55870
0.731712 75530
0.73172 90444
0.731727 30987
0.731738 51724
0.731751 68008
0.731754 46117
0.731756 64748
0.731759 45625
0.731774 58418
0.731814 14792
0.731816 75926
0.731829 20037
0.731855 51531
0.731875 34247
0.731876 66536
0.73188 25493
0.73189 41536
0.731907 9140
0.731928 13662
0.731936 43617
0.73194 44592
0.731955 2265
0.731958 42473
0.731963 9226
0.731969 35775
0.731972 88592
0.731981 36084
0.731985 33458
0.731989 20702
0.731991 26983
0.731999 19836
0.732001 81138
0.732007 80259
0.732015 50925
0.732065 50257
0.732071 31782
0.732086 24658
0.732096 65644
0.732099 75387
0.732111 65278
0.732129 55965
0.732132 16373
0.732135 41310
0.732164 37928
0.732174 1326
0.732183 42656
0.732187 59966
0.732188 37127
0.732198 81914
0.732201 10992
0.732202 3044
0.732203 39158
0.732223 17577
0.732232 78426
0.732235 26487
0.732236 16770
0.732249 45691
0.73226 35856
0.732272 64961
0.732283 90119
0.732289 67625
0.732311 45770
0.732327 85169
0.732336 64489
0.732348 8355
0.732354 45137
0.732368 33589
0.732384 294
0.732411 13990
0.732411 43728
0.732411 56446
0.732414 32611
0.732421 59590
0.73243 62625
0.732436 93052
0.732452 22833
0.732494 42439
0.732505 70285
0.732505 99639
0.732508 10773
0.732513 2678
0.732516 74678
0.732556 53112
0.732582 66709
0.732587 35062
0.732594 44747
0.732596 34295
0.732607 44353
0.732611 93671
0.73262 2763
0.732629 63437
0.732634 2838
0.73268 71460
0.732695 27989
0.732709 35762
0.732709 96706
0.732717 39379
0.732719 71977
0.732721 39301
0.732722 30592
0.732733 60258
0.732737 72361
0.732757 23048
0.732785 13345
0.732801 28571
0.732802 44335
0.732803 24121
0.732816 48536
0.732824 39429
0.732843 10598
0.732846 47689
0.732881 50777
0.732883 42919
0.732884 24496
0.732897 21458
0.732901 32371
0.732902 35320
0.732902 45245
0.732925 67657
0.732933 89744
0.732934 12331
0.732934 74528
0.732947 74108
0.732968 55734
0.732976 75930
0.732977 22149
0.732993 39945
0.733021 66356
0.733029 43376
0.73303 44903
0.73303 88603
0.733032 84520
0.733036 53177
0.733036 9497
0.73304 97337
0.733047 12737
0.733064 32300
0.733065 60694
0.733067 95366
0.733069 84601
0.733106 53051
0.733107 60740
0.733109 88831
0.733116 78085
0.733175 43844
0.733188 91889
0.733201 29692
0.733209 5391
0.733215 92628
0.733222 79304
0.733225 16709
0.733236 62602
0.733246 20109
0.73327 89234
0.733294 22009
0.733296 13139
0.733304 9793
0.733318 42803
0.733354 78229
0.733368 58949
0.733374 72902
0.733377 34518
0.733406 7602
0.733406 84463
0.733409 55348
0.73341 78472
0.733411 38154
0.733422 40474
0.733432 82284
0.733434 3270
0.733438 14183
0.733448 56929
0.733448 593
0.73345 75935
0.733454 45177
0.733473 54971
0.733513 31591
0.733517 10320
0.73352 59089
0.733532 80381
0.733537 41075
0.733538 81174
0.733543 73550
0.733556 73262
0.733567 4813
0.733571 12641
0.733573 88480
0.733603 78717
0.733615 72799
0.733627 50175
0.733631 92865
0.733641 5154
0.733658 80655
153 207