1 2
401
0.422107 44852
0.422134 77222
0.422135 13014
0.422165 100750
0.422165 101750
0.422165 20715
0.422167 28061
0.42217 81895
0.422178 30128
0.422184 41454
0.422198 97779
0.422213 42341
0.422225 39143
0.422239 569
0.422255 6330
0.422258 804
0.422262 19165
0.422272 46787
0.422277 94013
0.422281 11639
0.422294 37415
0.422304 81084
0.422305 79646
0.422309 41074
0.422312 9151
0.422321 97972
0.422358 98062
0.42236 44310
0.42236 99563
0.422389 39630
0.422414 25857
0.422415 78184
0.422417 87262
0.422418 49881
0.422419 31031
0.422437 97785
0.422442 99746
0.422447 40581
0.422461 67349
0.422467 18937
0.422468 36706
0.42247 96590
0.422484 6276
0.42252 49199
0.422521 74788
0.422551 4839
0.422554 82195
0.422562 50719
0.422568 38740
0.42257 15659
0.422573 53755
0.422578 78402
0.422578 92763
0.42258 32364
0.422591 51642
0.422599 71290
0.422605 1343
0.422605 40916
0.422618 65511
0.422636 12515
0.422638 93716
0.42264 57376
0.422645 58313
0.422654 78201
0.422665 25094
0.422707 58968
0.422708 83445
0.422752 96719
0.422757 67721
0.42276 95270
0.422761 55020
0.422764 71287
0.42277 23355
0.422778 23352
0.422779 64561
0.422805 12394
0.422807 92477
0.422809 49534
0.422829 50863
0.422838 79966
0.42284 92140
0.422855 29661
0.422857 54394
0.422863 4810
0.422864 5137
0.422876 10492
0.422879 43573
0.422882 96549
0.422896 100740
0.422896 101740
0.422911 45259
0.422914 53726
0.422914 99226
0.422918 54700
0.422924 22391
0.422938 23154
0.422947 11203
0.422955 72854
0.422956 87580
0.422959 5284
0.422971 87113
0.422988 20587
0.42299 52592
0.422991 55090
0.423001 98815
0.423024 99648
0.423025 84697
0.42303 50575
0.423051 5916
0.423066 47194
0.423081 76705
0.423095 84230
0.423102 15099
0.423103 73631
0.423106 65149
0.423113 53677
0.423118 24688
0.423124 37753
0.423129 71979
0.423144 25150
0.423145 93737
0.423172 79464
0.423174 99086
0.423182 92263
0.423195 40724
0.423203 91203
0.423208 15406
0.423209 80265
0.423211 94786
0.423215 15248
0.42322 61107
0.423229 81955
0.423231 64273
0.423247 63717
0.423257 22122
0.423263 24034
0.423275 55307
0.423286 41668
0.4233 91403
0.423306 72047
0.423321 9116
0.423323 10732
0.423336 41453
0.423339 90513
0.423363 18474
0.423373 25840
0.423416 52762
0.423421 7583
0.423442 18015
0.423451 61017
0.423484 72011
0.423511 63327
0.423522 78852
0.423539 33101
0.423542 48943
0.423554 33679
0.423592 55002
0.423602 94943
0.423625 19613
0.423629 16425
0.423632 39554
0.423641 48666
0.423663 75538
0.423665 18497
0.423665 9727
0.423673 90954
0.423674 9782
0.423675 52197
0.423678 62737
0.423703 20135
0.423726 26332
0.423737 42269
0.423741 74225
0.423744 36917
0.423763 11072
0.42377 47519
0.423786 36192
0.423786 39209
0.423795 73566
0.423797 49761
0.423808 19729
0.423815 30445
0.423829 55759
0.423849 7810
0.423861 55198
0.423876 48161
0.423881 41489
0.423884 33272
0.423887 16853
0.423887 90718
0.423904 26792
0.423919 47484
0.42392 70854
0.423935 6680
0.423956 3112
0.423966 82203
0.423971 30108
0.423971 40064
0.42399 58584
0.42399 90160
0.42401 6232
0.424011 31822
0.424023 34708
0.424024 70519
0.424026 94123
0.424034 37107
0.424041 88864
0.424049 67064
0.424056 16980
0.424087 73002
0.424091 18866
0.424099 39184
0.424104 30352
0.424106 36056
0.424117 9456
0.424118 53193
0.424123 100492
0.424123 101492
0.424126 21134
0.424137 86294
0.424161 41349
0.42417 53698
0.424182 34971
0.424209 29953
0.424235 53032
0.424255 86622
0.424266 68047
0.424273 5690
0.424275 48402
0.424291 54695
0.424295 52069
0.424298 54666
0.42431 16297
0.42431 77290
0.424317 80880
0.424323 89317
0.424324 35825
0.424331 5418
0.424343 38089
0.424348 17279
0.424351 87903
0.424363 77922
0.424366 60378
0.424367 10457
0.424383 71735
0.424411 28739
0.424411 58339
0.424413 37307
0.424421 26995
0.424423 5550
0.424436 64716
0.424444 65085
0.424449 5326
0.42445 36878
0.42445 94144
0.424454 18265
0.424454 70465
0.424458 19093
0.424464 2955
0.424473 25397
0.424483 93313
0.424489 53165
0.424495 31057
0.424504 60558
0.424509 87662
0.424511 33555
0.424537 97980
0.42454 64230
0.424544 59901
0.424566 51004
0.424567 83197
0.424573 30078
0.424586 59543
0.424604 82366
0.424619 40127
0.424621 46359
0.424629 26006
0.424646 57603
0.424664 8064
0.424671 63149
0.424677 22351
0.424683 67715
0.424697 66301
0.424703 50247
0.424714 37957
0.424717 59138
0.424724 67055
0.42473 18101
0.424738 85475
0.424738 9602
0.424757 95318
0.424764 7411
0.424767 48895
0.424789 10123
0.424793 48877
0.424803 93651
0.42482 62768
0.424823 91234
0.424824 98922
0.424834 2094
0.424837 941
0.42486 63038
0.424861 64794
0.424872 95950
0.424885 68192
0.424915 9569
0.424919 56468
0.424921 41828
0.424933 82327
0.424944 21048
0.42495 24697
0.424952 63867
0.424957 7592
0.424967 27950
0.42497 32292
0.424977 78708
0.424989 88548
0.425025 17310
0.425032 44066
0.425037 62359
0.42505 55633
0.425054 57156
0.425055 94454
0.425058 85145
0.425066 60644
0.425068 11779
0.425068 4382
0.425084 82316
0.425085 84786
0.425107 44253
0.425107 95279
0.425116 99248
0.42513 95683
0.425146 28897
0.425156 19794
0.425167 54418
0.425168 3138
0.425169 60998
0.425182 98178
0.425186 48213
0.425192 97740
0.425194 53397
0.425194 73029
0.425197 69571
0.425222 79551
0.425233 60393
0.425235 24783
0.425238 48848
0.425262 67851
0.425268 39815
0.425296 86719
0.425304 47213
0.425312 74469
0.425314 97446
0.425317 25794
0.425347 86014
0.425363 71638
0.425367 4819
0.425369 47658
0.425385 75863
0.425389 40464
0.425391 8740
0.425398 41244
0.425403 10273
0.425411 43471
0.425412 87406
0.425427 11291
0.425434 30250
0.425442 59010
0.425459 99544
0.425471 54108
0.425472 37418
0.425483 92636
0.425496 24999
0.425509 76597
0.425511 95687
0.425515 80645
0.425518 14302
0.425534 59606
0.425534 66576
0.425534 96617
0.425535 25318
0.425539 59336
0.425544 84549
0.425552 94024
0.425553 47384
0.425554 16550
0.425563 86696
0.425565 42869
0.425571 68960
0.425579 29215
0.425598 23585
0.425611 16524
0.42564 91440
0.425649 90014
0.425655 18904
0.425664 54167
0.425675 68523
0.425683 65554
0.425687 84511
0.425688 41899
197 181