1 2
394
0.624855 48651
0.624856 51424
0.624881 10860
0.624883 96781
0.62489 48826
0.624893 57465
0.624895 72072
0.624903 30642
0.624907 17929
0.624907 60786
0.624927 14582
0.624939 98866
0.624955 63152
0.624958 91418
0.624968 89239
0.624981 11655
0.624984 73785
0.624985 74203
0.625002 63928
0.625007 1205
0.625012 52508
0.625017 47536
0.625019 95812
0.625029 1206
0.625038 52219
0.625043 54743
0.625059 42792
0.625062 36704
0.625089 64623
0.625093 64018
0.625095 48811
0.625112 46565
0.625158 95090
0.625162 43388
0.625163 79150
0.625168 42594
0.625173 18050
0.625177 78827
0.625178 16433
0.625182 76636
0.625185 28652
0.625204 5484
0.625218 13653
0.625222 51971
0.625255 88168
0.62526 80708
0.62527 62061
0.625272 68616
0.625273 44254
0.625277 74091
0.625282 64307
0.625284 54545
0.625292 14772
0.625292 23944
0.625299 38718
0.625299 99264
0.625303 63995
0.625322 40070
0.625337 34384
0.625354 36293
0.625359 75477
0.625366 8837
0.625381 94989
0.625405 99855
0.625426 82211
0.625432 60059
0.62546 38100
0.625464 42059
0.625474 82926
0.62548 35326
0.625481 52392
0.625498 93797
0.625532 93014
0.625536 50655
0.625541 62823
0.625543 41710
0.625565 77409
0.625577 31340
0.625577 31530
0.625581 99421
0.625599 90538
0.6256 60023
0.625614 7852
0.625617 2124
0.625627 91975
0.625631 677
0.625644 64788
0.625645 41103
0.625647 30406
0.625673 93929
0.625681 57769
0.625688 5205
0.625691 78186
0.625692 14417
0.625696 39132
0.625708 32324
0.625717 37485
0.625724 51733
0.625732 61262
0.625733 4201
0.625737 76349
0.625739 61552
0.62574 78306
0.625742 23760
0.62576 57271
0.625768 28599
0.625768 42039
0.625772 38858
0.62578 66168
0.625798 19983
0.6258 17411
0.625814 61509
0.62583 98806
0.625831 3850
0.625861 39583
0.625861 52447
0.625869 69940
0.625877 19076
0.625883 5814
0.625885 53114
0.62589 56249
0.625908 98258
0.625916 85523
0.625918 58238
0.625926 6976
0.625928 18635
0.625931 86025
0.62598 14662
0.62598 2245
0.625984 79276
0.626 75236
0.626002 30118
0.62602 90990
0.626022 92191
0.626044 78004
0.626048 94297
0.626049 42695
0.626064 63461
0.626073 48421
0.626073 93459
0.626076 50559
0.626078 93455
0.626081 3561
0.626081 47033
0.626087 96657
0.626105 2808
0.626117 74361
0.626126 15792
0.626126 90043
0.626132 81217
0.626166 27329
0.626167 80136
0.626193 56926
0.626196 61074
0.626201 77899
0.626208 93791
0.626214 51902
0.626222 71413
0.626226 51397
0.626227 6189
0.626254 15488
0.626258 42953
0.62626 5627
0.626266 75492
0.626266 8360
0.626277 30671
0.626286 85154
0.6263 32643
0.626301 27245
0.626304 27226
0.626308 31087
0.626345 13839
0.626381 19366
0.626383 99764
0.626385 12751
0.626395 51686
0.626398 63713
0.626399 9672
0.626415 67672
0.626424 51589
0.626428 40657
0.626468 55103
0.626478 81122
0.626484 58316
0.626487 69677
0.626499 97079
0.626518 16810
0.626528 74971
0.626532 86904
0.626544 78494
0.626556 37794
0.626556 49952
0.626565 83027
0.626566 76332
0.626576 36443
0.626583 21007
0.626587 12975
0.626587 41508
0.626589 42411
0.62659 74590
0.626597 26541
0.626597 45648
0.62661 3179
0.626622 17368
0.626623 83644
0.626649 94470
0.626654 1922
0.626663 15540
0.626668 47012
0.626668 4862
0.626669 9925
0.626671 78836
0.62668 24415
0.626701 50021
0.626707 61075
0.626726 29826
0.626727 10112
0.626733 10353
0.626736 4904
0.626741 81470
0.626749 51773
0.626775 68412
0.626777 46993
0.626779 86247
0.626787 9323
0.626789 14188
0.626799 99109
0.626815 72007
0.626818 69201
0.626831 84695
0.626845 75206
0.626857 90396
0.626857 95999
0.626858 92480
0.626868 91701
0.626878 25115
0.626889 69002
0.626894 62869
0.626895 13209
0.626899 10627
0.626908 65262
0.626909 37373
0.626935 38199
0.626945 83242
0.626959 37465
0.626959 44750
0.626967 33122
0.626982 93545
0.626998 29782
0.627006 68268
0.627014 10942
0.627036 17461
0.627036 49072
0.627048 75159
0.627079 47610
0.62708 99562
0.627087 12527
0.627087 33774
0.62709 10116
0.627091 35359
0.627103 28054
0.627127 57607
0.627137 9603
0.627144 24686
0.627156 1800
0.62717 42323
0.627175 76292
0.627176 69063
0.627178 40232
0.627184 82636
0.627188 52741
0.62719 58560
0.62719 74991
0.62719 89921
0.627192 85729
0.627203 78130
0.627204 24433
0.627223 81343
0.627224 34753
0.627227 13539
0.627232 65170
0.627246 17348
0.62725 95323
0.627271 99064
0.627278 11263
0.627278 81600
0.627295 71246
0.627296 33716
0.627305 9842
0.627306 47359
0.627308 26218
0.627335 839
0.627356 27796
0.627361 13245
0.627369 61493
0.627384 10870
0.627402 53025
0.627451 70635
0.627457 71584
0.627461 84121
0.627494 21798
0.6275 20333
0.627509 25631
0.627511 66608
0.627512 1372
0.627521 30585
0.627533 33659
0.627538 90371
0.627561 97434
0.627571 24785
0.627581 72468
0.627584 92341
0.627632 11470
0.627632 51058
0.627639 16561
0.627652 92940
0.627673 96187
0.627684 86286
0.627685 97508
0.627691 86265
0.627766 16963
0.627774 44004
0.627779 82248
0.627787 69954
0.627794 45194
0.627796 40102
0.627804 1566
0.627814 53207
0.627825 23489
0.627828 7505
0.627863 38445
0.627864 19599
0.627865 83628
0.627878 28839
0.627887 52871
0.62789 25825
0.627899 85320
0.627907 76864
0.627916 84667
0.627945 10130
0.62796 46026
0.627964 80062
0.627974 90825
0.627976 26250
0.627982 8220
0.627984 84179
0.627996 7969
0.628001 18534
0.628037 13781
0.628048 75072
0.628049 59044
0.62807 86804
0.628077 82299
0.628097 35986
0.628108 72230
0.628113 99517
0.628124 70032
0.628136 98432
0.628147 89566
0.628152 7018
0.628163 67486
0.628164 38953
0.628182 35798
0.628217 13395
0.628224 45931
0.628227 45956
0.628253 17249
0.628256 71699
0.62828 56139
0.628281 37078
0.628285 66992
0.628286 20995
0.628313 9888
0.628328 50299
0.62835 36371
0.628351 19631
0.628356 39493
0.628357 15574
0.628371 76741
0.628386 30446
0.628388 91550
0.628395 52240
0.628408 87033
0.628425 88763
0.628428 63627
0.628442 49621
0.628454 63645
0.628474 63428
0.628479 21099
0.628494 88950
0.62851 49374
0.62851 72488
0.628515 35614
0.628525 38082
177 208