1 2
385
0.548279 30506
0.548283 61335
0.548288 76025
0.548302 23006
0.548327 62887
0.548331 90584
0.548342 86522
0.548354 32470
0.54836 54662
0.548366 96744
0.548378 72559
0.548381 13083
0.548392 88670
0.548404 61380
0.548433 13302
0.548443 13227
0.548467 23430
0.548468 67974
0.548475 30137
0.548476 75767
0.548486 10210
0.548488 52428
0.548505 91515
0.548514 56087
0.548529 53808
0.548531 80476
0.548552 91905
0.548557 17162
0.548557 84393
0.548566 53861
0.548569 59695
0.548597 26743
0.548605 51392
0.548606 31471
0.548613 46484
0.548617 75318
0.548631 58116
0.548636 16042
0.548655 63306
0.548656 17413
0.548705 82581
0.548709 38669
0.548712 33712
0.548713 46625
0.548736 62581
0.548739 65497
0.548769 23545
0.54877 36926
0.548787 91705
0.548794 96119
0.548795 47396
0.54881 13894
0.548811 20797
0.548813 62598
0.548825 81276
0.548831 31966
0.548836 30530
0.548844 28518
0.548845 4490
0.548847 51492
0.548861 10107
0.548863 34094
0.548872 61830
0.548879 37498
0.548893 3972
0.548898 52173
0.548901 54346
0.548921 5954
0.548926 44323
0.548928 70776
0.54893 100169
0.54894 99983
0.548942 43987
0.548943 55610
0.548951 34819
0.548969 49840
0.548973 83010
0.548975 45441
0.548977 52322
0.548998 9249
0.549008 71788
0.549016 96691
0.549026 70475
0.549026 83582
0.549028 26512
0.549064 44237
0.549107 36040
0.549149 29530
0.549153 97733
0.549163 56557
0.549171 39454
0.549177 95093
0.549184 74888
0.549195 33669
0.549212 62283
0.54922 44435
0.549254 31274
0.549264 87540
0.549268 88039
0.54927 28798
0.54927 95129
0.54929 38297
0.549292 92863
0.549295 23293
0.549295 93411
0.549301 71086
0.549303 74902
0.549305 75614
0.549306 20614
0.549314 86461
0.549342 0
0.549353 31999
0.549355 85268
0.549361 8990
0.54938 77733
0.549386 96608
0.549415 73766
0.54942 6475
0.54945 6264
0.549453 87758
0.549462 32023
0.549472 38744
0.549473 79665
0.54949 70555
0.549492 19091
0.549501 57928
0.549511 21191
0.549512 88856
0.549522 39178
0.549523 84529
0.54953 89704
0.549538 29631
0.549541 29737
0.549543 55905
0.549545 21764
0.549577 49437
0.549579 59771
0.54958 953
0.549587 31626
0.54963 56395
0.549654 43796
0.549666 35853
0.549672 46076
0.549689 48159
0.549689 78040
0.549707 82614
0.549708 83702
0.549741 9678
0.549742 20921
0.549743 24361
0.549748 16523
0.549764 84623
0.549775 36759
0.549781 95744
0.549784 27711
0.549784 97654
0.549802 98838
0.549804 41106
0.549834 47889
0.549835 87380
0.549845 8074
0.549869 56734
0.549875 21539
0.549892 9404
0.549895 85965
0.549907 49462
0.54992 92180
0.549927 85863
0.54993 35712
0.549933 92992
0.549945 87678
0.550012 10355
0.550014 67828
0.550061 77183
0.550071 20413
0.550089 100138
0.55009 72414
0.550101 41112
0.55011 82939
0.550142 7240
0.550146 95840
0.550149 63629
0.550153 86725
0.550165 12494
0.550183 67550
0.550187 83753
0.550208 17509
0.550212 25369
0.550225 80036
0.55023 86961
0.550248 94231
0.550256 50045
0.550269 79331
0.550281 83578
0.55029 22777
0.550291 46073
0.550295 18627
0.550304 49908
0.550306 96264
0.550312 46700
0.550318 83924
0.550322 82997
0.550326 62038
0.550329 75302
0.550359 8437
0.550368 47535
0.550389 73221
0.550399 24368
0.550405 12234
0.550419 16196
0.550426 95714
0.550435 66557
0.550448 17621
0.550449 84111
0.550452 47001
0.550459 47871
0.550512 62390
0.550518 23054
0.550524 60581
0.550527 24525
0.550548 20072
0.550568 57624
0.550573 41976
0.550575 73431
0.550577 61399
0.550584 87482
0.550588 10261
0.55059 37426
0.550596 12785
0.550601 67813
0.550614 73458
0.55064 9215
0.550646 96722
0.55065 66537
0.550663 43135
0.550667 73812
0.550675 58616
0.550677 4549
0.550678 52029
0.550678 66914
0.550683 5282
0.550685 52398
0.550711 13572
0.550711 78287
0.550731 75187
0.550734 41481
0.550741 486
0.550765 33911
0.550766 78837
0.550778 92548
0.550787 47454
0.550804 83056
0.550815 33810
0.55083 52213
0.550831 38753
0.550841 13633
0.550853 97822
0.550855 13416
0.550856 26107
0.550868 99772
0.550876 19691
0.550876 7440
0.550878 7939
0.550886 94366
0.550927 18132
0.550931 88919
0.550946 60020
0.550958 62146
0.550964 57033
0.550971 79935
0.550984 69874
0.550995 30695
0.550998 8663
0.55101 49150
0.551017 12585
0.55103 49358
0.551067 11317
0.551076 86466
0.551085 76756
0.551089 24608
0.551091 35537
0.551099 28524
0.551118 39334
0.551118 68667
0.551124 80556
0.551133 91767
0.551136 19851
0.551136 27362
0.55114 78896
0.55114 99673
0.551147 3602
0.551171 2852
0.551181 481
0.551183 94131
0.551191 84171
0.551193 94737
0.551202 79968
0.551218 46128
0.551225 71166
0.551234 48918
0.551242 18692
0.551244 65913
0.551252 55966
0.551262 89917
0.551265 33350
0.551306 45323
0.551309 38658
0.551312 3654
0.551313 53700
0.551348 35563
0.551356 1991
0.551363 75876
0.551364 79803
0.551368 18460
0.551381 15100
0.551405 12369
0.551422 33621
0.551438 3983
0.551446 15533
0.551454 75147
0.551488 85827
0.551488 93307
0.551497 94526
0.551503 55788
0.55151 69162
0.551525 29240
0.551528 89510
0.551532 16563
0.551532 48097
0.551564 55902
0.551565 89432
0.551566 81450
0.551567 62839
0.551595 85896
0.551616 68489
0.551618 13576
0.551623 85508
0.551625 55652
0.551639 13570
0.551646 58604
0.551651 89137
0.551663 61911
0.551669 31948
0.551679 55948
0.551682 50280
0.551697 96029
0.551718 87523
0.551721 37013
0.551724 79046
0.551757 97252
0.551766 28083
0.551778 38478
0.551786 63632
0.551788 18120
0.551797 95822
0.551811 100165
0.551814 63711
0.551819 65624
0.551821 80563
0.551829 26776
0.55184 83671
0.551864 96585
0.5519 2197
0.551918 23282
0.551919 9513
0.551932 23639
0.551938 29514
0.551952 30041
0.551955 37533
0.551981 72328
0.551981 78605
0.551984 19057
0.551985 45577
0.551994 30005
0.551994 37060
0.552001 19175
0.552013 16146
0.552021 62749
0.552022 61112
0.552045 12499
0.552066 65377
0.552069 38888
0.552081 22533
0.552109 64203
0.55212 81993
219 229