1 2
256
0 0.892401
0.004179 2502
0.012203 2505
0.012903 2542
0.013047 2455
0.020505 2561
0.021219 2573
0.026936 2432
0.030073 2493
0.030429 2500
0.036816 2670
0.042743 2574
0.044766 2499
0.053171 2676
0.054293 2649
0.057128 2519
0.060156 2488
0.0602 2660
0.061082 2630
0.068326 2457
0.068892 2667
0.077989 2654
0.078246 2441
0.079724 2448
0.080935 2486
0.08344 2582
0.085859 2472
0.091065 2518
0.096862 2598
0.099555 2590
0.101266 2552
0.101874 2510
0.102816 2629
0.105105 2572
0.109125 2628
0.112015 2606
0.118939 2478
0.119344 2645
0.120139 2506
0.121009 2644
0.126513 2555
0.127569 2490
0.137506 2489
0.142031 2436
0.142408 2523
0.148199 2657
0.148406 2668
0.157041 2533
0.161022 2492
0.161293 2669
0.167476 2513
0.175838 2517
0.183369 2633
0.190488 2501
0.194351 2430
0.1988 2451
0.199553 2442
0.202141 2514
0.207124 2434
0.216927 2677
0.221421 2553
0.227806 2655
0.228101 2532
0.234128 2511
0.236965 2620
0.237858 2559
0.240533 2569
0.240923 2652
0.248861 2580
0.250942 2537
0.251477 2536
0.251849 2445
0.252522 2439
0.259708 2682
0.267528 2470
0.26811 2477
0.271943 2460
0.272805 2624
0.275199 2491
0.278527 2589
0.283163 2608
0.286159 2484
0.292331 2567
0.296328 2680
0.306518 2543
0.314661 2600
0.316919 2622
0.317063 2437
0.318992 2522
0.331684 2627
0.332995 2541
0.336258 2616
0.336438 2479
0.337635 2642
0.338108 2583
0.340407 2464
0.340925 2527
0.343635 2674
0.357101 2611
0.3635 2607
0.364255 2480
0.367015 2446
0.367164 2447
0.369213 2433
0.372023 2564
0.380264 2539
0.382282 2551
0.384435 2498
0.387435 2679
0.387906 2579
0.394081 2672
0.400261 2471
0.401451 2435
0.406788 2485
0.410228 2595
0.410797 2643
0.410996 2547
0.415538 2482
0.416095 2549
0.420826 2658
0.422096 2665
0.433931 2597
0.440269 2647
0.440465 2632
0.446438 2609
0.462548 2443
0.468832 2671
0.474092 2673
0.474262 2503
0.47643 2599
0.47747 2476
0.482457 2466
0.495292 2581
0.5144 2568
0.515741 2638
0.525979 2651
0.526256 2507
0.530882 2440
0.53207 2617
0.537462 2661
0.54048 2588
0.541234 2525
0.541782 2576
0.552763 2596
0.561978 2496
0.564939 2528
0.568911 2461
0.571072 2584
0.582993 2535
0.585845 2570
0.589194 2531
0.59021 2683
0.59041 2648
0.608346 2592
0.610505 2540
0.610869 2494
0.612559 2575
0.61412 2512
0.616034 2459
0.619973 2636
0.630236 2508
0.632346 2516
0.632617 2585
0.640604 2558
0.644553 2650
0.652727 2612
0.653658 2469
0.658909 2487
0.659301 2578
0.668712 2495
0.67364 2456
0.673899 2509
0.675001 2474
0.675996 2463
0.678511 2602
0.685836 2515
0.689158 2666
0.689433 2450
0.690703 2545
0.692632 2526
0.698814 2449
0.698949 2566
0.700282 2458
0.700369 2571
0.703379 2614
0.708483 2465
0.722595 2444
0.723719 2594
0.724287 2520
0.727346 2468
0.72826 2529
0.732513 2678
0.737718 2615
0.739317 2475
0.741679 2587
0.745991 2524
0.748669 2497
0.750238 2521
0.755606 2659
0.768104 2548
0.777614 2593
0.779461 2662
0.783427 2653
0.783942 2637
0.788702 2626
0.79117 2604
0.797969 2675
0.800007 2557
0.800175 2467
0.804675 2619
0.809332 2618
0.811187 2639
0.814038 2613
0.816849 2563
0.822431 2586
0.822646 2681
0.824715 2504
0.832943 2605
0.853844 2577
0.858492 2664
0.859707 2554
0.86332 2431
0.869021 2621
0.877035 2546
0.877411 2483
0.879028 2534
0.88654 2530
0.890653 2656
0.892401 157
0.892853 1308
0.893067 2174
0.89359 2111
0.893913 1964
0.894396 2172
0.894435 662
0.894773 649
0.894837 1420
0.894969 291
0.895492 2550
0.895593 1962
0.895669 862
0.896075 1415
0.89624 827
0.896434 2400
0.896577 364
0.897797 2452
0.89783 928
0.897925 1893
0.898119 2438
0.898375 405
0.898595 863
0.89862 397
0.898636 935
0.898725 2209
0.898847 2060
0.899055 1990
2