1 2
383
0.910291 58855
0.91031 88064
0.910319 22634
0.910321 89553
0.910328 30422
0.910329 89232
0.910351 99074
0.910362 37584
0.910441 39711
0.910443 76492
0.910453 49360
0.910474 90368
0.910481 35438
0.910492 68019
0.910495 28363
0.9105 8798
0.910502 20399
0.910504 94652
0.910509 78311
0.910512 12833
0.910522 96663
0.910525 4994
0.910527 2714
0.910554 93077
0.910571 10962
0.910581 83108
0.910601 39016
0.910607 78000
0.910626 99731
0.910631 65044
0.910636 60256
0.910651 18777
0.910668 70783
0.910674 16479
0.910674 72600
0.910699 64897
0.910707 6213
0.910741 36887
0.910755 83689
0.910769 27861
0.910835 55201
0.910845 59150
0.910849 67617
0.910862 89314
0.910896 82940
0.910904 62851
0.910958 51926
0.910965 48353
0.910971 53214
0.910982 79305
0.910984 74425
0.910984 82077
0.910991 15261
0.911003 90500
0.911009 82407
0.911013 69575
0.911016 99915
0.911035 93413
0.911042 30821
0.911078 25470
0.911095 80331
0.911105 84226
0.911107 60563
0.911117 34326
0.911133 43438
0.911138 65470
0.911162 67682
0.911163 14306
0.911168 94698
0.911169 62860
0.911172 96897
0.911196 63567
0.911201 58856
0.91121 10404
0.911214 59566
0.911224 15120
0.911236 90991
0.911239 9709
0.911244 40151
0.911249 14646
0.911252 28541
0.911256 55109
0.911274 68350
0.911278 21163
0.911282 8061
0.911291 55570
0.91131 29228
0.911328 40820
0.911328 5847
0.911329 31853
0.911335 47636
0.911353 20412
0.91136 71925
0.911362 31321
0.911393 27464
0.911419 65852
0.91142 3282
0.911429 25741
0.911449 39679
0.911452 49898
0.911454 91843
0.911455 16652
0.911465 43166
0.911475 3194
0.9115 97150
0.911504 1432
0.911509 85036
0.911511 35742
0.911512 18314
0.911522 22451
0.911526 26837
0.911554 83196
0.911558 70850
0.911563 91213
0.911565 48214
0.911567 9515
0.911576 21265
0.911585 83723
0.911587 62405
0.911588 24680
0.911593 7000
0.911594 64669
0.911598 50445
0.911619 4091
0.911621 40562
0.911627 72436
0.911628 44909
0.91163 63816
0.911644 43937
0.911666 30990
0.911682 49194
0.911682 72508
0.911685 96376
0.911697 78334
0.911705 90515
0.911715 15938
0.911722 87285
0.911733 16111
0.911736 72838
0.91174 79401
0.911754 13862
0.911763 42981
0.911769 81045
0.911784 57471
0.911807 5364
0.91183 74586
0.911855 72487
0.911866 93375
0.911894 39370
0.911899 58279
0.911902 79257
0.91192 81729
0.911933 44470
0.911935 61785
0.91194 22501
0.91198 2801
0.911992 78696
0.912004 41842
0.912005 9747
0.91201 39953
0.912022 59075
0.912022 88465
0.912033 60947
0.912037 8512
0.912046 53379
0.912054 83637
0.912057 24512
0.912064 99629
0.912066 2322
0.912072 60410
0.912087 82834
0.912104 76013
0.912112 88768
0.912127 70668
0.912133 79922
0.912138 77767
0.912145 68936
0.912163 69952
0.912167 97323
0.912177 3749
0.912197 5401
0.912201 87305
0.912229 4098
0.912232 35889
0.912233 32426
0.912235 17809
0.912241 24025
0.912252 70663
0.912274 58551
0.912282 81534
0.912304 32810
0.912318 2393
0.912318 59422
0.912325 15103
0.912341 30995
0.912341 50713
0.912341 90000
0.91236 7887
0.912365 53014
0.912368 10414
0.912406 89418
0.912407 5767
0.912408 82981
0.912433 14885
0.912435 26220
0.912451 53849
0.912456 86423
0.91247 53585
0.912507 69630
0.912515 32409
0.912546 86149
0.91255 56751
0.912551 3053
0.912552 83098
0.912569 3904
0.912573 92485
0.912574 93907
0.912582 92828
0.912592 51700
0.912595 88534
0.912603 73810
0.912605 88964
0.912614 38983
0.912619 93744
0.912647 79612
0.912648 47299
0.912665 21132
0.912677 44674
0.912678 97666
0.912679 31732
0.912684 93171
0.912692 35113
0.912694 4842
0.912708 90794
0.91271 73727
0.912746 5965
0.912754 388
0.912799 54625
0.912816 423
0.912821 15513
0.912829 66367
0.91284 923
0.912853 69416
0.912854 72659
0.912863 94887
0.912891 23119
0.912894 26717
0.912908 46465
0.912917 30998
0.91294 27577
0.912956 22721
0.912957 37407
0.91296 4910
0.912962 17924
0.912993 9040
0.913037 34368
0.913039 70711
0.913049 27559
0.913057 91408
0.913071 58102
0.913072 60920
0.913086 69506
0.913122 48417
0.913125 17398
0.913125 18035
0.913136 83475
0.913137 41870
0.913141 3430
0.913146 71899
0.913148 36683
0.913202 27779
0.913202 94265
0.913203 80143
0.913213 87988
0.913216 91362
0.913222 29626
0.913222 99500
0.913224 29042
0.913229 50917
0.913234 32068
0.913304 97823
0.913324 78166
0.913325 47457
0.91334 27481
0.913341 53834
0.913343 38927
0.913353 45283
0.913358 65721
0.913368 32299
0.913369 19311
0.913388 80485
0.913395 7842
0.913419 23866
0.913421 46844
0.913429 84384
0.913429 90004
0.913447 3868
0.913457 25401
0.913485 55269
0.913486 76071
0.913495 47495
0.913509 73767
0.913512 67499
0.913515 1790
0.913541 47549
0.913548 90783
0.913555 41218
0.913555 88455
0.913581 79525
0.913585 77566
0.91359 1595
0.913592 2565
0.913594 21921
0.913627 37084
0.913641 31041
0.913652 72917
0.913675 71852
0.913677 51263
0.913683 73760
0.913715 92222
0.91372 15346
0.913752 25904
0.913758 40725
0.913761 75381
0.913778 19062
0.913778 20153
0.913785 46039
0.913794 36726
0.913796 77154
0.913829 26630
0.913834 20459
0.913865 30017
0.913874 1939
0.913877 7065
0.913885 77689
0.913895 14442
0.913904 5013
0.91392 57119
0.913934 46652
0.913938 26276
0.913938 72943
0.913952 7875
0.913961 57693
0.913969 71061
0.91398 47488
0.913991 55310
0.913993 98181
0.914002 46164
0.914006 70970
0.914014 62182
0.914041 99910
0.914049 85983
0.91405 84135
0.914056 58689
0.914064 45433
0.914083 38279
0.914083 83162
0.91409 21417
0.914097 55977
0.9141 35637
0.914102 19949
0.914107 47925
0.91411 14667
0.914114 75450
0.914117 15930
0.914117 35290
0.914136 57787
0.914137 18986
0.914161 23855
0.914176 58870
0.914195 3368
0.914198 2623
0.914203 97148
0.914231 3782
0.914248 87249
0.914251 14887
0.91426 24501
0.91426 44422
0.914267 87897
0.914287 48677
0.914297 95447
0.914304 31521
0.914346 31292
217 228