1 2
376
0.08136 13707
0.081366 5227
0.081381 54731
0.081392 29256
0.081417 36485
0.081448 36350
0.081468 20381
0.081468 98520
0.081487 64329
0.081494 20194
0.081517 24379
0.081526 2313
0.081543 97694
0.081561 20062
0.081599 56365
0.081614 34170
0.081616 6722
0.081624 37754
0.081628 29198
0.081637 81921
0.081679 61341
0.081688 87635
0.08171 67347
0.081722 66316
0.081728 42790
0.081729 55579
0.081737 85563
0.081738 63634
0.081761 58763
0.081761 86669
0.081782 4745
0.081788 71623
0.081804 87476
0.08182 23420
0.081872 26186
0.081877 17585
0.081894 46539
0.081896 49379
0.081924 60964
0.081924 67744
0.081925 14039
0.081936 75690
0.081968 86876
0.081969 76606
0.081984 7102
0.081995 73868
0.082019 24765
0.082021 96052
0.082036 10775
0.082038 23721
0.082052 19948
0.082062 88013
0.082068 53036
0.082091 39645
0.082097 78381
0.082099 23505
0.082132 93237
0.082154 96971
0.082173 67272
0.082174 29147
0.082179 39327
0.082184 57673
0.082189 24244
0.082194 11575
0.082225 66809
0.082228 32521
0.082235 308
0.082246 36275
0.082264 79923
0.082274 3664
0.082279 100509
0.082279 101509
0.082282 54494
0.082309 8684
0.08231 78548
0.082311 76058
0.082312 85539
0.08232 39890
0.082335 24854
0.08234 44444
0.082349 43330
0.082364 99877
0.082371 3819
0.082376 99676
0.08238 68851
0.082395 93480
0.082399 40745
0.082404 29102
0.082408 32520
0.082424 56417
0.082424 88582
0.082427 90726
0.082431 29948
0.08244 26356
0.082472 1550
0.082482 82326
0.082486 24437
0.08255 27314
0.08255 43647
0.082552 75848
0.08258 74103
0.082591 76522
0.082595 42731
0.082602 20809
0.082617 51560
0.08262 74764
0.08263 91725
0.082632 2200
0.082643 86934
0.082647 2797
0.082656 97830
0.082659 2128
0.082663 96710
0.082681 57340
0.082692 32780
0.082698 43885
0.082713 58318
0.082733 54981
0.082741 19630
0.082743 65086
0.082755 20845
0.082762 84820
0.082771 90202
0.082775 99245
0.082778 86293
0.082789 53663
0.082815 4922
0.082824 25277
0.082834 37613
0.082845 19358
0.08285 42676
0.08285 96922
0.082911 52289
0.082916 7676
0.082917 9205
0.082939 45569
0.08294 72599
0.08295 71733
0.082954 34002
0.082954 93076
0.082955 1376
0.082987 77401
0.082988 86737
0.082989 43088
0.083004 50780
0.083006 84241
0.083008 16786
0.083034 6744
0.083048 71168
0.083051 93344
0.083072 55805
0.083094 52329
0.083097 22761
0.083101 78067
0.083109 77072
0.083122 45173
0.083125 95428
0.083143 84054
0.083152 12703
0.083154 31310
0.083162 93865
0.083165 82165
0.083178 69206
0.083195 48956
0.083196 6483
0.083213 13869
0.083232 92280
0.083245 97014
0.083266 5209
0.083291 39051
0.083304 91149
0.083318 81422
0.083322 83654
0.083332 72532
0.083335 61100
0.083355 47638
0.083383 24155
0.083398 29716
0.083403 3651
0.083415 4528
0.08344 2582
0.083445 19819
0.083449 77181
0.08346 52100
0.083468 28786
0.083478 80128
0.083499 76721
0.083501 14172
0.083512 68563
0.083522 29516
0.083546 43741
0.083553 2282
0.083564 369
0.083576 29192
0.083578 17436
0.083583 8502
0.083584 55287
0.083584 77838
0.083595 3246
0.083603 64108
0.083606 49419
0.083623 7006
0.083628 39897
0.083628 58001
0.083634 50470
0.083634 89604
0.083653 57770
0.083655 15531
0.083671 3558
0.083686 76630
0.083699 97709
0.083702 55077
0.083724 81055
0.083727 63064
0.083733 30321
0.083738 65662
0.083766 69608
0.083768 58060
0.083772 50782
0.083772 94440
0.083788 6545
0.083796 33276
0.083798 16293
0.083807 79384
0.083812 66247
0.083813 7176
0.083819 1111
0.083829 35297
0.083893 61811
0.083933 15529
0.083966 75590
0.083967 56246
0.083985 92507
0.083987 36244
0.083996 55278
0.083998 60734
0.084007 85634
0.084018 20607
0.084026 93038
0.084042 73223
0.084046 10808
0.084071 61540
0.084071 9627
0.084082 42242
0.084089 32109
0.084097 14766
0.084105 75030
0.084111 53139
0.084123 35694
0.084131 66001
0.084158 75703
0.084162 7702
0.084169 50142
0.084172 59181
0.084179 8093
0.084185 20122
0.084191 71505
0.08421 14775
0.084231 37682
0.084243 31918
0.084247 75156
0.084248 93066
0.084253 17193
0.084297 13584
0.084307 27121
0.084322 56652
0.084344 36403
0.084349 3369
0.084359 91941
0.084363 52654
0.084389 24808
0.084414 84132
0.084423 38900
0.084423 43120
0.084465 80442
0.084492 95984
0.084508 55505
0.084512 37943
0.084514 29689
0.084515 4777
0.084528 36484
0.084539 72316
0.08456 19590
0.084566 53049
0.084571 67388
0.08458 23461
0.084582 51740
0.084587 75317
0.084595 25708
0.084598 5658
0.084601 95579
0.084602 22563
0.084603 34138
0.084604 28069
0.084612 80911
0.084613 7231
0.084614 3385
0.084614 42789
0.084621 8022
0.084624 58264
0.084628 53155
0.08463 97477
0.084664 53059
0.084684 89578
0.084688 47524
0.084691 40503
0.08473 96013
0.084733 23987
0.084741 43735
0.084757 87302
0.08476 86173
0.08477 54180
0.084784 40721
0.084794 1291
0.084795 68560
0.084817 65028
0.084819 63596
0.084825 36699
0.084827 35120
0.084833 81453
0.084848 2759
0.08485 21429
0.08486 47678
0.084862 70005
0.084875 86679
0.084878 41306
0.084902 27120
0.084908 62172
0.084924 36848
0.084926 627
0.084927 12752
0.084933 15424
0.084947 92049
0.084973 73220
0.084974 83192
0.084995 47816
0.084995 48344
0.085005 100329
0.085005 101329
0.085015 64234
0.085023 48065
0.085024 82150
0.085028 91193
0.085038 73720
0.085044 25570
0.085045 14310
0.085045 90088
0.085052 78716
0.085058 27425
0.085062 28737
0.085072 97492
0.085086 33139
0.085109 49901
0.085123 67299
0.085132 73215
0.085144 56997
0.085168 76895
0.085173 47260
0.085179 100961
0.085179 101961
0.085193 86809
0.0852 35672
0.085211 5147
0.085216 66852
0.085218 26695
0.08523 32402
0.085243 17560
0.085246 78882
0.085276 5032
0.085276 81070
0.085277 65829
0.085293 13326
0.085303 71315
0.085309 45253
0.085318 95749
0.085349 80438
202 222