1 2
410
0.114166 62197
0.11417 62438
0.114176 18495
0.11418 15004
0.114197 72077
0.114206 70358
0.114248 43601
0.11426 50268
0.114278 63950
0.114282 68552
0.114286 90999
0.114303 54521
0.114304 79193
0.114305 80855
0.114309 39989
0.114322 79531
0.114336 57281
0.114356 57237
0.11436 61264
0.114387 59139
0.114394 81768
0.114398 35682
0.1144 59024
0.114401 23717
0.11441 14445
0.114419 11542
0.114423 34595
0.114423 6732
0.114424 74765
0.114429 23920
0.114436 86689
0.114454 67245
0.114456 45855
0.114456 64779
0.11446 27063
0.114472 91409
0.114509 68793
0.114526 30387
0.114526 75528
0.114532 64005
0.114537 72387
0.114546 57476
0.11456 1445
0.114565 63817
0.11457 84972
0.114571 62780
0.11458 10552
0.114592 95587
0.114601 91489
0.114611 17486
0.114613 68459
0.114616 54111
0.114644 9996
0.114655 22176
0.11471 93213
0.114723 29788
0.114739 53971
0.114746 84627
0.114757 45665
0.114762 82613
0.114776 78223
0.114782 99456
0.114796 35371
0.114796 93195
0.114804 92682
0.114812 96306
0.114816 91687
0.114843 66615
0.114894 12455
0.114905 88020
0.114913 88620
0.114914 37285
0.114914 47376
0.114924 3767
0.114929 41981
0.114934 96022
0.114942 40006
0.114945 34790
0.11496 8127
0.114966 44924
0.114969 31250
0.114983 21469
0.115012 65038
0.115031 54766
0.115056 68976
0.115059 47043
0.11506 80315
0.115062 86735
0.115068 8259
0.115068 89383
0.115081 13061
0.115094 10690
0.115107 71468
0.115112 58505
0.115117 85569
0.115122 70145
0.115129 97173
0.115134 65458
0.115141 25071
0.115143 7622
0.115149 13384
0.115157 28565
0.115163 2931
0.115169 79381
0.115187 94487
0.115212 78330
0.115219 37324
0.115225 35299
0.115232 3302
0.115241 70270
0.115241 96153
0.115258 21609
0.115258 90897
0.11526 66207
0.115262 43738
0.115265 85241
0.115269 91699
0.115289 35188
0.115298 79326
0.115305 57556
0.115325 68761
0.115329 47529
0.115341 31418
0.115352 85406
0.115373 29744
0.115401 25503
0.115402 98141
0.115404 20279
0.115442 91503
0.115446 42836
0.115456 58509
0.115456 87066
0.115465 62766
0.115471 96127
0.115493 31467
0.115493 66502
0.115495 61371
0.115503 95599
0.115505 37526
0.115528 70320
0.115533 8829
0.115538 26152
0.115541 29277
0.115548 72981
0.115556 89838
0.115569 32017
0.115571 79830
0.115592 85621
0.115594 86127
0.115602 86594
0.11562 45658
0.115624 40334
0.115638 42017
0.115647 79207
0.115669 24395
0.115684 24178
0.115697 37470
0.1157 1032
0.115701 99251
0.115712 62922
0.115722 60190
0.115723 63825
0.115731 89889
0.115734 30895
0.115734 84771
0.115739 99824
0.115748 3709
0.11577 44934
0.115773 5577
0.11578 15981
0.115793 78904
0.115801 75920
0.115803 37604
0.115814 78316
0.115834 24773
0.115835 178
0.11586 9937
0.115862 58224
0.115864 63528
0.115869 9079
0.11588 9444
0.115881 90906
0.115894 97404
0.115933 94608
0.11595 97819
0.115953 14375
0.115963 27292
0.115981 94520
0.115985 1284
0.115987 4679
0.116 27633
0.116 90865
0.116002 25419
0.116009 59156
0.116017 48263
0.116028 55091
0.116037 33827
0.116058 76089
0.116075 10356
0.116076 76609
0.116078 23945
0.116089 84142
0.11609 26080
0.116096 68443
0.116099 97711
0.116113 17748
0.116123 41617
0.116133 23698
0.116137 93544
0.11617 76472
0.116188 16404
0.116189 59050
0.116222 60831
0.116224 72420
0.116234 9705
0.116239 63946
0.116243 47922
0.116246 98335
0.116247 38159
0.116257 91241
0.11627 89341
0.116293 84000
0.116299 8392
0.1163 14194
0.116313 25321
0.116328 49264
0.116339 13065
0.116344 81918
0.116376 8404
0.11638 55739
0.116382 67763
0.116389 11222
0.116408 53499
0.116412 65579
0.116415 68191
0.11642 20671
0.116423 55482
0.116426 61037
0.11644 81295
0.116456 6905
0.116464 32715
0.116467 49984
0.116509 77727
0.116516 71930
0.116528 54579
0.116529 75347
0.116542 26040
0.116551 42266
0.116561 20586
0.116564 7912
0.116579 83762
0.116595 19333
0.116601 47545
0.11661 53883
0.116611 31300
0.116613 3458
0.116622 99654
0.116624 31594
0.116637 88385
0.116654 9057
0.116666 74714
0.116697 96415
0.1167 72277
0.116705 36855
0.116709 12458
0.116715 69841
0.11672 29440
0.116758 59969
0.116786 36264
0.116787 22371
0.116787 28902
0.116789 80925
0.11683 78669
0.116837 58159
0.116845 63722
0.116852 50752
0.116866 34141
0.116875 71971
0.116876 59909
0.11688 71936
0.116886 58766
0.11689 50845
0.116897 282
0.1169 46693
0.116911 32146
0.116922 71128
0.117021 55165
0.117022 17178
0.117035 14612
0.117058 9809
0.117072 10638
0.11713 87044
0.117149 33758
0.117169 89099
0.117176 86770
0.117199 34499
0.11721 19459
0.117226 93589
0.117228 53097
0.117234 35136
0.117234 55558
0.117238 92938
0.117255 13261
0.11726 92847
0.11727 65245
0.117279 72478
0.117284 40890
0.117301 89868
0.117304 95226
0.117316 35023
0.117317 79637
0.117337 38534
0.11735 71895
0.117358 1362
0.117358 34313
0.1174 32386
0.117434 54906
0.117435 14401
0.117457 86409
0.11747 99638
0.117489 9893
0.117493 76865
0.117501 79741
0.117515 97461
0.117519 49185
0.117528 13788
0.117533 83517
0.117536 24137
0.117539 61329
0.117541 86412
0.117549 91140
0.117559 64453
0.117565 73973
0.117571 2148
0.117578 33527
0.11758 98035
0.117591 74445
0.117608 98280
0.117622 88150
0.117631 95243
0.117636 36510
0.117639 36080
0.117643 34213
0.117646 89165
0.117662 18118
0.117664 63603
0.117666 47388
0.117669 3568
0.117671 51453
0.117679 39916
0.117684 94355
0.117694 26894
0.117707 59244
0.117732 42106
0.117737 52064
0.117739 1242
0.117741 41156
0.117746 89054
0.117773 626
0.117785 34229
0.117806 62677
0.117811 42237
0.117822 9890
0.117859 67954
0.11787 36937
0.117908 36667
0.117923 44933
0.117923 94386
0.117938 91237
0.117953 7775
0.11796 1182
0.117961 62859
0.117982 60594
0.118013 21547
0.118015 81682
0.118025 85274
0.118035 42291
0.118036 76338
0.118056 28995
0.118057 3815
0.118059 69476
0.118067 59351
0.118078 98607
0.118088 11529
0.118099 74426
0.1181 1486
0.118113 91963
0.118127 28736
0.118135 32235
0.118154 11130
0.118156 95798
0.11816 49206
0.1182 46571
0.118209 54332
0.118213 71389
0.118218 99815
0.118233 23360
0.118265 5543
0.11829 38651
0.118299 33677
0.118302 8624
0.118314 58835
0.118325 4303
0.118338 63974
0.118342 96813
0.118359 15255
0.118376 6467
0.118391 30043
0.118398 78917
0.11842 60029
220 192