1 2
384
0.518078 30686
0.518088 84269
0.51809 16859
0.518094 23338
0.518095 26746
0.518097 41752
0.518102 37780
0.518107 24840
0.518122 50431
0.518122 60373
0.518135 100541
0.518135 101541
0.518147 64899
0.518153 26838
0.518172 39491
0.51821 93101
0.518234 98481
0.518243 81940
0.518246 69136
0.518246 72473
0.518256 17087
0.518259 4799
0.518273 41396
0.51828 3684
0.518286 11125
0.518289 42282
0.518292 12225
0.518304 61874
0.518315 31624
0.518391 20950
0.518393 96057
0.51841 30844
0.51842 66401
0.518436 87960
0.518442 22899
0.518452 21679
0.518466 79042
0.518467 85040
0.518475 50679
0.518484 71376
0.518486 28466
0.518488 49095
0.518534 2864
0.518537 66496
0.518542 53821
0.518545 80750
0.518551 69711
0.518586 42353
0.518596 41265
0.518597 3118
0.518599 95745
0.5186 440
0.518613 20034
0.518647 18295
0.518668 56263
0.518682 92296
0.518691 50487
0.518703 72178
0.518708 13054
0.518716 99175
0.518727 8395
0.518728 94468
0.51873 48226
0.518731 41140
0.518736 48887
0.518742 83993
0.51875 96832
0.518765 67878
0.518771 86040
0.518777 27443
0.518792 52242
0.518806 2825
0.518818 36296
0.518822 24573
0.518829 94101
0.51884 87291
0.518844 88427
0.518848 55419
0.518861 10679
0.518864 17553
0.518883 76464
0.518887 85988
0.518907 93584
0.518946 15596
0.518947 85496
0.51895 56542
0.518954 42700
0.51896 97929
0.518968 99681
0.518986 24587
0.518998 36025
0.518999 82611
0.519013 34407
0.519017 79308
0.519031 96766
0.519039 31806
0.519058 37554
0.519058 97902
0.51907 57170
0.519091 71223
0.519106 61594
0.51911 49706
0.519116 12817
0.519123 48078
0.519123 98390
0.519126 11747
0.519149 15181
0.51917 10496
0.519172 95569
0.519211 18680
0.519212 43771
0.519224 98404
0.519225 897
0.519232 84556
0.519233 84882
0.519234 10855
0.51924 4613
0.519252 60006
0.519272 64613
0.519279 76450
0.519283 33279
0.519297 61487
0.519307 40268
0.519307 8329
0.519308 86396
0.519327 44274
0.519337 19711
0.519337 71405
0.519342 21201
0.519343 22000
0.519345 1677
0.519351 37771
0.519369 62343
0.519379 34119
0.51939 98674
0.519391 63842
0.519398 66800
0.519402 17090
0.519443 69697
0.519467 39177
0.519473 12337
0.519481 35085
0.519493 32760
0.519499 14108
0.519503 25456
0.519526 80957
0.51956 68187
0.519568 65727
0.519581 5075
0.519611 55995
0.519621 31654
0.519625 91228
0.51963 23732
0.519643 97107
0.519652 34581
0.519688 23935
0.51969 26013
0.519694 87660
0.519696 5253
0.519698 72556
0.519701 60516
0.519757 35808
0.519765 42153
0.519766 44336
0.519794 100789
0.519794 101789
0.519811 18323
0.519824 34497
0.519829 96222
0.519833 51448
0.519849 99077
0.519855 69594
0.519868 95979
0.519906 65639
0.51991 25845
0.519933 31129
0.519948 85307
0.519952 1105
0.519956 99744
0.519962 14745
0.519962 89058
0.519966 95227
0.519972 33684
0.519975 78196
0.519983 70594
0.519984 21676
0.520015 16004
0.520028 91243
0.520033 99174
0.520057 12720
0.520063 75038
0.520078 48925
0.520093 11324
0.520094 55353
0.520099 34057
0.520102 68756
0.520103 67060
0.520118 44199
0.52013 66771
0.520146 12881
0.520146 5136
0.520167 28047
0.520195 45642
0.520197 13853
0.520202 91877
0.52023 55005
0.52023 65904
0.520239 36777
0.520272 91914
0.520284 78422
0.520293 57672
0.520296 12180
0.520339 34737
0.52034 13996
0.520355 17296
0.520375 5103
0.520394 34846
0.520413 27470
0.520433 47517
0.520436 53603
0.520449 62071
0.520476 66017
0.52048 81201
0.520491 51735
0.520496 33109
0.520498 85396
0.520499 92960
0.520501 82125
0.520507 98523
0.520517 69900
0.520517 81399
0.520524 92879
0.520532 87609
0.520534 29573
0.520536 17729
0.520549 39457
0.520558 25473
0.520562 58962
0.520585 32317
0.52059 57960
0.520633 85290
0.520648 84619
0.520664 73884
0.520665 98252
0.520671 67635
0.520675 93180
0.520691 88584
0.520694 36024
0.520699 13373
0.52073 37725
0.52073 52745
0.520749 14710
0.520761 89539
0.520799 96221
0.520817 25220
0.520825 87610
0.520828 79323
0.520841 31258
0.520844 82187
0.520849 34526
0.520852 54559
0.520868 10005
0.520909 35347
0.520922 95527
0.520923 12248
0.520946 4320
0.520962 33686
0.520969 83754
0.520972 12081
0.520991 54403
0.521001 63092
0.521006 6087
0.521007 39747
0.521018 85814
0.521021 739
0.521022 77507
0.521028 48281
0.521039 53316
0.521051 29179
0.521059 64982
0.521068 11373
0.521071 63951
0.521073 45539
0.521079 25554
0.521086 23257
0.521086 95423
0.521086 97090
0.521086 98246
0.521094 88218
0.521125 51754
0.521128 57697
0.521153 39784
0.521169 28461
0.521193 17350
0.521222 58142
0.521225 5025
0.521244 44398
0.521247 82045
0.521272 40892
0.521281 23023
0.521291 51421
0.521305 15892
0.521317 48757
0.521349 38246
0.52135 60771
0.521375 6010
0.521387 56484
0.521394 96176
0.521426 10821
0.52143 51273
0.521439 34623
0.521442 20276
0.521473 93637
0.521474 55840
0.521479 38075
0.521492 40448
0.521528 39917
0.521535 8080
0.521553 93283
0.52158 100704
0.52158 101704
0.521619 10317
0.521624 41591
0.521633 100504
0.521633 101504
0.521636 82162
0.521638 11487
0.52168 59676
0.521695 68968
0.521708 13403
0.52171 71437
0.52171 93849
0.521711 42517
0.521722 2168
0.521727 61206
0.52173 639
0.521733 68069
0.521757 21694
0.521762 8263
0.521768 21710
0.521777 75617
0.521779 86032
0.521785 81043
0.521789 76076
0.521799 100947
0.521799 101947
0.521801 74250
0.521804 51974
0.521806 11596
0.521828 93489
0.521849 92065
0.521856 31159
0.521863 44756
0.521866 66823
0.521866 75997
0.521876 39694
0.521887 91091
0.521894 85260
0.521905 49567
0.521936 72170
0.521955 95264
0.521966 55430
0.521966 66227
0.521972 10034
0.521977 71897
0.521978 99206
0.521985 11189
0.521986 26639
0.521995 15936
0.521996 20393
0.521998 43912
0.522002 81705
0.522003 99013
0.522004 72704
0.522013 27927
0.522014 39642
0.522015 34842
0.522032 8347
0.522045 74892
0.522051 67692
0.52206 59070
0.522068 13231
0.522084 47088
0.522099 28614
237 223