1 2
383
0.249329 59857
0.249344 15393
0.249351 33638
0.249357 14086
0.249373 20234
0.249373 8237
0.249417 44753
0.249424 57209
0.249451 90789
0.249458 80970
0.249475 71333
0.249489 14179
0.249489 46112
0.249499 44798
0.249509 92048
0.249509 98247
0.249515 29557
0.249517 60399
0.24952 5421
0.249532 99976
0.249547 33400
0.249554 32786
0.24956 84296
0.249573 81905
0.249597 7148
0.249608 31279
0.249624 75668
0.249634 22547
0.24965 43943
0.24965 56205
0.249666 58573
0.249701 2334
0.249741 33091
0.249752 72199
0.249783 48685
0.249789 68368
0.249798 35697
0.249803 23364
0.249822 44847
0.249869 52384
0.24988 98804
0.249892 90399
0.2499 7856
0.249933 28422
0.249942 28224
0.249942 70815
0.249945 9572
0.249954 18177
0.249961 7155
0.249968 71535
0.249971 47117
0.249983 60466
0.249984 72265
0.249993 49895
0.250015 3132
0.250016 91402
0.250019 21087
0.250039 10433
0.250045 53339
0.250049 77720
0.250078 3289
0.250123 2014
0.250138 61415
0.25014 80675
0.250149 52817
0.250151 43248
0.250162 79194
0.250163 3155
0.250163 97119
0.250179 76913
0.250182 14290
0.250188 42420
0.250188 69755
0.25021 12456
0.250219 73543
0.250222 26608
0.250222 65402
0.25024 23086
0.250252 32799
0.250273 56522
0.250278 8191
0.250287 5405
0.250287 72423
0.250293 46041
0.250308 34840
0.250312 29828
0.25033 64031
0.250331 31950
0.250333 63731
0.250334 60157
0.250344 59806
0.250351 91042
0.250375 95581
0.250406 53164
0.250444 32565
0.250465 39752
0.25047 52366
0.250481 53064
0.250486 70828
0.250493 41782
0.250495 97156
0.250498 38643
0.250515 77411
0.250516 51990
0.250517 79693
0.250547 4878
0.250548 44772
0.250563 57712
0.250568 42467
0.25057 60832
0.250571 76351
0.250572 75274
0.250577 76973
0.25059 83002
0.250594 27942
0.250626 58875
0.25063 49413
0.250632 81188
0.250634 90691
0.25064 56592
0.250643 61676
0.250655 22684
0.250669 39194
0.250679 65505
0.250693 63501
0.250693 66682
0.250702 75793
0.250704 19424
0.250711 99515
0.250726 78900
0.250733 84020
0.250751 34321
0.250754 66963
0.250758 52708
0.25076 94137
0.250763 13192
0.250765 15101
0.250791 54874
0.250798 38709
0.2508 58654
0.250814 55351
0.250818 38925
0.25083 11797
0.250838 3051
0.250851 63103
0.250873 19885
0.250885 83198
0.250891 22005
0.250903 78019
0.250912 5099
0.250916 52005
0.250918 68246
0.250924 52988
0.250931 45682
0.250942 2537
0.250943 6983
0.250967 29646
0.250967 49980
0.250969 13144
0.250971 36823
0.250975 77615
0.250977 64542
0.250988 34957
0.250995 34354
0.250995 50353
0.251018 61606
0.251033 32362
0.251046 33045
0.251048 76956
0.251064 3938
0.251082 85188
0.251084 66223
0.251089 64212
0.251095 23222
0.251099 38654
0.251102 31421
0.251107 61125
0.251119 54597
0.251127 43742
0.25114 4699
0.25114 7116
0.251145 36343
0.251146 23117
0.251168 92282
0.251179 57647
0.251186 45913
0.251201 67168
0.251209 89125
0.251214 63543
0.251216 44464
0.251236 75097
0.251237 15222
0.251251 51690
0.251254 89658
0.251258 88733
0.251267 32701
0.251283 6251
0.25131 40299
0.251325 46556
0.251353 80038
0.25136 43481
0.251363 17494
0.251364 35360
0.251393 70240
0.251422 89926
0.251427 56733
0.251443 2081
0.251444 26554
0.251464 81310
0.251469 34211
0.251469 6362
0.251477 2536
0.251481 92920
0.251529 39098
0.251539 40806
0.251551 75680
0.25158 63710
0.251584 33910
0.2516 32583
0.251626 87180
0.25163 72416
0.251633 87277
0.251656 37593
0.251659 12046
0.251661 90044
0.251674 95310
0.251677 76629
0.251683 36698
0.251689 27528
0.251698 35321
0.251716 5129
0.251723 9649
0.251724 49979
0.251734 86070
0.251748 17947
0.251753 78080
0.251761 64991
0.251767 34801
0.251819 43466
0.251833 5362
0.251846 68453
0.251849 2445
0.251849 46570
0.251849 49294
0.251854 76979
0.251869 17365
0.251875 50231
0.25188 9574
0.251894 50684
0.251905 41708
0.251919 34161
0.25195 100468
0.25195 101468
0.251953 2174
0.251971 97958
0.251975 16726
0.251979 41685
0.252015 89360
0.252044 1762
0.252052 15073
0.25206 50361
0.252081 40951
0.252099 76765
0.252112 72997
0.25212 79631
0.252147 53490
0.252154 64418
0.252157 89910
0.252158 2
0.25216 10932
0.252181 67441
0.252185 15758
0.2522 33180
0.252203 13127
0.252204 92325
0.252215 89997
0.252219 30726
0.252226 5197
0.252227 12217
0.25225 99594
0.252271 58254
0.252278 44782
0.252289 10439
0.252301 79770
0.252318 84698
0.252318 8949
0.252321 32995
0.252333 13832
0.25234 8869
0.252351 39297
0.252353 77492
0.252365 70836
0.252384 56315
0.252384 91134
0.252389 80804
0.25239 55068
0.2524 33200
0.252405 63170
0.252408 35379
0.252411 64664
0.252414 89590
0.252421 14131
0.252423 54309
0.252424 63215
0.252433 20561
0.252437 30630
0.25244 59717
0.252469 65066
0.252494 66798
0.252522 2439
0.252524 77378
0.252535 87443
0.252543 98316
0.252547 23747
0.252551 78243
0.252567 66134
0.252581 44420
0.25261 76769
0.25261 91429
0.252626 46937
0.252628 58084
0.252639 62530
0.252648 57159
0.25265 31075
0.25268 78137
0.252705 12612
0.252719 96217
0.252723 7420
0.252731 68889
0.252738 28617
0.252752 9768
0.252757 69685
0.25276 13445
0.252773 94376
0.252777 10911
0.252778 55313
0.25278 30971
0.25278 95713
0.252803 45011
0.252806 73174
0.252816 66815
0.252836 50436
0.252836 55486
0.252844 87430
0.252864 63081
0.25287 82307
0.252872 22279
0.252887 83947
0.252888 716
0.252897 17626
0.252918 11854
0.252923 56495
0.252926 1736
0.252927 53348
0.252943 25692
0.252966 52752
0.252976 72111
0.25298 42177
0.253004 52663
0.253008 89810
0.253012 90834
0.253013 98120
0.253019 100426
0.253019 101426
0.253025 68169
0.253036 13290
0.253041 16446
0.253061 5008
0.253063 12224
0.253069 95247
0.253072 65141
0.253082 21275
0.25309 3772
0.253114 100303
0.253114 101303
0.253115 79095
0.253118 42999
0.253125 55053
0.253133 87738
0.253135 62455
0.25314 63061
0.253141 27935
0.253151 65277
244 186