1 2
383
0.925583 14157
0.925585 22105
0.925586 83465
0.925595 53385
0.92561 57984
0.925685 49134
0.925685 59530
0.925705 84208
0.925744 29189
0.925752 604
0.925758 60178
0.925764 56222
0.925786 57275
0.925794 91181
0.925798 24227
0.9258 82658
0.925815 64218
0.92584 71043
0.925844 2209
0.92585 51214
0.925891 18815
0.925905 76441
0.925913 49541
0.925928 35862
0.925928 67648
0.925937 52884
0.925943 68391
0.925953 42399
0.925955 60662
0.925955 67713
0.925962 46029
0.925963 83259
0.925966 67317
0.925979 64975
0.925989 74185
0.925994 50636
0.926 23947
0.92601 81983
0.926012 44926
0.926014 54618
0.926024 10243
0.926024 78180
0.926029 6465
0.926032 69807
0.926048 32075
0.926052 73940
0.926074 53342
0.926076 58451
0.926081 79066
0.926089 97465
0.92609 83707
0.926092 71134
0.926095 24013
0.9261 35799
0.926101 886
0.92611 33901
0.926123 94253
0.92613 32618
0.926132 66219
0.926136 35892
0.92614 20106
0.92616 21543
0.926183 77277
0.92619 88053
0.926215 35738
0.926219 36390
0.92622 77482
0.926221 28231
0.926233 73934
0.926241 28362
0.926248 33672
0.92625 60926
0.926251 71744
0.926261 11232
0.926266 13845
0.926273 16464
0.926276 45170
0.926287 71082
0.926304 17241
0.926304 96861
0.926329 97060
0.92633 57836
0.926341 20316
0.926342 68795
0.926378 62409
0.926405 77462
0.926411 17355
0.926416 72373
0.92642 40848
0.926421 8929
0.926427 2562
0.926436 50913
0.92644 62445
0.926443 85102
0.926461 69444
0.926468 89925
0.926476 94206
0.926485 8457
0.926486 3219
0.926492 92047
0.926492 92430
0.926495 5290
0.926546 88166
0.926552 62051
0.926557 57425
0.926558 60778
0.926564 68130
0.926576 75627
0.926587 709
0.92659 21316
0.926592 74386
0.926601 16645
0.926605 2815
0.926615 84629
0.926621 87675
0.926638 43092
0.92665 36754
0.926655 14689
0.926656 58373
0.926664 38217
0.926665 14655
0.926681 75857
0.926703 76262
0.926723 53967
0.92673 10122
0.926735 90022
0.926742 74700
0.926762 15881
0.926768 22268
0.926781 90462
0.926795 75140
0.926802 12146
0.92681 70077
0.926815 76713
0.926826 83977
0.926842 42872
0.926855 46696
0.926861 88277
0.926863 63109
0.926865 26255
0.926876 39336
0.926903 87157
0.926916 81964
0.926928 77067
0.92693 10309
0.926932 28802
0.926952 13767
0.926959 79289
0.926968 78772
0.926973 96261
0.926995 87221
0.926997 81816
0.926997 91188
0.927007 89597
0.927021 42471
0.927041 44350
0.927059 891
0.927068 41704
0.927078 11605
0.927088 50590
0.927091 50040
0.927101 70877
0.927101 87642
0.927112 58511
0.927125 141
0.92713 28928
0.92715 55495
0.927156 86291
0.927163 92970
0.927176 44683
0.927184 73352
0.927186 81044
0.927188 4978
0.927191 40778
0.927196 26380
0.927202 80111
0.927204 8942
0.927211 67586
0.927237 99610
0.927271 56161
0.927297 93384
0.927309 20372
0.927313 78303
0.927316 73818
0.927322 80250
0.927337 22522
0.927351 74986
0.927362 89373
0.927369 70966
0.927384 98200
0.92739 90592
0.927394 53493
0.927403 59522
0.927406 8379
0.927419 85846
0.927437 31465
0.927445 51172
0.927452 81979
0.927453 7138
0.927519 17195
0.927526 63484
0.927533 34169
0.927547 75732
0.927552 44174
0.927556 857
0.927568 23575
0.927583 90626
0.927588 20971
0.9276 11050
0.927605 16888
0.927622 8601
0.92763 21778
0.927637 14851
0.927637 98810
0.927638 80121
0.927645 47494
0.92765 6031
0.92765 62322
0.927671 11217
0.927673 80209
0.927679 424
0.927682 71956
0.927683 14011
0.92769 21249
0.927693 51275
0.927695 61792
0.927696 79534
0.927702 33543
0.927702 74363
0.927703 19474
0.927708 23643
0.927712 17277
0.92773 15245
0.927742 27673
0.927762 58937
0.927765 16542
0.927772 41535
0.927778 4111
0.927779 53076
0.927783 27222
0.927789 35375
0.927794 78007
0.9278 36465
0.927803 26503
0.927808 61790
0.92781 2849
0.927817 76989
0.927829 47121
0.927831 21981
0.927832 81713
0.927842 5612
0.927846 69373
0.927847 19804
0.927848 47625
0.927849 27815
0.92785 18175
0.927858 42556
0.927858 70370
0.927861 27335
0.927871 36665
0.927913 4307
0.92792 38086
0.927933 47875
0.927935 52913
0.92795 1831
0.92797 88832
0.927972 36703
0.927985 88975
0.927993 43486
0.927996 61841
0.927999 52374
0.92803 83141
0.928036 44003
0.928039 87690
0.928065 78953
0.928074 93582
0.928084 34793
0.928086 99546
0.928097 50477
0.928107 7483
0.928117 84747
0.928126 84413
0.928134 21129
0.928141 70139
0.928148 69047
0.92815 64749
0.928154 47356
0.92816 42843
0.928175 27276
0.928177 30048
0.928179 50534
0.928188 94524
0.928197 37055
0.928199 60369
0.928212 30143
0.928214 82451
0.92822 63800
0.928249 7992
0.928254 31991
0.928258 15337
0.928264 71641
0.928278 55657
0.928295 69356
0.928326 50126
0.928355 15293
0.928377 72827
0.928395 75904
0.928404 12955
0.928405 81491
0.92842 70219
0.928428 60868
0.928439 11674
0.928447 4834
0.92845 70055
0.928474 93570
0.928481 81791
0.92849 6697
0.928492 98767
0.928505 78906
0.928515 38645
0.928521 10055
0.928534 49490
0.928536 94426
0.928546 22059
0.928546 9847
0.928577 29471
0.928591 73416
0.928594 81752
0.928594 93358
0.928598 68981
0.928612 51644
0.928618 23521
0.928626 17664
0.928633 6488
0.928645 9698
0.928668 68982
0.928696 90775
0.928709 53311
0.928724 35202
0.928731 42199
0.928736 69385
0.92877 63940
0.928771 79371
0.928776 11623
0.928778 41083
0.92878 32788
0.928784 7274
0.928789 20251
0.928828 98596
0.928859 3556
0.92888 23532
0.928893 38390
0.928899 38885
0.92892 87772
0.928925 45550
0.928926 78055
0.928971 9088
0.928991 16275
0.929009 25420
0.929012 18834
0.929021 23065
0.929037 38938
0.929051 63047
0.929066 10616
0.92907 48972
0.929114 6784
0.929126 19993
0.929126 93277
0.92913 24230
0.929157 70559
0.929163 55012
0.929164 50714
0.929169 74365
0.929171 59740
0.929178 26367
0.929186 64684
0.929187 80774
0.929212 84606
0.929226 95716
0.929231 41287
0.92924 42965
0.929244 24127
0.929274 30284
240 226