1 2
344
0.263744 17614
0.263757 93431
0.263765 22432
0.263768 83999
0.263769 17207
0.263769 28691
0.263793 60512
0.263831 72409
0.263837 39414
0.263839 37108
0.263842 20848
0.263854 64683
0.263856 28529
0.263859 55833
0.263864 81476
0.26387 27997
0.263873 44239
0.263882 62395
0.263904 29144
0.263916 63977
0.263919 50564
0.26392 57834
0.263933 40959
0.263945 61582
0.263955 50024
0.263959 25079
0.263985 52408
0.263992 79127
0.264 55174
0.264006 76653
0.264008 20661
0.264012 5831
0.264032 88906
0.264041 3215
0.264085 37079
0.264085 44988
0.264094 87792
0.264101 51765
0.264102 20986
0.264102 96648
0.264104 96577
0.264105 63460
0.264112 18002
0.264126 76775
0.264134 13679
0.264138 5596
0.264142 49848
0.264151 53828
0.26416 79311
0.264164 79725
0.264165 45020
0.264165 85224
0.264181 59034
0.264186 196
0.264188 77742
0.264189 22960
0.26419 83698
0.264198 92648
0.264211 82114
0.264218 94178
0.264225 16975
0.264225 93835
0.264227 57184
0.26424 98641
0.264268 28658
0.264272 51553
0.264277 17581
0.264278 84469
0.264283 93396
0.264284 19423
0.264284 57645
0.264296 4597
0.264306 78447
0.264333 12708
0.264382 99811
0.264398 70650
0.264408 1537
0.264425 58985
0.264428 87362
0.264432 76814
0.26446 8012
0.264468 79494
0.264477 80224
0.264489 23409
0.264489 56593
0.264495 42413
0.264498 42429
0.264512 75979
0.264514 13417
0.264564 59701
0.264593 72426
0.264603 25534
0.264605 56203
0.264612 34779
0.264625 55749
0.264633 86688
0.264634 8289
0.264643 16792
0.264644 51668
0.264653 91017
0.26466 45482
0.264673 24016
0.264678 31166
0.264706 25406
0.264725 1558
0.264757 88568
0.264763 36156
0.264775 86172
0.26478 17610
0.26478 98009
0.264802 78664
0.264809 55562
0.264809 70067
0.264811 83895
0.264823 26526
0.264834 52282
0.264851 5910
0.264855 57786
0.264873 64447
0.264883 83679
0.264887 33913
0.264902 2391
0.264908 85555
0.264945 5895
0.264947 12092
0.264951 5186
0.264952 21236
0.264952 74760
0.264958 1338
0.264959 66766
0.264964 68518
0.264968 67502
0.264977 23161
0.264977 34014
0.264984 44515
0.264989 24027
0.264996 1347
0.265 40068
0.265 69795
0.265017 18993
0.265019 4286
0.265022 24948
0.265026 36183
0.265031 66973
0.265068 36535
0.265084 27632
0.265095 70043
0.265105 35231
0.265106 82524
0.265108 58845
0.265111 63302
0.265113 29922
0.265124 1072
0.265142 91881
0.265149 34955
0.265168 70098
0.265201 12972
0.265243 81472
0.265246 65646
0.265251 6690
0.265261 21845
0.265265 42188
0.265274 83282
0.265304 15472
0.265325 85802
0.265338 9808
0.265346 71232
0.265348 63614
0.265366 28816
0.265383 12364
0.265397 48111
0.265404 66701
0.265465 21228
0.265473 88722
0.265475 39653
0.26548 75902
0.2655 37393
0.26552 21276
0.265521 37703
0.265526 57700
0.265527 78506
0.265532 94305
0.265533 46024
0.265552 73722
0.265553 14848
0.265588 86389
0.265597 83568
0.265609 63693
0.265645 60321
0.265664 9586
0.265683 14991
0.265685 82621
0.265713 42653
0.265713 9490
0.265725 6111
0.265744 29547
0.265759 66405
0.265772 92478
0.265776 5897
0.265782 63726
0.2658 89805
0.265851 42811
0.265859 84950
0.26588 3250
0.265883 66539
0.265889 72393
0.265903 72171
0.265907 30292
0.265923 71937
0.265924 59826
0.26593 19827
0.265945 34305
0.265967 30584
0.265976 78329
0.265977 18213
0.266011 51888
0.266015 42334
0.266018 91570
0.266028 46824
0.266047 26095
0.266048 44221
0.266091 5312
0.266108 23414
0.266155 5193
0.266164 22965
0.266164 47612
0.266218 57491
0.266229 71844
0.266237 18927
0.266248 23145
0.26625 71360
0.266258 71369
0.266262 74200
0.266266 96097
0.266274 23406
0.266324 58115
0.266329 57519
0.266355 63346
0.266358 3151
0.266363 94931
0.26637 15680
0.26638 53583
0.266388 14632
0.266417 40964
0.266431 52951
0.266443 71429
0.266444 49318
0.266507 5091
0.26651 6328
0.266563 98347
0.266574 85557
0.266588 12510
0.266622 29702
0.266623 35172
0.266624 48482
0.266625 52098
0.266631 59601
0.266634 11677
0.266641 25463
0.26665 18758
0.266654 90313
0.266669 92460
0.266679 47700
0.266688 82900
0.266712 99076
0.26672 14987
0.266722 74307
0.266727 10010
0.266736 73126
0.266746 24913
0.266748 10881
0.26675 81844
0.26676 50738
0.266772 28116
0.266777 7022
0.266802 8078
0.266805 18840
0.266816 83596
0.266824 43395
0.266826 23501
0.266826 63432
0.266884 15853
0.266885 72794
0.266946 41312
0.266947 57059
0.266947 97831
0.26695 17330
0.266951 24508
0.266959 41400
0.266975 58545
0.266981 81915
0.266999 8056
0.267003 53804
0.267004 34558
0.267004 9771
0.267018 72064
0.267023 73101
0.267033 1323
0.267044 62364
0.267048 92045
0.267058 49631
0.267065 43509
0.267071 37048
0.267098 45226
0.267101 12793
0.267118 66278
0.267131 47238
0.267135 78383
0.26714 7749
0.267148 16349
0.267148 63473
0.267162 9070
0.267173 70131
0.267178 78253
0.26719 68957
0.267193 4564
0.267206 81709
0.267207 15280
0.267226 28002
0.267228 13468
0.26732 20966
0.267337 15319
0.267371 49784
0.267386 84946
0.267401 57357
0.26742 40233
0.267424 48062
0.267436 5503
0.267444 85925
0.267448 73016
0.267458 40043
0.267462 59279
0.267477 29741
0.26748 71566
0.267501 79890
0.267513 56097
0.267515 2205
0.267528 2470
0.267542 79259
0.26755 99320
0.267561 62257
0.267565 81598
0.267577 20347
0.267646 14458
224 238