1 2
376
0.562382 60938
0.562385 26451
0.562388 12185
0.56239 82951
0.562424 12873
0.562426 89115
0.562434 1536
0.562454 59417
0.562481 60601
0.562491 73123
0.562512 45101
0.562514 68429
0.562539 41691
0.562542 92705
0.562555 51331
0.562576 86113
0.562578 68376
0.562583 68274
0.562585 51455
0.562609 94761
0.562614 65063
0.562624 48321
0.562628 94032
0.562633 82428
0.562638 49555
0.562641 14513
0.562653 48100
0.562654 16260
0.562658 57202
0.562659 94566
0.562663 76129
0.562666 79175
0.562667 76029
0.562673 20353
0.562674 81254
0.562679 38556
0.562682 95777
0.562683 73872
0.562689 17694
0.562694 73199
0.562694 8857
0.562727 1268
0.562746 17793
0.562748 6103
0.562759 77035
0.56277 92171
0.562783 29153
0.562786 38520
0.562786 99493
0.562794 58149
0.562794 65730
0.562802 1447
0.562803 28551
0.562805 50776
0.562806 31273
0.562811 83142
0.562821 64783
0.562822 92513
0.562826 97457
0.562829 56546
0.562861 91443
0.562899 94074
0.562911 52709
0.562942 66104
0.562947 3324
0.562947 79673
0.56295 10500
0.562955 50262
0.562975 65999
0.56298 584
0.562985 42048
0.562996 73744
0.563 988
0.563016 71013
0.563028 72165
0.563031 69171
0.563042 36713
0.563052 75735
0.563065 81482
0.563068 61432
0.56308 57288
0.563116 78237
0.563143 56992
0.563152 460
0.563159 91106
0.563163 6489
0.563167 93820
0.563168 95210
0.563178 36613
0.56318 16136
0.56318 82794
0.563182 69028
0.563187 7278
0.563198 78401
0.563199 39796
0.563216 94307
0.563218 70318
0.563222 13112
0.563234 70158
0.563234 82708
0.563239 98599
0.563264 3526
0.563297 53579
0.563299 96312
0.563301 29555
0.563303 89304
0.563312 47435
0.563319 77740
0.563349 28776
0.563356 40699
0.563382 86785
0.563399 61026
0.563406 71372
0.563417 16129
0.563418 98787
0.563421 44946
0.563423 36469
0.563434 40465
0.563464 35040
0.563465 63027
0.563474 75970
0.563483 51683
0.563491 40329
0.563512 67090
0.563526 82923
0.563529 59085
0.563532 15538
0.563537 94836
0.563544 23437
0.563547 20493
0.563547 46660
0.563549 39805
0.563554 65582
0.563564 87343
0.563576 33339
0.563577 90982
0.563589 16396
0.563608 70819
0.56361 96470
0.563635 45767
0.563666 95828
0.56367 91568
0.563684 54106
0.563708 16832
0.563709 4729
0.563733 25245
0.563748 3156
0.563767 48036
0.563772 42747
0.563776 44291
0.563787 61384
0.563792 82357
0.563808 38711
0.563813 7825
0.563837 654
0.563841 91814
0.563853 44094
0.563872 36007
0.563872 51768
0.563872 55587
0.563873 84013
0.563908 60801
0.563921 41732
0.563966 87990
0.563983 45202
0.563986 6794
0.563993 61883
0.564023 88807
0.56404 94586
0.564067 45395
0.564067 6152
0.564072 18732
0.564097 90510
0.564098 47542
0.564103 80671
0.564107 41178
0.56413 36394
0.564132 80402
0.564144 31641
0.564152 78323
0.564172 23084
0.564181 16761
0.564227 77629
0.564232 63065
0.564241 672
0.564264 5024
0.564288 5132
0.564293 34300
0.564297 8053
0.564301 12336
0.564312 65191
0.564333 1171
0.56436 33316
0.56437 4905
0.564398 79370
0.564462 96715
0.564468 20819
0.564484 73420
0.564494 47378
0.564511 3078
0.564512 43082
0.564516 19896
0.564521 37832
0.564524 75540
0.56454 72909
0.564557 38571
0.564563 66917
0.564564 39068
0.564564 88682
0.564565 60274
0.564577 6880
0.564587 41373
0.564597 54463
0.564601 10006
0.564608 56853
0.564645 63704
0.564645 91812
0.564651 62411
0.564653 35813
0.564657 40969
0.564664 12969
0.564665 62311
0.564668 47768
0.564675 34944
0.564683 7846
0.564686 7652
0.564691 65720
0.564692 5866
0.564704 76837
0.564732 69577
0.564739 49457
0.564747 71855
0.564749 34705
0.564765 23165
0.564777 11768
0.564778 63683
0.564779 12780
0.564794 65225
0.564798 58979
0.564799 35929
0.564804 1493
0.564805 85309
0.564825 76275
0.564828 45203
0.56483 74282
0.56486 5787
0.564875 43764
0.564881 7044
0.564889 13406
0.56489 55799
0.564891 68913
0.564893 37882
0.564934 47336
0.564938 97215
0.564939 2528
0.564944 19173
0.564944 31101
0.564948 31990
0.564965 78314
0.564971 25492
0.564994 3189
0.565006 65173
0.565014 10710
0.565015 86996
0.565045 23722
0.565045 63389
0.565068 22535
0.565082 87463
0.565104 13008
0.565105 57910
0.565109 88113
0.56511 73703
0.565114 51570
0.565123 80317
0.565125 49487
0.565131 18602
0.565132 32081
0.565139 30606
0.565149 61459
0.56517 70066
0.565181 54081
0.565181 96385
0.565192 90803
0.565196 23229
0.565213 43378
0.565223 9547
0.56523 95877
0.565237 63412
0.56525 24438
0.565255 29918
0.5653 67344
0.565306 61755
0.565307 34167
0.565321 77145
0.565334 72408
0.565374 47248
0.565389 97554
0.565421 35550
0.565425 16231
0.565428 66865
0.56544 7489
0.565473 23334
0.565473 34430
0.565476 34899
0.565481 29205
0.565481 49311
0.565492 67765
0.5655 24215
0.56551 77509
0.565516 61751
0.565517 58675
0.565528 64339
0.565563 81589
0.565581 22081
0.565587 61110
0.565612 96124
0.565616 98319
0.56562 98917
0.565621 38305
0.565658 94420
0.565668 94155
0.565679 19862
0.565681 5353
0.565686 36378
0.565687 20360
0.56569 35502
0.565697 92870
0.565703 64225
0.565709 45863
0.565712 61174
0.565749 76626
0.565782 80677
0.565784 32779
0.565789 42077
0.56579 94684
0.565805 54389
0.565811 14538
0.565816 84058
0.565831 35050
0.565868 82650
0.565872 14125
0.56588 37383
0.565881 1742
0.565888 7363
0.565904 53899
0.565919 77690
0.565929 12357
0.565931 76093
0.565949 11286
0.56595 71189
0.56596 67459
0.565964 1440
0.565967 29463
0.565971 56619
0.565975 87
0.565993 85161
0.566004 61707
0.566038 43198
0.566072 99159
0.566074 14317
0.566076 81255
0.56609 29946
0.566096 57965
0.566117 39082
0.566118 65886
0.566118 66805
0.56612 12193
0.56612 23871
0.566121 92411
0.566129 68034
0.566139 21515
0.566143 66088
0.566156 96223
0.566167 58127
0.56617 86229
0.566183 29113
253 216