1 2
372
0.745983 1226
0.745991 2524
0.745996 81376
0.745997 5968
0.746011 16608
0.746024 37035
0.746036 62635
0.746054 83985
0.746059 38114
0.746064 19179
0.746069 49576
0.746075 8622
0.746089 9268
0.746105 87856
0.746109 60137
0.746124 66544
0.746139 25232
0.746152 92701
0.74616 83653
0.746179 47328
0.746187 82529
0.74619 10266
0.746207 29765
0.746219 87375
0.746221 95940
0.746228 17684
0.746233 58184
0.746237 77000
0.746242 83230
0.746246 17565
0.746252 88369
0.746273 8785
0.746274 55789
0.746279 55754
0.746282 39540
0.746283 49612
0.746288 72855
0.74631 84176
0.746312 69473
0.746317 61265
0.74632 36161
0.746336 37312
0.746341 100620
0.746341 101620
0.746361 62671
0.746363 16508
0.746375 77447
0.746376 3503
0.746382 79639
0.746384 54554
0.746388 97732
0.746435 70056
0.746442 10298
0.746444 63422
0.746445 58452
0.746454 100160
0.746454 101160
0.74647 7259
0.746473 33738
0.746473 66480
0.746505 12825
0.746512 56410
0.746519 21367
0.746521 4398
0.746523 35977
0.746532 67367
0.746535 40174
0.746552 84483
0.746558 18136
0.746559 100180
0.746559 101180
0.746572 99810
0.746581 86656
0.746582 74286
0.746594 7348
0.746622 6658
0.746633 11795
0.746638 39451
0.746666 41419
0.746666 49420
0.746666 68234
0.746682 60188
0.746684 11981
0.746689 74670
0.746695 48583
0.746695 82435
0.746701 90585
0.74671 59814
0.746713 64410
0.746715 43658
0.746716 29801
0.746732 74196
0.746739 54614
0.746752 41761
0.746763 84836
0.746768 60877
0.746778 98195
0.746794 38224
0.7468 40412
0.7468 91915
0.746813 7323
0.746827 45324
0.74684 38377
0.746845 6650
0.746846 4911
0.746865 92786
0.746868 96165
0.74687 58204
0.746883 23493
0.746883 80545
0.746896 26567
0.746908 67217
0.746912 90049
0.746927 750
0.746937 90891
0.746949 83171
0.746952 1043
0.746961 79698
0.746972 60509
0.746972 74853
0.746974 59846
0.746986 4630
0.747012 44202
0.747035 33257
0.747037 16093
0.747051 12558
0.747086 21810
0.747093 76767
0.747101 25502
0.747119 30914
0.747137 56438
0.747139 60579
0.747142 56299
0.74717 72666
0.74717 99028
0.747177 60909
0.747178 100777
0.747178 101777
0.747187 95051
0.747192 50210
0.747201 60413
0.747201 77751
0.747207 33264
0.747209 13158
0.747216 100318
0.747216 101318
0.747226 26987
0.747227 17648
0.747237 54580
0.747241 5155
0.747263 52007
0.747267 48356
0.747275 73559
0.747282 33184
0.747292 6509
0.747304 21185
0.747305 10020
0.747316 78935
0.747322 47674
0.747333 83138
0.747341 17620
0.747341 51390
0.747343 42200
0.747371 18453
0.747372 57563
0.747373 16507
0.747377 40167
0.74738 61823
0.747387 53551
0.747403 24718
0.747409 13687
0.747421 8596
0.747424 43249
0.747425 89552
0.747431 5040
0.747438 74362
0.747448 83627
0.747452 22242
0.747453 32905
0.747455 6640
0.74746 49800
0.747485 85353
0.74749 38434
0.747499 5766
0.747499 92459
0.747502 47987
0.747505 30409
0.747506 61978
0.747508 63601
0.747529 23187
0.747548 97160
0.74755 9168
0.747561 36348
0.747569 46672
0.747589 61976
0.747592 1243
0.747596 28178
0.747622 6730
0.747629 67700
0.747639 52749
0.747653 59802
0.747658 73806
0.747665 14088
0.747672 31158
0.747673 70070
0.747678 65069
0.747679 94888
0.747685 21150
0.747697 10376
0.747697 66627
0.747704 77601
0.747706 66090
0.747711 37412
0.747726 11308
0.747744 67373
0.747748 3481
0.747781 93511
0.747824 54793
0.747827 33767
0.747835 12667
0.747854 13157
0.747863 2050
0.747883 22974
0.747909 86763
0.747924 31824
0.747931 412
0.747939 54175
0.747961 79123
0.747974 54819
0.747974 83640
0.748007 43331
0.748022 86653
0.748052 80874
0.748054 100002
0.748054 101002
0.748054 102002
0.748055 79948
0.748065 99238
0.748082 58677
0.748093 68090
0.748098 32102
0.748102 29072
0.748106 88903
0.748107 75272
0.748117 39078
0.748117 95785
0.748144 35426
0.748145 12410
0.748179 46375
0.748194 48737
0.748202 18491
0.748233 74221
0.748271 56747
0.748272 49844
0.748286 76412
0.748304 15621
0.748308 43375
0.748308 86614
0.748325 18652
0.748327 25095
0.748366 90568
0.748367 5883
0.748377 83940
0.748379 64302
0.748394 22379
0.748407 96161
0.748421 56308
0.748423 27652
0.748446 56457
0.748455 59637
0.74847 42490
0.748472 1952
0.748473 20647
0.748491 66010
0.748502 87258
0.748504 82061
0.748514 23726
0.748529 28475
0.748531 29244
0.748536 45145
0.748547 49907
0.748556 2206
0.748572 42129
0.748594 49401
0.7486 6655
0.748608 39634
0.74862 50432
0.748629 68744
0.748631 11275
0.748651 14171
0.748653 33721
0.748667 59600
0.748669 2497
0.748671 4394
0.748685 92354
0.748696 92956
0.748717 67073
0.748736 62020
0.748747 22421
0.748755 99111
0.748756 22732
0.748758 44594
0.748782 91730
0.748798 12843
0.748817 1897
0.748836 79226
0.748837 67211
0.748845 4912
0.748853 85479
0.748857 45286
0.74886 89266
0.748874 74689
0.748878 50545
0.748886 99670
0.748895 68016
0.748907 90377
0.748914 66626
0.748915 55730
0.748918 1540
0.748919 5899
0.748954 25373
0.748967 23416
0.748969 75146
0.748973 23486
0.748973 46908
0.748978 54692
0.748989 91032
0.748996 50047
0.749 5191
0.749015 57606
0.749034 97283
0.749044 57496
0.749076 98652
0.74908 18038
0.749083 65759
0.749122 91715
0.749128 33302
0.749134 3747
0.749167 94906
0.749172 31182
0.749192 41282
0.7492 54190
0.749202 85269
0.749214 41515
0.749249 15775
0.749264 14671
0.749266 1044
0.749283 55158
0.749287 62142
0.74932 4526
0.749324 34391
0.749336 55479
0.749341 35721
0.74937 44097
0.74938 15308
0.749384 77171
0.749388 60016
0.749401 51188
0.749405 78720
0.749434 64222
0.749434 98775
0.749438 91058
0.749442 9356
0.749443 36560
0.749443 51869
0.749447 56109
0.749465 84593
0.749476 87755
0.749477 48562
0.749487 17182
0.749492 53355
0.749506 67188
236 211