1 2
362
0.066374 27122
0.066394 60687
0.066396 5735
0.066405 75139
0.066407 77291
0.066454 54875
0.066454 62210
0.066456 84127
0.066462 41538
0.066465 60033
0.06652 52491
0.066536 96801
0.066546 68065
0.066557 53439
0.066575 71987
0.066594 13092
0.066607 75982
0.066608 29076
0.066644 56105
0.066658 60893
0.066667 18030
0.066708 39537
0.066732 42825
0.066733 97596
0.066743 44342
0.06676 70391
0.06677 51611
0.066783 75696
0.066804 7314
0.066836 65491
0.066841 69324
0.066843 52965
0.066851 57652
0.066855 8581
0.066867 66581
0.06687 91297
0.066871 57684
0.066876 100607
0.066878 92925
0.066884 72717
0.066885 72205
0.066894 63142
0.066902 18961
0.066907 7379
0.066922 95052
0.066924 8029
0.066934 85115
0.06694 39337
0.066941 24699
0.06695 28608
0.06695 86502
0.066952 39280
0.066955 15487
0.066958 44689
0.066976 10619
0.066989 78483
0.067013 46773
0.067027 93711
0.067042 91327
0.067049 64851
0.067061 70257
0.067061 86489
0.067067 14838
0.06707 59033
0.067086 85088
0.067109 90385
0.067124 3669
0.067174 31008
0.067181 31083
0.067201 28211
0.067204 46271
0.067215 21334
0.067222 33395
0.067235 699
0.067243 41264
0.067243 5554
0.067245 76704
0.067252 16493
0.067256 18881
0.06726 30169
0.067267 21010
0.067286 32249
0.067293 74066
0.067308 41392
0.067335 89003
0.067337 79900
0.067345 3754
0.067351 63590
0.067371 48948
0.067376 83888
0.067416 100347
0.067429 5175
0.067438 17205
0.067441 38417
0.067443 41069
0.067443 68270
0.067444 93808
0.067451 26110
0.067455 44746
0.06746 208
0.067461 67041
0.067487 98518
0.067488 38261
0.067492 36448
0.067495 10526
0.0675 14363
0.0675 89302
0.067513 16920
0.067521 87018
0.067537 86758
0.06754 79114
0.067544 39876
0.067567 19353
0.067569 50633
0.067588 56678
0.067592 30497
0.067594 56621
0.0676 42553
0.067601 39430
0.067601 84696
0.067611 20927
0.067612 45032
0.067614 4578
0.067622 12351
0.067633 86706
0.067657 47712
0.067662 79075
0.06767 13031
0.067683 89487
0.067712 82319
0.067715 26947
0.067723 100251
0.067749 40649
0.067754 56627
0.06776 54278
0.067765 86179
0.067768 65231
0.067795 29769
0.067795 64835
0.067803 44279
0.06781 39646
0.067814 41758
0.067836 42058
0.067858 86899
0.067859 85455
0.067872 69583
0.067874 45147
0.067886 51419
0.067897 70822
0.067897 85219
0.067899 68478
0.067904 91055
0.067913 9573
0.067935 37916
0.067939 89426
0.067947 13105
0.067979 50997
0.067986 54552
0.067999 40610
0.068 100759
0.068001 86059
0.068005 1932
0.068008 40559
0.068023 33413
0.068038 87467
0.068052 97956
0.068053 49250
0.068054 44240
0.068063 96545
0.068067 84487
0.068074 56634
0.068076 35852
0.068077 38472
0.068097 91158
0.068105 81398
0.068115 63876
0.068138 14349
0.068145 72654
0.068145 81093
0.068154 30891
0.068154 99425
0.068156 86545
0.068158 1056
0.068162 80862
0.068165 40258
0.068173 1322
0.068177 42374
0.068179 79779
0.068194 9651
0.068198 763
0.068227 30685
0.068236 85055
0.068261 49381
0.068304 956
0.068309 17222
0.068312 20238
0.068313 47326
0.068314 75289
0.068326 2457
0.068327 33673
0.06833 98938
0.068334 54506
0.068339 62537
0.068345 794
0.068346 4020
0.068347 52445
0.068348 36221
0.068355 88224
0.06836 77705
0.068378 24669
0.068394 54572
0.068398 28568
0.06841 82458
0.068419 29944
0.068428 1995
0.068437 40075
0.068441 27284
0.068465 65447
0.068474 86986
0.06849 17746
0.068495 71198
0.068498 31552
0.068532 11044
0.068554 5426
0.068558 10641
0.068561 68956
0.068565 39667
0.068593 93071
0.068594 57037
0.068595 36186
0.068605 26229
0.068623 59735
0.068655 19593
0.06867 59738
0.06868 74631
0.068693 16930
0.068702 33104
0.068702 75070
0.068703 89395
0.068712 87186
0.068718 26176
0.068718 47110
0.068731 14336
0.068742 14771
0.068751 66416
0.068753 49989
0.068754 75934
0.068758 19194
0.068762 42606
0.068762 91968
0.068768 97620
0.068775 62054
0.068776 55115
0.068777 57857
0.068808 8384
0.06881 73461
0.068813 19007
0.068824 60316
0.068829 86393
0.068848 56313
0.068868 50922
0.06888 99987
0.068882 29149
0.068884 59981
0.068892 2667
0.068892 57551
0.068898 13137
0.068903 64624
0.068908 7724
0.068927 71467
0.068936 25881
0.06894 73108
0.068943 95920
0.068958 86218
0.068968 63118
0.068984 4259
0.068989 1629
0.069016 45586
0.069025 11070
0.069027 94432
0.069035 65870
0.069068 4212
0.069085 33318
0.069129 95604
0.069146 84846
0.06915 22982
0.06916 38947
0.069178 36767
0.069182 6971
0.069209 9193
0.069251 52274
0.069263 93691
0.069267 81942
0.069299 22845
0.06931 82760
0.069312 68345
0.069314 89155
0.069338 35737
0.069348 28179
0.069358 571
0.069373 2995
0.069376 24762
0.069377 5166
0.069378 41123
0.069402 61270
0.069406 18013
0.069416 36530
0.069422 30172
0.069436 22946
0.069452 27829
0.069463 46601
0.069465 10516
0.069476 7950
0.069478 9406
0.069484 89734
0.069494 32915
0.069502 21056
0.069515 14942
0.06952 62464
0.069537 20823
0.069541 47266
0.069548 43620
0.069553 4353
0.069557 8973
0.069561 19484
0.069573 37163
0.069581 51591
0.069581 86197
0.069612 71243
0.069621 59491
0.069625 99524
0.069628 92791
0.069666 58393
0.069673 25615
0.069682 43845
0.069683 55008
0.069684 49135
0.069684 53466
0.069699 32540
0.069701 73878
0.069701 88297
0.069705 65165
0.069713 20874
0.069713 81458
0.069716 95938
0.069743 11249
0.069762 74973
0.069782 9720
0.069787 74073
0.069796 10910
0.069808 79397
0.069813 68894
0.069814 35283
0.069829 4207
0.069846 12000
0.069853 32525
0.069869 36425
0.06987 32955
0.069884 28539
0.069884 41547
0.069885 12538
0.069904 48165
212 225