1 2
415
0.058463 51809
0.05847 23497
0.058475 6583
0.058482 98547
0.058495 38488
0.058501 43099
0.058506 17842
0.058522 58077
0.058529 50659
0.058531 60250
0.058546 34583
0.058563 85758
0.058581 97175
0.058629 41907
0.058633 98443
0.058673 56740
0.058678 9425
0.058679 10712
0.058688 72729
0.058691 21300
0.058696 58070
0.0587 85928
0.058719 20229
0.058734 11393
0.058737 51886
0.058737 90102
0.058741 94351
0.058758 72380
0.058793 62649
0.0588 59470
0.058803 40960
0.058813 37769
0.058828 77519
0.058832 98862
0.058836 84006
0.058837 26753
0.058854 51223
0.058864 24671
0.058881 85909
0.058884 69868
0.058886 97942
0.058893 69887
0.058902 12002
0.058904 61130
0.058911 39101
0.058946 19988
0.05896 93293
0.058968 44487
0.058998 99766
0.059013 77938
0.059016 60144
0.059019 33451
0.059025 79842
0.059033 90181
0.059034 22864
0.059046 92895
0.059058 17491
0.05909 92311
0.059097 73335
0.059104 47780
0.059108 43385
0.059113 61401
0.059125 74269
0.059132 4108
0.059148 71346
0.059167 38302
0.059182 57441
0.059186 33179
0.0592 93437
0.059221 82565
0.059231 85214
0.059232 32261
0.059255 14968
0.059255 80868
0.059258 68312
0.059261 85405
0.059301 47973
0.059301 98283
0.059329 89241
0.05933 28675
0.059343 66655
0.059361 38346
0.059374 37811
0.059384 8005
0.059386 34011
0.059394 72323
0.059415 100682
0.059415 101682
0.059424 11538
0.059432 94451
0.059433 67382
0.059435 17991
0.059446 51939
0.059475 4974
0.059486 82835
0.05949 3567
0.059495 45284
0.059503 84855
0.05951 89928
0.05952 87370
0.059524 33226
0.059532 69494
0.059542 8411
0.059564 58589
0.059589 87512
0.059595 92894
0.059605 37961
0.059607 94668
0.059621 76234
0.059636 17028
0.059651 32557
0.059658 20453
0.05966 69560
0.059663 89747
0.059666 1289
0.059674 32393
0.059676 30462
0.059683 74434
0.059687 28535
0.059718 70363
0.059732 10350
0.059738 44912
0.05974 95076
0.059746 53773
0.059764 69190
0.05977 91041
0.059782 41160
0.059789 76850
0.059791 90454
0.059797 35751
0.059804 75648
0.059831 3707
0.059841 84798
0.059842 79533
0.059846 98480
0.059848 95241
0.059863 97172
0.059866 25868
0.059897 42259
0.059901 2147
0.05991 35576
0.059911 26405
0.059915 32900
0.059924 43386
0.059924 60027
0.059944 61787
0.059976 36750
0.059995 44492
0.060016 86703
0.060022 100832
0.060022 101832
0.060027 69979
0.060033 43343
0.060033 53219
0.060038 46
0.060061 24118
0.060064 9217
0.060068 39842
0.060072 17508
0.060093 47205
0.060094 70189
0.060108 3899
0.060122 84390
0.06014 36229
0.060141 45998
0.060144 69855
0.060152 79571
0.060154 48025
0.060156 2488
0.060165 33036
0.060195 19019
0.0602 13529
0.0602 2660
0.060246 28255
0.060254 52016
0.060261 17625
0.060276 35990
0.060292 4019
0.060293 45621
0.060305 71546
0.060308 20961
0.060309 21848
0.060311 35003
0.060336 75728
0.060341 78274
0.060342 22675
0.060347 100023
0.060347 101023
0.060347 102023
0.060359 99065
0.060363 61890
0.060389 13289
0.060393 13097
0.060411 21726
0.060412 94685
0.060427 67728
0.060459 28583
0.060463 75472
0.060473 87437
0.06049 31608
0.060497 94263
0.060511 15365
0.060516 34099
0.060517 84852
0.060518 79804
0.060527 60844
0.060537 7177
0.060538 89954
0.060548 78028
0.060569 99706
0.060589 72840
0.060591 7548
0.060598 70817
0.060602 50476
0.060609 90890
0.060633 84159
0.060636 33887
0.060653 51516
0.060657 74846
0.060671 30578
0.060679 78022
0.060683 33017
0.060684 5019
0.06069 80706
0.060692 94582
0.060708 20929
0.06072 65629
0.060723 77977
0.060726 24133
0.060733 97665
0.060734 51847
0.060755 69159
0.060789 87837
0.060799 35251
0.060801 11035
0.06081 60536
0.06085 17891
0.060855 67520
0.060866 12715
0.060893 67221
0.060895 23604
0.060904 34867
0.060905 40739
0.060914 69574
0.060916 67806
0.060936 27792
0.06096 2940
0.060965 65254
0.06097 33024
0.060987 64248
0.061003 8770
0.061038 19556
0.061038 42684
0.061041 43025
0.061057 49906
0.061082 2630
0.061116 30801
0.061129 63878
0.061134 4995
0.061143 34640
0.061146 1966
0.061154 50286
0.06118 52092
0.061204 18925
0.061204 44987
0.06123 6752
0.061239 84440
0.061252 56460
0.061253 57292
0.061269 87867
0.061272 98248
0.061288 95068
0.061291 27153
0.061312 17156
0.061314 52010
0.061314 58304
0.061332 74482
0.061348 18760
0.061359 16130
0.061368 35579
0.061368 4443
0.061369 73036
0.061384 94232
0.061388 11439
0.061392 100307
0.061392 101307
0.061396 70046
0.061397 32817
0.061412 60356
0.061427 81130
0.061441 7901
0.061453 49241
0.061456 32942
0.061458 85286
0.06149 65669
0.061512 8583
0.061515 52076
0.061521 32041
0.061525 13952
0.061536 70956
0.061556 94551
0.061557 25855
0.061563 94579
0.061582 35220
0.061584 70826
0.061588 70344
0.061598 53349
0.061598 71759
0.061625 29444
0.061631 26606
0.061632 64983
0.061634 15713
0.061639 34015
0.061654 42179
0.061664 2310
0.061673 68033
0.061677 28647
0.061688 15550
0.061708 66781
0.061721 54275
0.061753 34328
0.061754 79367
0.061754 9750
0.061762 39279
0.061764 4153
0.061767 61748
0.061774 59286
0.061776 55493
0.061777 78862
0.061795 10707
0.061804 24046
0.061805 90128
0.061807 18192
0.06182 58741
0.06183 28805
0.061842 12586
0.061845 51291
0.06187 48874
0.061875 50430
0.061878 54631
0.061891 48860
0.061902 52311
0.061906 60004
0.06192 2340
0.06192 88422
0.061927 55042
0.061928 90270
0.061931 75287
0.061938 57568
0.06194 22470
0.061943 61849
0.061948 18754
0.061953 48495
0.061964 78675
0.061965 11388
0.061982 27891
0.061983 7109
0.062002 34415
0.062004 75642
0.062029 33608
0.062035 54547
0.062036 22478
0.062039 44079
0.06206 94373
0.062065 100754
0.062065 101754
0.062065 99139
0.06207 59327
0.062071 28603
0.062078 99317
0.062079 16656
0.062081 10596
0.062083 9927
0.062092 12853
0.062125 56196
0.062134 5801
0.062177 13233
0.062206 100899
0.062206 101899
0.062211 80026
0.062218 69763
0.062227 26370
0.062231 91684
0.062243 96082
0.06225 100721
0.06225 101721
0.062254 93861
0.062259 68874
0.062261 22987
0.062275 45015
0.062285 39438
0.062303 58147
0.062307 41253
0.062321 57796
0.062326 1185
0.062354 79742
0.06237 97155
0.062381 82905
0.062383 77299
0.062393 66618
0.062408 68446
0.062413 84712
0.062418 60088
0.062424 89845
0.062431 21421
0.062434 86856
0.062443 77457
0.062447 84158
0.062465 35269
0.062473 55315
0.062478 65257
0.062481 57395
0.06252 47297
0.062555 4734
0.062569 4085
225 198