1 2
368
0.714995 14299
0.714997 80180
0.714998 22879
0.714998 92773
0.715002 75794
0.71501 21324
0.715016 80559
0.71502 12970
0.715038 80487
0.715039 24519
0.715046 5713
0.715046 91686
0.715049 81668
0.715096 89909
0.715099 97721
0.715101 71419
0.715106 70719
0.715112 24844
0.715114 97828
0.715116 25391
0.715117 82847
0.71512 51283
0.71512 66718
0.715123 40313
0.715125 59403
0.715134 54785
0.715136 94026
0.715138 13477
0.715139 85830
0.715143 30496
0.715157 42171
0.715159 52461
0.715173 88915
0.715182 88900
0.715183 26678
0.715188 5229
0.715193 36769
0.715197 68265
0.715201 73809
0.715207 38310
0.715236 51501
0.715241 57767
0.715244 40040
0.715247 26044
0.715255 51726
0.715267 29862
0.715271 16913
0.715279 94801
0.715284 89653
0.715288 71260
0.715292 78364
0.715309 14230
0.715311 27405
0.715315 31859
0.715319 24743
0.715322 57165
0.715329 67067
0.715335 95872
0.715348 89903
0.715351 95348
0.715358 35112
0.715363 11678
0.715372 94917
0.71539 71475
0.715414 73106
0.71543 58198
0.715446 88240
0.715454 93306
0.715454 97129
0.715463 1869
0.71547 49991
0.715472 77768
0.715491 83301
0.715501 27404
0.715518 89267
0.715525 9381
0.715549 11842
0.715557 43008
0.715559 78307
0.71556 33606
0.715567 53681
0.715581 25695
0.715586 8963
0.715595 95307
0.715597 76125
0.715598 50715
0.715606 99991
0.715632 94727
0.715635 14149
0.715637 84396
0.715638 3101
0.715643 60
0.715659 61024
0.71567 55169
0.715678 46668
0.715697 51052
0.71571 23797
0.715712 83746
0.715717 28935
0.715726 1688
0.715741 66572
0.715748 4454
0.715783 56786
0.715786 84513
0.7158 42054
0.715828 62604
0.715834 52959
0.715845 38631
0.715856 86492
0.715859 30876
0.71587 42132
0.715882 39663
0.715894 8602
0.715903 40357
0.715912 14886
0.715931 18968
0.715936 72551
0.715949 94152
0.715955 86807
0.715955 97529
0.715961 89541
0.715963 37311
0.715967 573
0.715985 56983
0.715993 63664
0.716016 46960
0.71603 50588
0.716035 43699
0.716037 74588
0.716039 45643
0.716055 24899
0.71606 3252
0.716072 70910
0.716075 11287
0.716095 73652
0.716127 81530
0.71613 40854
0.716146 69314
0.716153 45402
0.716171 17316
0.716175 50582
0.716182 81900
0.716185 47688
0.71619 8904
0.716197 7970
0.716198 56289
0.716207 26173
0.716208 92564
0.716214 16413
0.716221 35752
0.716224 6635
0.716231 24649
0.716234 94271
0.716237 99150
0.716246 9350
0.716246 98631
0.716261 56633
0.71627 47400
0.716277 51213
0.716278 30390
0.716306 14703
0.716313 64918
0.716342 13077
0.716352 34414
0.716358 94747
0.716381 70361
0.716389 10187
0.716396 6250
0.71643 68002
0.716454 59592
0.716455 72004
0.716461 10637
0.716468 49054
0.716487 38399
0.716489 75938
0.716534 20265
0.716548 28974
0.716575 25124
0.716586 72876
0.716603 13491
0.716604 95712
0.716611 23400
0.716615 92668
0.716626 47416
0.716633 76681
0.716643 58791
0.716651 57307
0.716651 68627
0.716654 8847
0.716678 51643
0.716696 33223
0.716703 8612
0.716708 96149
0.716712 21338
0.716713 88813
0.716727 82757
0.716731 65350
0.716731 71095
0.716733 6947
0.716749 75136
0.71675 46547
0.716754 66468
0.716764 4384
0.71677 78697
0.716782 85213
0.716809 42163
0.71681 78998
0.716819 13116
0.716823 99252
0.716845 29688
0.716847 84956
0.716859 74930
0.716862 87378
0.716863 70379
0.71687 70709
0.716878 56986
0.716882 81275
0.716889 7426
0.716896 73312
0.716897 65718
0.716923 19495
0.716924 88081
0.716943 1874
0.716963 50906
0.716969 44147
0.716978 22921
0.717003 97305
0.717009 14416
0.717014 3914
0.717018 79632
0.717033 3027
0.717045 88944
0.71705 10330
0.717076 18367
0.717079 8962
0.717079 98152
0.717081 8316
0.717084 41678
0.717098 54698
0.717114 71677
0.717125 88036
0.717138 32722
0.717139 21489
0.717141 31986
0.717157 52743
0.717161 49084
0.717162 37051
0.717202 74943
0.717247 71840
0.717257 7993
0.717257 93427
0.717273 41261
0.717273 91179
0.717275 12352
0.717276 76922
0.717282 62524
0.717312 19523
0.717366 18063
0.717376 11577
0.717395 90089
0.717408 7541
0.717411 4199
0.717417 99526
0.717433 28942
0.717442 50085
0.717442 77815
0.717461 96603
0.717462 64946
0.717463 49328
0.717472 90372
0.717477 41772
0.717477 71959
0.717484 63865
0.717488 71326
0.717529 8851
0.717559 24275
0.717559 62007
0.717583 3977
0.717583 83894
0.717584 17975
0.717595 46901
0.717615 46190
0.717616 96320
0.717619 42448
0.717635 44504
0.71764 80912
0.717658 30854
0.71766 89748
0.717662 97516
0.717671 94402
0.717682 77480
0.717692 2721
0.717692 45576
0.71772 15109
0.717722 51267
0.717724 67937
0.717727 17172
0.717738 45050
0.717755 98941
0.717769 53668
0.717769 64020
0.717778 21979
0.71778 88112
0.717786 33567
0.717794 83456
0.717796 85450
0.717802 33207
0.717808 60381
0.717814 77974
0.717827 87452
0.717833 96863
0.717838 7504
0.717853 2267
0.717859 18613
0.717869 53314
0.717884 32417
0.717898 94908
0.7179 92839
0.717919 32678
0.717937 77589
0.717956 32128
0.717967 42604
0.717986 59346
0.717986 79594
0.718013 38453
0.718013 55122
0.718014 85582
0.718017 86585
0.718032 32221
0.718033 21259
0.718044 60875
0.718069 25882
0.718089 19080
0.718094 18354
0.718094 51934
0.718102 27943
0.718107 37455
0.718112 81239
0.718114 71101
0.71812 23478
0.718135 86027
0.718138 95167
0.718139 85744
0.718145 8385
0.718147 12441
0.718163 19965
0.718166 82442
0.718166 86066
0.718169 23742
0.718174 51083
0.718185 95352
0.718186 8571
0.718199 21566
0.718221 86216
0.718252 70526
0.718257 6311
0.71827 43297
0.718292 11334
0.718294 4484
0.718302 66292
0.718307 91944
0.718319 98993
0.718321 14787
0.718328 65882
0.718329 80305
0.718342 71808
0.718343 54066
0.718343 77820
232 246