1 2
359
0.790581 42702
0.790589 59449
0.790596 86248
0.790599 85997
0.790605 91597
0.790611 66937
0.790625 2726
0.790639 27102
0.790641 50740
0.790655 7687
0.790665 43287
0.790666 14383
0.790686 33759
0.790703 94363
0.790706 36808
0.790708 39425
0.790713 95529
0.790717 26342
0.79072 58297
0.790722 18465
0.790723 38828
0.790725 11415
0.790728 5135
0.79073 85626
0.790739 60630
0.790752 39760
0.790756 34139
0.790776 62842
0.790786 60530
0.790787 74879
0.790788 91549
0.790795 4659
0.790798 98197
0.790827 91153
0.790828 77363
0.790835 23078
0.790836 49245
0.790848 74535
0.790857 97401
0.790872 49999
0.790873 90863
0.790886 81956
0.790895 87541
0.790896 31647
0.790912 28567
0.790922 65783
0.790932 11834
0.790937 70764
0.79094 53897
0.790941 56447
0.790955 16079
0.790974 69616
0.790983 92488
0.791007 58585
0.791013 96498
0.791018 57368
0.791029 27190
0.79103 50134
0.791042 65369
0.791047 98772
0.791056 5411
0.791062 13749
0.791106 71926
0.791134 82516
0.79114 29869
0.791141 81128
0.791156 66964
0.791159 17429
0.791167 90269
0.79117 2604
0.791178 43131
0.791181 86345
0.791231 21742
0.791233 37167
0.791287 29004
0.791293 75352
0.791314 71499
0.791316 94947
0.791321 92226
0.791334 78910
0.79134 36584
0.79134 7035
0.791341 19799
0.791343 38804
0.791344 83508
0.791351 83486
0.791383 83980
0.791405 50622
0.79141 79277
0.791413 91582
0.791419 42008
0.791427 82991
0.791434 41433
0.791434 59394
0.791454 81382
0.791457 13625
0.791462 21030
0.791479 52947
0.791481 4708
0.791509 74778
0.791523 73667
0.791537 11211
0.791542 76306
0.791577 6211
0.79158 43363
0.791611 37905
0.791628 23202
0.79166 92903
0.791663 17773
0.791672 16540
0.791672 33936
0.791682 56122
0.791689 4290
0.791692 24167
0.791705 32490
0.791707 77317
0.791725 73244
0.791734 97703
0.791738 854
0.791739 25520
0.791748 15602
0.791753 40537
0.791757 76529
0.791761 20870
0.791781 85473
0.791784 73769
0.791791 39533
0.7918 62846
0.791815 65373
0.791819 46450
0.791821 24282
0.791838 2359
0.79184 32943
0.79184 96325
0.791873 49651
0.791886 39005
0.791892 93505
0.791906 89153
0.79191 12984
0.791914 95705
0.791937 14150
0.791945 41841
0.791946 57701
0.791953 64165
0.791956 75729
0.791957 813
0.79196 60866
0.791986 88235
0.791989 41676
0.792 8652
0.792003 25113
0.79202 47061
0.792031 1140
0.792033 30313
0.792065 16201
0.792071 20521
0.792083 73233
0.792101 74191
0.792106 54972
0.792126 94957
0.792139 16729
0.792144 77905
0.792148 60894
0.792158 121
0.79217 42158
0.79217 81181
0.792186 37902
0.792188 61835
0.792221 74206
0.792243 78178
0.792243 87092
0.792271 68799
0.792275 74639
0.792289 69840
0.792311 5730
0.792312 28908
0.792318 41942
0.792324 6580
0.792325 56936
0.792326 52474
0.792381 18040
0.792389 96283
0.792408 64281
0.792419 5574
0.792422 99581
0.792426 33688
0.79243 26648
0.792435 39376
0.792458 45949
0.792474 25707
0.792492 51496
0.792502 20839
0.792502 61076
0.792506 6892
0.79252 19295
0.792539 64423
0.792564 54869
0.792565 31878
0.792575 56132
0.792578 61961
0.79259 85847
0.792614 45413
0.792633 59049
0.792637 78997
0.79264 65311
0.792649 10440
0.792651 334
0.792684 44927
0.792684 78225
0.792706 89635
0.792709 46146
0.792715 80663
0.792729 12284
0.792755 58336
0.79277 53162
0.792774 12526
0.792783 71065
0.792791 3413
0.7928 21752
0.792827 100654
0.79283 49306
0.792831 9018
0.792834 22716
0.79286 46803
0.79286 63862
0.792861 22008
0.792865 5731
0.792872 61973
0.792874 787
0.792893 75380
0.792898 96564
0.7929 32028
0.792902 27579
0.792912 22455
0.792932 22926
0.792934 11685
0.792945 60127
0.792948 47575
0.792953 63171
0.792959 59058
0.792961 70606
0.792968 95027
0.792972 11320
0.792979 40571
0.792988 93129
0.792993 62634
0.792995 95038
0.792998 81923
0.793044 19253
0.793065 19388
0.793065 8227
0.793069 68093
0.793076 50323
0.793084 10259
0.793101 26728
0.793105 38687
0.793113 97378
0.793123 74511
0.793125 40780
0.793159 49988
0.793168 92643
0.793177 71306
0.793177 98824
0.793179 44752
0.79318 90114
0.793185 92877
0.793188 60706
0.793194 27710
0.793196 15427
0.79322 51012
0.793223 86203
0.793238 2158
0.793245 52882
0.793253 61418
0.793274 74419
0.793275 72749
0.79328 37451
0.793286 74346
0.793287 30243
0.793287 72668
0.793291 68638
0.793327 100666
0.793338 1405
0.793348 89010
0.793361 62753
0.793362 7482
0.793366 67118
0.793371 25341
0.793372 10078
0.793376 666
0.793385 20630
0.793422 64823
0.793424 42913
0.793425 45310
0.793436 81331
0.793443 88230
0.793447 81282
0.793459 22201
0.793474 82192
0.793502 56579
0.793551 25964
0.793557 76295
0.793557 87823
0.79356 59947
0.793575 45086
0.793577 50810
0.79359 90589
0.793594 36253
0.793603 56077
0.793607 59546
0.793619 86495
0.793625 57675
0.793656 92297
0.793657 72617
0.793659 43597
0.793665 97674
0.793667 16409
0.793678 54841
0.793682 13204
0.793692 21420
0.7937 19491
0.793706 83064
0.793718 53330
0.793729 13856
0.793739 1076
0.793749 17521
0.793755 47642
0.793759 90917
0.793767 19503
0.79377 77321
0.793772 40578
0.793778 7910
0.793791 21022
0.793797 42876
0.793822 50318
0.79383 16139
0.793836 14954
0.793845 4917
0.793845 90934
0.793847 79765
0.793874 7374
0.79388 3043
0.793927 26043
0.793938 99586
0.793945 40133
0.793984 25186
0.794004 89637
0.794026 75753
0.794029 26384
0.794041 77833
0.794042 98603
0.794091 32151
0.794096 6657
0.794099 7632
0.794104 680
0.794107 57602
0.794113 81545
0.794138 52112
0.794138 93551
201 245