1 2
353
0.834639 36041
0.834658 58885
0.834665 37468
0.834674 12126
0.834676 46671
0.834685 19608
0.834713 28844
0.834721 29971
0.834722 15218
0.834732 288
0.834736 14523
0.834739 18916
0.834739 22545
0.834754 7614
0.834778 72569
0.834786 59310
0.834792 59597
0.834794 3251
0.834801 58799
0.834837 95482
0.834847 17086
0.834869 1514
0.834871 100601
0.834889 74104
0.834897 20765
0.834902 37331
0.834906 53421
0.834907 18898
0.834909 82751
0.834911 49673
0.834931 25203
0.834932 24464
0.834935 33418
0.834939 92559
0.834949 83850
0.834951 63556
0.834952 28492
0.834957 87338
0.834964 77166
0.834965 17291
0.834971 36297
0.834976 81936
0.834979 55670
0.834993 31907
0.835 27810
0.835004 25035
0.835004 38049
0.83501 16696
0.835028 58788
0.835031 53806
0.835049 23834
0.835056 15036
0.835102 35583
0.835106 14443
0.835115 88008
0.835122 33993
0.835126 39964
0.835132 34090
0.835165 43762
0.83517 44825
0.835175 98857
0.835177 93679
0.835187 88874
0.83519 82861
0.835205 10968
0.835208 59331
0.835215 5669
0.835224 11084
0.835228 85831
0.835244 80138
0.835247 41079
0.83526 57943
0.835273 60996
0.835275 54367
0.835288 13919
0.835293 6116
0.835296 622
0.835311 93273
0.835318 35376
0.835318 87508
0.835321 32290
0.835326 23208
0.835335 81233
0.83534 77413
0.835351 18575
0.835377 77467
0.835379 86060
0.83539 42013
0.835396 50071
0.835405 32310
0.835419 45341
0.835427 91062
0.835432 59896
0.835446 61569
0.835478 92848
0.835481 83436
0.835482 3317
0.835488 72630
0.835489 70044
0.835513 7568
0.835545 4709
0.835548 32609
0.835549 86655
0.835561 20261
0.835564 290
0.835576 93534
0.835577 83899
0.835583 1025
0.835585 21840
0.835585 98449
0.8356 14613
0.835603 63675
0.835613 80948
0.835624 20914
0.835638 2704
0.835646 68659
0.83565 68223
0.835681 68993
0.835713 61831
0.835713 82488
0.835727 1022
0.835742 62945
0.835744 48690
0.835754 44513
0.835761 73226
0.835768 22809
0.835807 65
0.835841 44121
0.835843 88387
0.835853 62521
0.835853 83813
0.835854 26913
0.835941 59104
0.835944 32811
0.835958 90137
0.835959 68077
0.83596 74814
0.83597 76176
0.835976 86853
0.83598 10359
0.835984 51102
0.835984 78807
0.835998 42956
0.836025 58383
0.836034 7780
0.836042 25867
0.836046 45751
0.83605 85287
0.836052 41047
0.836053 38308
0.836057 92317
0.83606 40372
0.836068 17481
0.83609 47087
0.836101 17225
0.836122 67563
0.836152 72458
0.836158 6018
0.836168 41613
0.836183 35531
0.836206 16968
0.836207 13285
0.83623 13172
0.836263 94799
0.836267 58447
0.836269 26179
0.836272 70418
0.836304 74275
0.836304 84482
0.83633 87781
0.836341 96104
0.836345 22226
0.836346 36269
0.836384 16123
0.836384 96774
0.836395 32534
0.836418 24574
0.836419 76161
0.83643 39307
0.836438 14880
0.836444 100249
0.836453 1422
0.836454 11983
0.836457 90736
0.836461 17948
0.836471 50846
0.836497 31759
0.83652 98925
0.836529 56046
0.836531 58006
0.836556 93695
0.836574 64847
0.836577 28034
0.83659 49644
0.836596 10191
0.836613 83062
0.836623 61021
0.836633 9778
0.836643 28538
0.836644 43824
0.836646 88659
0.836648 1773
0.83665 96807
0.836672 52463
0.83668 31764
0.836682 61257
0.83672 84185
0.836727 69559
0.836745 39316
0.836747 67995
0.836763 19507
0.83677 51876
0.836807 81366
0.836815 66553
0.836816 44751
0.836831 63772
0.836833 74394
0.836835 68864
0.836842 15301
0.836853 81107
0.836855 24657
0.836873 59262
0.836886 7788
0.836894 8432
0.836896 61592
0.836901 63572
0.836908 63397
0.836917 62968
0.836925 44394
0.836936 9597
0.836943 86705
0.836957 5145
0.836992 18483
0.837008 18447
0.837011 27806
0.837029 91280
0.837031 36911
0.837038 8249
0.837041 78332
0.837052 43531
0.837056 72663
0.837087 95397
0.837092 2185
0.837094 15453
0.837122 29396
0.837124 1334
0.837125 31633
0.837132 95834
0.837137 12135
0.837147 38155
0.837148 60535
0.837149 91951
0.837165 10676
0.83717 27135
0.837214 99487
0.837223 72434
0.837232 48688
0.837233 97532
0.837239 23807
0.837253 48625
0.837318 74886
0.837318 86710
0.83732 100546
0.837322 91828
0.837325 60173
0.83733 7829
0.837336 38727
0.837337 17038
0.837371 49191
0.837387 6353
0.837403 58642
0.837416 48232
0.837421 91146
0.837431 91839
0.837433 72502
0.837437 12736
0.837446 2192
0.837447 66678
0.837488 78936
0.837512 90651
0.837514 46356
0.837534 89691
0.837544 93335
0.837551 79558
0.837571 36223
0.837575 72807
0.837577 9561
0.837583 96021
0.837591 51139
0.837592 98504
0.837648 77638
0.837653 40181
0.837653 80886
0.837667 21739
0.837674 82080
0.837682 35048
0.837693 35989
0.837716 91461
0.837725 87468
0.837737 85018
0.837745 100085
0.837756 66456
0.837772 10483
0.837786 58309
0.837818 62129
0.837819 61391
0.837834 42619
0.837843 63903
0.837853 30947
0.837869 23268
0.837876 36261
0.837903 26505
0.837911 32450
0.837914 12469
0.837918 39896
0.83792 66568
0.837925 53492
0.837947 25143
0.837967 87158
0.837994 99684
0.838003 83490
0.838013 75860
0.838015 91369
0.838026 45898
0.838042 70782
0.838078 37657
0.838078 49392
0.838092 69732
0.838097 55784
0.838124 31556
0.838162 90175
0.838167 70368
0.838188 28081
0.838212 27399
0.838222 52591
0.838237 12595
0.838261 90366
0.838265 14713
0.838272 66189
0.838283 47427
0.838284 28092
0.838295 4267
0.838299 31059
0.838307 91561
0.83831 94850
0.838313 90078
0.838329 81286
0.83833 85762
0.838338 56364
0.838344 53211
0.838344 70150
0.838349 1908
0.838385 99285
234 248