1 2
376
0.864464 16679
0.864478 95180
0.864481 16883
0.864491 72689
0.86451 79975
0.864522 86126
0.864525 23139
0.864547 95545
0.864576 12095
0.864577 86443
0.864595 85034
0.86461 64891
0.864614 7847
0.864618 17147
0.864628 75404
0.86463 50690
0.864638 47657
0.864648 81553
0.864671 71721
0.864684 10429
0.864687 1102
0.864687 83451
0.864691 16915
0.864705 82776
0.864734 88054
0.864746 65209
0.864748 87195
0.86475 86398
0.864751 3497
0.864768 20770
0.864769 12276
0.864781 50058
0.864785 99435
0.864786 34664
0.864792 49682
0.864796 44498
0.864797 74600
0.864808 37756
0.86482 37798
0.864822 31671
0.864831 90938
0.86484 40418
0.86485 46926
0.864853 80009
0.864867 8177
0.864873 89778
0.864886 90080
0.864898 64457
0.864928 54421
0.864929 18090
0.864949 62251
0.864982 47179
0.86499 99686
0.864991 30958
0.864991 86039
0.864994 87868
0.864995 56183
0.865001 52119
0.865009 59837
0.865011 81634
0.865015 26488
0.865029 66406
0.865043 100978
0.865065 19919
0.865066 62719
0.865072 4633
0.865101 19088
0.865104 30480
0.865118 88774
0.86512 7920
0.86513 57880
0.865137 19663
0.865144 9653
0.865146 28884
0.865155 45702
0.865159 24592
0.865169 2744
0.865178 8356
0.865186 45731
0.865226 66489
0.865233 58459
0.865233 80318
0.865239 9059
0.865249 89388
0.865257 66385
0.865267 69384
0.865274 90950
0.865281 11018
0.865303 29746
0.865351 43850
0.865367 56113
0.865375 24599
0.865382 20065
0.865385 81631
0.865394 68423
0.865405 56545
0.865415 90639
0.865425 88144
0.865434 35955
0.865449 92999
0.865451 25044
0.865457 25139
0.865459 78252
0.865462 76792
0.865493 46967
0.865509 74035
0.86551 27109
0.865511 23591
0.865512 71791
0.865518 33345
0.865521 3490
0.865532 81089
0.865544 47275
0.865554 79302
0.865562 47579
0.865593 13288
0.865595 10491
0.865608 81785
0.865611 72950
0.865641 13759
0.865643 79278
0.865658 32547
0.8657 30444
0.865703 38361
0.865724 11326
0.865726 97040
0.865738 83541
0.865747 91635
0.865759 27246
0.865762 44150
0.865768 38604
0.865768 40358
0.865777 50381
0.865822 73502
0.865825 63794
0.865831 98284
0.865832 72196
0.865841 20303
0.865842 64924
0.865843 26990
0.86585 14169
0.865875 78232
0.865904 25973
0.865906 24423
0.865926 28815
0.86593 61946
0.865948 4874
0.865956 7078
0.865958 17040
0.865976 30254
0.865976 61332
0.865991 29284
0.866 80152
0.866002 51143
0.866005 79360
0.866012 43830
0.866019 31874
0.866021 27926
0.866031 98128
0.866042 41597
0.866072 76670
0.866077 100776
0.866104 90851
0.866118 63285
0.866145 87948
0.866149 84585
0.86616 67738
0.866166 76043
0.866181 36980
0.866183 79164
0.866197 57239
0.866209 1706
0.866215 73879
0.866228 87982
0.866238 12805
0.866239 51634
0.866252 91436
0.866255 26706
0.866257 17071
0.866264 21504
0.866281 58104
0.866292 4364
0.866292 71466
0.866298 97120
0.866311 70034
0.86632 67031
0.866333 78158
0.866338 32806
0.866363 51465
0.866389 55234
0.8664 32012
0.866416 42569
0.866416 70373
0.866432 31811
0.866433 12285
0.866448 41028
0.866456 18590
0.866458 51933
0.86646 86394
0.866495 23569
0.866497 62684
0.866511 57691
0.866514 52042
0.866514 73506
0.866526 95992
0.866534 47329
0.866546 27996
0.86657 32347
0.866579 43616
0.866582 94241
0.866595 93291
0.866599 71600
0.866606 42770
0.866609 83744
0.866611 55533
0.866626 32262
0.866627 100522
0.866629 7026
0.866666 1119
0.866687 77497
0.866695 67594
0.866695 86497
0.866696 69422
0.866707 36516
0.866717 49954
0.866722 19716
0.86673 29960
0.866731 88771
0.866733 55517
0.866738 15495
0.866742 58550
0.866747 59250
0.866748 30553
0.866748 30593
0.866769 94292
0.86677 27590
0.866777 48854
0.866783 39495
0.866786 21608
0.866794 84478
0.866817 54212
0.866832 25378
0.866862 35239
0.866862 58251
0.866865 93708
0.866879 54654
0.866881 75075
0.866885 76439
0.866893 16945
0.866894 49038
0.866896 72084
0.866911 41041
0.866921 8426
0.866936 53651
0.866943 97157
0.866951 2856
0.866969 50013
0.866973 36362
0.866978 88258
0.866986 52665
0.867 92555
0.867007 7982
0.867007 84497
0.867011 13797
0.867017 70246
0.867028 41540
0.867038 86081
0.867044 69634
0.867049 90206
0.867059 42216
0.867062 25797
0.86708 35669
0.867082 2144
0.867085 60705
0.867086 52151
0.867098 86324
0.867114 40941
0.867121 26813
0.867124 88857
0.867133 48514
0.867135 20248
0.867143 5943
0.867147 100201
0.867168 36289
0.86717 75708
0.867195 37352
0.867209 61494
0.867227 39721
0.867241 89632
0.86725 98822
0.867256 7168
0.867259 85821
0.867261 80363
0.867263 4478
0.867264 78193
0.867314 43107
0.867332 18444
0.867333 65419
0.867346 95523
0.867359 62866
0.867362 56449
0.867391 18683
0.867406 25354
0.867411 10730
0.867416 41152
0.867434 21900
0.867434 67593
0.867438 14579
0.867444 11833
0.867461 8638
0.867462 43629
0.867464 8332
0.867465 92891
0.867479 83635
0.867483 79477
0.867501 29350
0.867503 96493
0.867528 79112
0.867534 23316
0.867541 16862
0.867547 48576
0.867561 88086
0.867564 68441
0.867566 31978
0.867578 68928
0.867585 5291
0.867588 37912
0.867593 36224
0.867594 39496
0.867599 60450
0.867599 70639
0.867611 95797
0.867628 99887
0.867636 60534
0.867641 47291
0.867658 41026
0.867673 59344
0.867678 20484
0.867705 80142
0.867713 59218
0.867714 31141
0.867715 100390
0.867717 6002
0.867722 91819
0.867725 95639
0.867735 1711
0.867751 21808
0.867754 79160
0.867763 27790
0.867774 31110
0.867777 18464
0.867788 192
0.867789 82263
0.867792 94337
0.867793 27957
0.867808 24086
0.86783 83598
0.867847 23314
0.867875 93774
0.867878 60514
0.867884 15562
0.867884 24776
0.867894 83058
0.867911 3284
0.867922 33623
0.867933 48815
0.867938 64601
0.867942 83506
0.867952 85148
0.867956 25833
0.867962 96541
0.867973 83276
0.867993 21461
0.868005 21118
0.868035 52480
0.868043 66862
241 235