1 2
342
0.408028 52453
0.40803 15829
0.40804 93387
0.408047 66562
0.408057 74140
0.408068 57049
0.40807 19022
0.408082 86864
0.408084 77404
0.408088 5896
0.408091 29130
0.408095 41936
0.408121 68237
0.408128 57760
0.408135 42271
0.40814 21644
0.408141 38609
0.408144 7320
0.408146 26139
0.408147 85282
0.408162 49375
0.408163 58390
0.408168 16872
0.408175 34041
0.408188 56226
0.408189 59129
0.408201 11588
0.408202 77146
0.408204 49258
0.408264 7414
0.408285 8405
0.408291 74716
0.408301 20965
0.40831 84279
0.408325 16053
0.408335 20297
0.408352 92245
0.408357 26707
0.408358 88756
0.408364 92446
0.408383 77448
0.408384 23568
0.408391 18321
0.408392 60855
0.408399 70362
0.4084 20378
0.408414 87177
0.408424 48553
0.408432 14930
0.408434 98042
0.408444 90058
0.408448 75804
0.40846 16739
0.408461 4790
0.408521 65899
0.408526 33641
0.408545 78923
0.408568 85484
0.408577 40363
0.408583 48624
0.408594 10223
0.408607 69822
0.408607 85837
0.40861 40250
0.408652 45599
0.408658 45590
0.408661 15338
0.408662 56648
0.408663 14565
0.4087 71089
0.408704 11537
0.408705 36047
0.408713 48169
0.408716 50148
0.408727 82652
0.408736 17755
0.408743 81904
0.408763 78980
0.408784 17320
0.408789 69088
0.408791 53194
0.408791 72330
0.408795 81020
0.408797 82924
0.408798 63181
0.408806 5877
0.408814 40057
0.408833 93272
0.408855 22188
0.408856 9374
0.408861 50747
0.408863 41995
0.408871 94135
0.408884 54329
0.408889 6300
0.408889 92225
0.40889 60585
0.408894 40085
0.408899 70746
0.408908 97621
0.408913 44578
0.408927 31293
0.408927 49799
0.408931 24388
0.408935 64111
0.408938 52967
0.40896 26878
0.408991 93367
0.408996 2218
0.409023 32686
0.409033 1280
0.409038 41008
0.409039 35471
0.409043 77963
0.409044 71197
0.409045 55700
0.409062 65540
0.409093 17522
0.409094 18811
0.409098 87003
0.409109 24515
0.409115 39060
0.409138 90687
0.409139 83121
0.409152 44555
0.409157 46289
0.409159 82806
0.409165 13809
0.409166 62650
0.409191 84423
0.4092 33897
0.40921 47986
0.409239 33239
0.409243 1203
0.409247 9304
0.409249 34172
0.409253 90698
0.409258 71818
0.409282 36089
0.409295 46756
0.409311 16012
0.409333 94497
0.409345 94378
0.409351 38381
0.409357 44481
0.409359 24873
0.409384 25604
0.409384 53894
0.4094 37235
0.409407 27414
0.409413 47285
0.409416 46999
0.409427 60374
0.409435 1528
0.409462 44374
0.409466 33133
0.40947 84624
0.409485 55475
0.409489 43763
0.409497 47933
0.409499 57807
0.409505 15572
0.409505 97878
0.40952 93175
0.409522 83943
0.409523 91256
0.409532 53648
0.409534 74847
0.409552 64512
0.409559 8689
0.40956 59097
0.409585 62140
0.409588 89784
0.409605 98695
0.40963 15798
0.409642 69884
0.409648 52796
0.409656 23133
0.409658 56763
0.409673 81321
0.409683 3244
0.409696 26317
0.409707 36249
0.409725 56927
0.409731 33371
0.409745 58881
0.409757 27850
0.40976 3800
0.40976 89537
0.409775 4446
0.409776 10476
0.409776 8843
0.409791 27242
0.409812 85844
0.40983 4448
0.409832 69292
0.409837 29155
0.409843 39648
0.40987 66241
0.409887 12605
0.409904 96437
0.409932 69106
0.409942 8930
0.409944 70119
0.409952 74128
0.40996 51360
0.409974 55036
0.40999 16518
0.410001 99097
0.410002 59174
0.410014 76510
0.410015 9568
0.410016 54286
0.41002 160
0.410023 2179
0.410038 23460
0.410041 10579
0.41005 34892
0.410065 18282
0.410067 25501
0.410068 78072
0.410069 51657
0.410104 38429
0.410104 95607
0.410115 66931
0.410132 35507
0.410155 77646
0.410171 61226
0.410173 55161
0.41018 56591
0.410183 80260
0.410185 52210
0.410192 3058
0.410195 7551
0.410197 96900
0.410228 2595
0.410241 63094
0.41025 15256
0.410265 64321
0.410276 21559
0.410283 31510
0.410305 84273
0.410306 59761
0.410332 1031
0.410336 6207
0.410341 52624
0.410344 81999
0.410353 1698
0.410378 75820
0.41038 26985
0.410395 74059
0.410418 25677
0.410447 14438
0.410455 27110
0.410474 56701
0.410478 41363
0.410496 24527
0.410517 69893
0.41052 67711
0.410553 64326
0.410556 44426
0.410564 15535
0.410568 38799
0.410574 16452
0.410593 18392
0.410618 80012
0.410623 22297
0.410636 35049
0.410637 21365
0.41064 15032
0.410642 58738
0.410648 49144
0.410659 77652
0.410665 53017
0.410675 97458
0.41068 67963
0.410685 64922
0.410688 78125
0.4107 36194
0.4107 44523
0.410709 24633
0.410709 45372
0.410709 67050
0.410726 61950
0.410733 76390
0.41074 40142
0.410754 12581
0.41077 51844
0.41077 79126
0.410772 19064
0.410789 95345
0.410792 36672
0.410797 2643
0.410801 77468
0.410806 40885
0.410808 5126
0.410819 93454
0.41082 62790
0.410838 75006
0.410847 60618
0.410854 66795
0.410886 94617
0.410908 65022
0.410909 54992
0.410909 79039
0.410912 98750
0.410916 97146
0.410938 83429
0.410944 41975
0.41095 82933
0.410951 98537
0.410957 20144
0.410968 77958
0.410973 27733
0.410975 15382
0.41099 45426
0.410996 2547
0.411003 15776
0.411003 46978
0.411015 58900
0.411026 14087
0.411029 45119
0.41103 57317
0.411056 70339
0.411061 92777
0.411067 20473
0.411077 30967
0.411084 79490
0.411093 51111
0.411115 74729
0.411136 99437
0.411143 13690
0.411172 21919
0.411172 39022
0.411188 52935
0.411191 44319
0.411192 36279
0.411198 4529
0.411226 13141
0.411238 5239
0.411256 94220
0.411272 86976
252 242