1 2
308
0.655314 4180
0.655316 37950
0.655348 48229
0.655365 75881
0.65537 14699
0.655393 10628
0.655397 5646
0.655397 72620
0.655398 65711
0.655411 67218
0.655419 72451
0.655452 21290
0.655459 611
0.655461 55099
0.655463 77070
0.655468 46224
0.65547 24060
0.655482 71756
0.65549 59421
0.655499 69388
0.655517 19052
0.655517 87590
0.655518 75535
0.655527 11862
0.65554 1933
0.655562 50082
0.655575 53737
0.655581 17139
0.655605 17504
0.655627 22383
0.655629 14625
0.655634 87153
0.655639 54923
0.655639 71183
0.655641 37799
0.655647 4950
0.655653 8803
0.655659 92306
0.655666 18003
0.655672 6810
0.655673 70014
0.655673 873
0.655684 83097
0.655692 29997
0.655723 99069
0.655727 35037
0.655728 43802
0.655732 89932
0.655733 13932
0.65574 91437
0.655746 69413
0.655768 88623
0.655774 13854
0.655775 83214
0.655786 50122
0.655793 13270
0.65581 22822
0.655814 93312
0.655831 84250
0.655842 84053
0.655843 1
0.655843 97372
0.655869 53552
0.655871 67289
0.655882 73549
0.655883 13920
0.655902 78094
0.655906 11713
0.655919 88322
0.655922 42092
0.655942 63349
0.655964 29480
0.655964 85264
0.655988 67928
0.655992 33676
0.656005 19122
0.656011 86793
0.656019 4250
0.656036 26989
0.656041 21475
0.656064 69343
0.656065 49778
0.65607 44744
0.656075 52679
0.656077 84586
0.656079 22575
0.656081 58457
0.656087 49533
0.656105 11530
0.656116 36288
0.656117 2075
0.65613 59791
0.656131 85501
0.656145 35468
0.656152 10241
0.656154 17516
0.656154 44386
0.656168 7776
0.656182 30299
0.656187 23207
0.65619 45595
0.656191 53929
0.656192 56352
0.656201 9172
0.656207 71493
0.656217 94105
0.656226 75123
0.656253 57710
0.656263 99305
0.65627 32430
0.656273 78065
0.656277 22191
0.656279 9092
0.656289 43154
0.656308 81618
0.656332 55346
0.656342 8522
0.656366 2349
0.656402 67779
0.656418 22016
0.656421 39851
0.656422 29766
0.65643 15316
0.65643 90388
0.656433 36230
0.656444 30109
0.656449 61460
0.656457 89128
0.656462 25541
0.656475 23613
0.656475 92916
0.656507 28012
0.656511 37833
0.656527 57255
0.656546 21642
0.656547 57445
0.656568 57243
0.656581 57347
0.656582 78050
0.656594 32193
0.656596 98304
0.656605 2058
0.656607 12707
0.656607 31290
0.656617 96583
0.656619 4767
0.656645 64525
0.656645 70593
0.65666 95042
0.656681 88615
0.656693 89250
0.656696 90464
0.6567 92629
0.656707 29450
0.656728 38603
0.656736 96778
0.656737 8632
0.656746 86511
0.656778 5755
0.65678 15223
0.656781 14377
0.656796 63643
0.656797 20679
0.656808 64177
0.656838 27010
0.656839 49484
0.656847 36622
0.65685 39943
0.656856 25751
0.656861 17837
0.656865 39074
0.656871 82584
0.656918 34152
0.656928 49024
0.656946 44516
0.656949 64181
0.656979 11322
0.656983 12913
0.656992 9785
0.657 22364
0.657001 77684
0.657012 86222
0.657041 69209
0.657056 100439
0.657061 16985
0.657062 15454
0.657064 8737
0.657075 2982
0.657077 29064
0.657077 74681
0.657084 78371
0.657086 40750
0.65709 70177
0.657105 13458
0.657113 100006
0.657113 72872
0.657157 29033
0.657157 48264
0.657159 33231
0.65716 33391
0.657166 58073
0.657176 5628
0.657177 67903
0.657185 12999
0.657187 63241
0.657202 58756
0.657211 46267
0.657213 81315
0.657219 3713
0.657247 19846
0.657252 38873
0.657253 8286
0.657274 46032
0.657295 93
0.657331 39770
0.657343 77071
0.657367 28455
0.657395 2406
0.657398 59500
0.657403 79668
0.657406 60189
0.657458 100024
0.657481 72132
0.657483 19450
0.657486 2701
0.657488 27716
0.657496 56624
0.657521 76136
0.657544 10882
0.657544 65221
0.657547 33593
0.657553 4476
0.657564 83336
0.657572 56244
0.65758 13275
0.65758 71481
0.657587 86328
0.657605 89430
0.657608 22887
0.657612 97791
0.65762 78693
0.657627 49779
0.657636 17000
0.657638 23830
0.657644 39593
0.657648 6941
0.65765 24902
0.657654 38351
0.657664 5660
0.657716 30614
0.657723 53592
0.657735 43983
0.657748 14588
0.657748 98290
0.657749 92026
0.657762 91520
0.657765 89258
0.657777 10681
0.657789 73928
0.657799 30407
0.657811 52836
0.657812 65504
0.657822 42340
0.657826 3275
0.657828 48095
0.657852 11703
0.657863 76703
0.657875 100148
0.657879 37855
0.657892 61240
0.657896 1465
0.657907 74840
0.657909 57332
0.657911 40323
0.657918 96046
0.657927 79649
0.65793 95755
0.657949 60808
0.657951 54534
0.657998 15610
0.658 24104
0.658009 41099
0.658018 96941
0.658046 14505
0.658056 3390
0.65806 97080
0.658062 13622
0.658081 14819
0.658084 37473
0.658101 47728
0.658105 79285
0.658145 33895
0.658146 30127
0.658149 23098
0.658204 98187
0.658214 95205
0.65824 98876
0.658258 14910
0.65826 99926
0.658268 34748
0.658276 39266
0.658278 70870
0.65828 65432
0.658289 29929
0.658299 92540
0.658305 66645
0.658309 20810
0.658316 92138
247 256