1 2
317
0.66863 47148
0.668637 86878
0.668654 23876
0.668659 80064
0.668675 84465
0.668677 14587
0.668687 60812
0.668688 3694
0.668695 38971
0.668704 63453
0.668712 2495
0.668737 94974
0.668744 19986
0.668752 11536
0.668757 17584
0.668762 37890
0.668771 34241
0.668792 29425
0.668809 54511
0.668828 44503
0.66884 23484
0.668862 48246
0.668863 4066
0.668882 25218
0.668882 78643
0.668884 71386
0.668892 41623
0.668893 83321
0.668897 1707
0.668898 16806
0.668908 69102
0.668915 50290
0.668915 8578
0.668921 12865
0.668925 34461
0.66894 51116
0.668947 18012
0.668974 40128
0.668987 10657
0.669 2202
0.669008 85625
0.66901 27916
0.66905 86607
0.669056 9531
0.669092 81798
0.669094 51099
0.669114 210
0.669125 77451
0.669128 54820
0.669132 35917
0.669132 36762
0.669138 54776
0.669138 87485
0.669144 14053
0.66915 13331
0.669156 44544
0.669162 49955
0.669164 82089
0.669177 66868
0.669194 72911
0.669205 22095
0.669217 41435
0.66923 87525
0.66924 99765
0.669243 5565
0.669243 78812
0.669252 29807
0.669261 76433
0.669266 38875
0.669273 10420
0.669279 4660
0.669286 17552
0.669298 46506
0.669315 24292
0.669322 82948
0.669341 72736
0.669347 12823
0.669353 12214
0.669383 443
0.669398 3745
0.669402 59219
0.669406 63923
0.669407 92199
0.669435 76558
0.669444 82417
0.669445 95413
0.669447 90820
0.669456 78887
0.669458 70161
0.669466 56052
0.669473 9989
0.669488 82456
0.66951 62
0.669516 71636
0.669557 54921
0.669574 42293
0.669574 87549
0.669575 10262
0.6696 24732
0.669601 97018
0.669606 2732
0.66961 67062
0.66962 77425
0.669621 13875
0.669629 70092
0.669632 28212
0.669635 65213
0.669642 90833
0.669648 66102
0.669648 78571
0.669658 33026
0.669689 26845
0.669689 92820
0.669705 77472
0.669716 15017
0.669716 38954
0.669721 52160
0.669743 5672
0.669766 3403
0.66978 23438
0.6698 5843
0.669803 93506
0.669807 94816
0.669811 32246
0.669819 45458
0.669828 54852
0.669842 59498
0.669843 64093
0.669844 92505
0.669866 60888
0.669872 57968
0.669882 61140
0.669886 48059
0.669888 38341
0.669918 852
0.66992 26091
0.669933 19537
0.669935 30448
0.669949 24375
0.669969 21189
0.669997 42181
0.670018 11880
0.670022 70008
0.670042 72609
0.670045 51239
0.670051 34479
0.670054 91777
0.670067 51216
0.670078 43993
0.67008 33905
0.670081 59776
0.670094 20133
0.670112 36121
0.670115 62919
0.670122 54243
0.670135 19656
0.670138 82870
0.670151 89414
0.670155 26147
0.670159 57428
0.670159 86290
0.670168 81917
0.670185 69055
0.670189 3130
0.670223 71859
0.670228 33580
0.670229 56078
0.670233 6411
0.67024 99644
0.670249 52376
0.67028 19690
0.67028 20608
0.670309 81706
0.670345 50783
0.670358 18851
0.670358 95004
0.670359 15756
0.670383 56117
0.670384 17050
0.670388 42539
0.670389 38360
0.670406 48609
0.670423 43373
0.670424 9560
0.670438 68170
0.670442 19910
0.670449 75416
0.670459 76258
0.670462 57151
0.670466 75856
0.670474 96762
0.670481 63844
0.670496 17230
0.670496 82106
0.67051 91263
0.670512 57000
0.670515 49103
0.670516 87681
0.670543 2031
0.670551 75191
0.670551 83719
0.670556 74015
0.670564 14984
0.670572 1416
0.670602 63594
0.670609 43293
0.670641 29158
0.67065 2748
0.670656 17987
0.670666 71872
0.670671 53798
0.670675 68693
0.670677 41640
0.670682 84371
0.670704 81504
0.670758 14464
0.670775 91972
0.670779 61593
0.670793 81207
0.670817 30724
0.670819 33222
0.670833 37856
0.670846 47116
0.670858 44395
0.670861 9704
0.670863 6913
0.670879 76738
0.670883 61181
0.670903 20888
0.670905 36743
0.670928 87506
0.670938 72648
0.67095 46616
0.670951 40674
0.67096 67977
0.670967 38268
0.670971 64397
0.670986 74967
0.670992 15329
0.671009 64282
0.671025 97429
0.671042 86639
0.671074 48369
0.671108 21970
0.671128 17637
0.671139 80176
0.671149 46734
0.671149 82151
0.67115 80658
0.67119 31042
0.671201 31505
0.671226 10085
0.671228 79457
0.671253 44740
0.671261 1008
0.671273 8133
0.67128 52317
0.671285 12328
0.671288 10925
0.671308 11237
0.671309 996
0.671311 1890
0.671321 75971
0.671337 7544
0.671347 62107
0.671361 47178
0.671388 8887
0.671395 6989
0.671404 40761
0.671407 31103
0.671422 54348
0.671426 18276
0.671441 13447
0.671444 58480
0.67145 9804
0.67146 99818
0.671475 40844
0.671478 7200
0.671505 553
0.67151 34035
0.671526 52265
0.67153 1363
0.671536 82922
0.671537 35942
0.67154 59357
0.671542 62326
0.671564 84671
0.671577 9084
0.671582 91981
0.671605 74491
0.671606 27651
0.671609 88009
0.671613 51171
0.671638 67698
0.671642 94313
0.671663 26437
0.671687 86302
0.671693 39147
0.671696 11451
0.6717 22345
0.671701 72306
0.671704 38951
0.671707 51189
0.671723 3806
0.671758 65378
0.671768 91248
0.671772 65866
0.671801 67545
0.671807 20800
0.671847 38408
0.671847 59594
0.67186 44993
0.671866 20434
0.671867 35212
0.671873 36398
0.671878 9717
0.671886 16772
243 255