1 2
343
0.39444 15646
0.394447 47439
0.394455 65568
0.394455 87820
0.394495 46253
0.394504 54619
0.394527 53587
0.394535 27508
0.394545 4744
0.394548 21062
0.394557 68847
0.394563 55154
0.394569 7353
0.394605 10009
0.394609 53669
0.394612 38868
0.394615 49482
0.39462 10324
0.394627 236
0.39463 44005
0.394631 64796
0.394653 5438
0.394668 90226
0.394688 28307
0.394719 47719
0.394725 84625
0.394727 81596
0.394737 19861
0.394737 59702
0.394767 5922
0.394777 3587
0.394787 799
0.394795 12254
0.394797 99046
0.394799 33634
0.394801 8558
0.394833 77069
0.394847 97747
0.394862 12102
0.394869 8418
0.394878 90588
0.394882 81566
0.394899 13347
0.394916 64433
0.394943 38083
0.394946 81621
0.394951 62331
0.394953 61952
0.39496 50729
0.394967 11707
0.394978 38418
0.39498 69757
0.394985 28249
0.394999 48039
0.39503 24717
0.395034 44834
0.395057 92209
0.39506 17660
0.395063 47920
0.395071 48640
0.395073 79324
0.395077 27078
0.395078 96058
0.395081 41341
0.39509 94568
0.395091 545
0.3951 78574
0.395102 22020
0.395113 24505
0.395113 85046
0.395141 51262
0.395154 29294
0.395159 17256
0.39516 75377
0.395182 81406
0.395201 98307
0.395254 87782
0.395281 27686
0.395297 10653
0.395302 17267
0.395315 22871
0.395322 11170
0.395348 7272
0.39537 71568
0.395372 92269
0.39541 67353
0.395416 51598
0.395423 52058
0.395451 98602
0.395454 64539
0.395463 39714
0.395463 41884
0.395466 47066
0.395483 58939
0.395491 55163
0.395501 28106
0.395532 41855
0.395554 35484
0.395556 61210
0.395557 63246
0.395572 13557
0.395589 19680
0.395591 7600
0.395593 54089
0.395593 89174
0.395597 87846
0.395605 228
0.395609 3323
0.395625 61039
0.395642 63402
0.395646 18148
0.395648 27583
0.395676 88246
0.395681 16916
0.395685 17437
0.395695 25942
0.395696 73820
0.395712 86270
0.395718 33136
0.395727 84292
0.395745 48913
0.395745 84101
0.395762 91107
0.39578 46069
0.395782 3826
0.395816 85401
0.395822 47
0.395828 91611
0.395838 36569
0.395838 73191
0.395845 61529
0.395894 23494
0.395907 88449
0.39594 78239
0.395954 12489
0.395955 36960
0.395962 14814
0.395973 24498
0.395978 15312
0.39598 29874
0.395987 45186
0.396011 11156
0.396014 65097
0.396023 8359
0.396033 86880
0.396036 5832
0.396037 82086
0.396048 88899
0.396071 69346
0.396079 86566
0.39608 56848
0.396085 93845
0.396093 2067
0.396113 75988
0.396116 5157
0.396132 33760
0.396137 1485
0.396146 28929
0.396183 76511
0.396186 25161
0.396189 96678
0.396197 15324
0.396209 99298
0.39621 48497
0.39621 69978
0.396215 4211
0.396219 98696
0.396235 100332
0.396235 101332
0.396257 64224
0.396257 69273
0.396259 66987
0.396277 84244
0.396281 25561
0.396291 60614
0.396314 45279
0.396341 43504
0.396343 60153
0.396348 68587
0.396358 89594
0.396364 80197
0.396379 80576
0.396384 63198
0.396394 89499
0.396403 39295
0.396408 27476
0.396421 75944
0.39645 11485
0.396458 29773
0.396459 68700
0.396472 73547
0.396473 6076
0.396475 79482
0.396492 18184
0.396496 29994
0.396499 86905
0.396519 61580
0.396526 19960
0.396529 60363
0.396538 3798
0.39655 71301
0.396553 63110
0.396558 73589
0.396577 3220
0.39658 18245
0.396604 3921
0.396612 47190
0.396667 37038
0.396668 69623
0.396682 66517
0.396688 58699
0.396691 10213
0.3967 60075
0.396703 99088
0.396709 33519
0.39671 80030
0.396728 73007
0.396732 56241
0.396738 46477
0.396809 98327
0.396813 86016
0.396829 76426
0.39683 64713
0.396837 6022
0.39684 13975
0.396854 41480
0.396865 98158
0.396876 78648
0.396877 8312
0.396891 44054
0.396893 60956
0.396894 14526
0.3969 85002
0.396903 93898
0.396906 50254
0.396914 75507
0.396936 18664
0.396945 61543
0.396954 85083
0.396963 63131
0.396965 16334
0.396971 6295
0.396975 707
0.396989 65728
0.396994 75764
0.397018 17733
0.397024 31719
0.397042 81048
0.397072 44039
0.397098 37125
0.397106 45052
0.397115 29473
0.397143 2085
0.397145 23832
0.397152 86002
0.397153 46310
0.397176 56823
0.397177 65230
0.397185 20597
0.397186 91706
0.397224 89644
0.39724 76027
0.39725 39181
0.397272 10735
0.397281 60090
0.397284 68655
0.397303 100431
0.397303 101431
0.397303 75783
0.39731 26029
0.39731 83911
0.397321 71053
0.397338 41773
0.397344 70758
0.397356 83501
0.397368 88917
0.397424 85960
0.397429 32580
0.39744 40930
0.397451 71416
0.397457 15387
0.397467 38234
0.397474 47296
0.397482 13604
0.397489 44863
0.397514 97
0.397517 33903
0.397526 64133
0.397547 27533
0.397566 35214
0.397592 34859
0.397598 76684
0.397615 23118
0.39763 34886
0.397631 63737
0.397632 89066
0.397641 21179
0.397643 59523
0.397643 59840
0.397656 85095
0.397659 35073
0.397666 45849
0.397673 12820
0.397684 48578
0.397691 4053
0.3977 28342
0.397708 23194
0.397709 14456
0.39772 46852
0.397727 98540
0.397728 31728
0.397733 78546
0.397735 27799
0.397768 40717
0.397768 480
0.397772 79453
0.397781 29624
0.397786 52161
0.397805 7812
0.397806 29376
0.397809 72919
0.39783 40751
0.397856 15890
0.397892 96581
0.397898 16377
0.397899 18763
0.397903 73663
0.397913 71331
0.397916 41770
0.39793 89452
0.39793 90183
0.397949 72269
0.39795 86177
0.397966 39223
0.397967 45510
0.397967 98089
0.397997 13084
0.398032 65248
0.398053 39603
0.398056 26667
0.398059 82878
0.398064 37249
0.398068 65702
251 249