1 2
345
0.805257 11869
0.805257 83089
0.805258 99930
0.80526 32567
0.805265 42148
0.805286 5379
0.805286 79171
0.80529 86755
0.805304 67004
0.805309 33190
0.805325 88757
0.80533 6171
0.805331 48750
0.805373 86089
0.805375 58883
0.805376 48374
0.805377 5159
0.805391 49910
0.805392 36337
0.805396 35373
0.805397 44451
0.805399 76580
0.805409 54478
0.805427 17331
0.805428 3836
0.805433 59252
0.805433 97933
0.805444 58384
0.805454 39832
0.805458 2971
0.805459 11722
0.805495 20240
0.805495 31785
0.805496 31247
0.805506 30514
0.805519 88680
0.805532 19704
0.805532 78848
0.805547 7488
0.805548 6003
0.805549 85076
0.80555 63323
0.805553 43044
0.805558 45904
0.80558 7881
0.805624 34106
0.805641 31855
0.805645 15740
0.805648 93816
0.805667 27026
0.805668 21936
0.805686 56138
0.805713 75759
0.805751 49143
0.805759 90939
0.805764 80409
0.805776 64459
0.805778 33807
0.80578 80443
0.805782 33016
0.805784 60583
0.805787 28282
0.805789 88335
0.805791 46358
0.805792 75576
0.805805 55777
0.805808 87915
0.805816 90192
0.805824 20040
0.80583 12189
0.805844 29344
0.80585 66689
0.805856 90127
0.805875 39335
0.805878 46716
0.805885 73650
0.805893 4600
0.80595 68727
0.805957 95
0.805962 24535
0.805965 48528
0.805983 64984
0.805984 81857
0.805988 66214
0.80601 49170
0.806022 17427
0.806026 72550
0.806057 54638
0.806071 70273
0.806071 94250
0.806072 63448
0.806088 25712
0.806091 47145
0.806099 81200
0.806117 29402
0.806118 94437
0.80612 97505
0.806127 37790
0.806134 53199
0.806148 44696
0.806167 8494
0.806174 838
0.806193 20103
0.806195 12921
0.8062 14831
0.80621 84900
0.806215 36059
0.806222 49601
0.806232 85916
0.80624 48869
0.806282 1774
0.806305 37409
0.806314 30737
0.806317 76235
0.806323 47859
0.806334 8468
0.806336 35393
0.806349 2143
0.806387 34131
0.806412 53026
0.806416 49853
0.806422 60781
0.806431 67542
0.806434 20195
0.806435 83271
0.806437 57201
0.806457 18274
0.806467 55978
0.806479 94752
0.806516 42644
0.806523 78688
0.806556 68454
0.806561 24883
0.806561 34299
0.806561 72118
0.806563 10800
0.80657 28779
0.806581 14358
0.806589 19005
0.806612 95387
0.806633 92972
0.806634 57069
0.806635 96560
0.806645 24261
0.80665 66907
0.806652 59736
0.806679 82644
0.806682 1931
0.806699 43663
0.806702 52409
0.806711 78750
0.806712 60141
0.806723 52456
0.806734 37007
0.806744 61793
0.806754 20181
0.806762 96615
0.806767 92856
0.806776 39687
0.806783 94824
0.806802 86969
0.806812 34283
0.806818 4047
0.80682 86883
0.806832 14132
0.80684 85813
0.806841 29797
0.806845 94647
0.806847 52177
0.806847 85259
0.806855 87030
0.806877 2347
0.806882 73936
0.806892 4856
0.806896 79691
0.806898 46067
0.806942 65581
0.806944 2769
0.806948 83716
0.806952 84156
0.806955 98671
0.806956 18468
0.806957 25304
0.80696 80516
0.80696 96854
0.806963 14631
0.806964 75835
0.806976 32826
0.806978 41566
0.806979 69075
0.806993 3661
0.806998 18581
0.807013 22564
0.80702 53223
0.807023 66314
0.807024 67704
0.807056 78967
0.807069 64034
0.807083 42551
0.807097 83103
0.807099 18907
0.807109 16646
0.807121 96001
0.807129 67846
0.807136 84692
0.807151 41485
0.807158 42064
0.80717 15104
0.807177 65279
0.807184 85765
0.807186 70386
0.807199 25760
0.807211 40907
0.807212 23898
0.80722 50219
0.807232 43995
0.80726 400
0.807341 18028
0.807343 84391
0.807344 48372
0.807347 33799
0.807358 78051
0.807363 29490
0.807366 74794
0.807375 89090
0.807383 64055
0.807395 83050
0.807399 474
0.807414 70690
0.807441 19016
0.807461 48664
0.807461 81911
0.807472 11327
0.807487 45484
0.8075 41743
0.807518 34868
0.807521 66435
0.807538 45451
0.807559 60619
0.807586 19437
0.807587 16584
0.807608 85953
0.807614 60046
0.807626 21856
0.80764 44088
0.807666 92854
0.807668 48642
0.807686 51001
0.807687 65427
0.807688 9087
0.807696 61526
0.807696 70397
0.807705 37701
0.807707 32662
0.807709 21503
0.807746 4032
0.807751 32389
0.807773 66218
0.807779 48088
0.807787 11052
0.807795 51731
0.807803 72871
0.807826 96032
0.80784 28330
0.807852 95254
0.807857 9816
0.807862 70375
0.807862 89607
0.807894 75974
0.807895 53190
0.807902 68140
0.807912 40988
0.807916 11504
0.807919 86331
0.80792 74117
0.807924 47263
0.807932 10715
0.80794 58557
0.807959 38612
0.807964 37410
0.808 54009
0.808006 67643
0.808008 99050
0.80802 95408
0.808027 86575
0.808027 99485
0.808041 79241
0.808041 9332
0.808043 3829
0.808058 29419
0.80807 88479
0.808077 70997
0.808079 78301
0.808095 43964
0.808095 9631
0.808107 46174
0.808111 11210
0.808159 97381
0.808179 73298
0.808199 40540
0.808204 49829
0.808217 92330
0.808219 68304
0.808223 88159
0.808231 83094
0.808242 40797
0.808252 66543
0.808261 51060
0.808286 21851
0.808287 8774
0.808303 95533
0.808305 16108
0.808307 32708
0.808308 70774
0.808317 85913
0.808324 36934
0.808326 49456
0.808332 9124
0.808338 12312
0.808346 59007
0.808358 71922
0.808369 6262
0.808377 82983
0.808382 7781
0.808384 60965
0.808387 93660
0.80839 52553
0.808397 83854
0.808402 83863
0.808417 20851
0.808451 48376
0.808458 79704
0.808464 98061
0.808472 75268
0.808476 87059
0.808482 82242
0.808483 38185
0.808486 66022
0.808491 67747
0.808498 75697
0.808501 44305
0.808522 20114
0.808542 33730
0.808543 1123
0.808546 24754
254 250