1 2
258
0.210614 985
0.210632 93385
0.210633 99821
0.210638 69502
0.210684 35503
0.210686 86565
0.210689 59664
0.210694 83412
0.210701 92845
0.210709 91953
0.21072 26923
0.210724 26114
0.210763 77083
0.210767 19038
0.210772 5447
0.210781 96772
0.210782 87702
0.210786 7588
0.210787 70493
0.210789 52244
0.210789 73836
0.21079 63662
0.210834 4251
0.210868 87212
0.210869 59645
0.21087 88923
0.210874 85927
0.210882 51511
0.210883 12958
0.210896 24811
0.210897 75122
0.210911 30997
0.210914 62482
0.210924 1715
0.210926 13769
0.210928 87859
0.210929 44675
0.210953 58925
0.210965 44866
0.210979 79067
0.210982 89202
0.210983 71871
0.211001 54622
0.211029 83645
0.211045 16028
0.211063 14085
0.211068 70459
0.21107 3279
0.211085 76857
0.211088 75319
0.211091 67492
0.211099 41231
0.211128 97895
0.211132 94912
0.211133 6893
0.211134 555
0.211139 56293
0.211141 10701
0.211152 72030
0.211152 83720
0.211173 82582
0.211176 30572
0.211184 24294
0.21119 64198
0.211195 91827
0.211204 46888
0.211205 3603
0.21121 21784
0.211221 65469
0.211222 79567
0.211246 62811
0.211253 81888
0.211254 84305
0.21126 55143
0.211264 47292
0.211265 44160
0.211276 65211
0.211282 53839
0.21129 28145
0.211311 5511
0.211319 77704
0.211334 7707
0.21134 99560
0.211366 24338
0.21137 97509
0.21139 26424
0.211418 23854
0.211421 73137
0.211422 1813
0.211427 25539
0.211427 87565
0.211429 53305
0.211436 14063
0.211438 82135
0.211444 96452
0.21145 12761
0.211462 61635
0.211472 14278
0.211488 5563
0.211498 93381
0.211517 24326
0.211541 37602
0.211556 40883
0.211568 1977
0.211578 91337
0.211633 32895
0.211636 41525
0.21165 40031
0.211659 81155
0.211663 280
0.211675 63973
0.211677 48236
0.21168 78522
0.211685 78218
0.211688 71555
0.211695 32833
0.211706 5428
0.211717 77699
0.211719 31865
0.211733 35289
0.211746 51906
0.211747 78515
0.211762 22532
0.211789 26610
0.211789 61233
0.211803 47774
0.211807 82554
0.211812 68798
0.211823 53675
0.211827 90214
0.211845 54608
0.211852 59870
0.211868 10079
0.21187 33722
0.211884 75392
0.211904 90567
0.211947 73291
0.211948 39167
0.211949 37609
0.211951 73510
0.211983 43688
0.211986 13692
0.211988 52026
0.212 11971
0.212013 50132
0.212015 66335
0.212016 36631
0.212025 51407
0.212034 81544
0.21205 27250
0.212065 33115
0.212081 76105
0.212085 22504
0.21211 57424
0.21212 39409
0.21214 32232
0.212149 21395
0.212166 34051
0.212167 74608
0.212171 99738
0.212193 86650
0.212194 97614
0.212199 30044
0.212202 67987
0.212212 95891
0.212244 10215
0.212246 88371
0.212246 95636
0.212248 54708
0.212265 46754
0.212285 20408
0.212285 95354
0.212296 40201
0.212312 85225
0.212319 53666
0.212334 73325
0.21234 52252
0.212375 53469
0.212376 86518
0.212379 48391
0.212391 27236
0.212395 18061
0.212436 25694
0.212439 33647
0.212444 9315
0.212467 9588
0.212486 35497
0.21249 38884
0.212494 34835
0.212508 15404
0.212515 51320
0.212516 69539
0.212547 25601
0.212551 25087
0.212555 46817
0.212561 44526
0.212562 99014
0.21259 5444
0.212594 5704
0.212604 69538
0.212604 90426
0.212605 90830
0.212607 5007
0.21261 31924
0.212635 7159
0.21264 19685
0.212646 11048
0.212646 21914
0.212657 77237
0.212658 77680
0.212678 35530
0.212683 5971
0.212692 63743
0.212693 349
0.2127 43017
0.212705 31711
0.212708 75527
0.21272 57045
0.212726 70059
0.212728 14702
0.212728 53763
0.212747 47209
0.21276 32820
0.212776 25004
0.212781 35771
0.212782 53638
0.212798 24700
0.212803 46743
0.21281 47667
0.212822 9835
0.21283 85164
0.212837 10000
0.212837 86055
0.212842 95968
0.212863 62546
0.212873 69871
0.212877 32021
0.21288 1798
0.212889 14264
0.212902 62841
0.212904 70010
0.212929 92186
0.212947 32352
0.212953 18705
0.212954 95862
0.212962 43836
0.212971 19418
0.212978 51228
0.212982 9530
0.21299 45623
0.212994 58759
0.212994 94637
0.212997 34039
0.213007 48817
0.213016 21648
0.213024 32706
0.213036 12803
0.213051 71078
258 257