1 2
256
0 0.719543
0.004169 2983
0.016771 3119
0.026848 3121
0.028011 2987
0.030036 3079
0.043583 2945
0.043631 3162
0.043711 3049
0.06096 2940
0.064369 2962
0.066164 3018
0.069373 2995
0.080008 3084
0.088102 3136
0.088564 3163
0.088652 2990
0.093457 3012
0.097384 2957
0.097418 3082
0.113671 3094
0.129594 2959
0.134405 2960
0.137869 3134
0.151532 3105
0.170257 3036
0.173388 2997
0.180498 3047
0.181027 3093
0.183842 3186
0.184577 2985
0.206523 3059
0.209677 3091
0.210112 3031
0.216618 3122
0.217946 3104
0.222955 3169
0.22687 3170
0.23124 3145
0.23261 3069
0.237711 2968
0.240663 3083
0.243083 3086
0.244378 3074
0.250015 3132
0.250163 3155
0.250838 3051
0.257369 3146
0.2601 3117
0.262838 3050
0.263384 2958
0.266358 3151
0.268365 3113
0.27049 3041
0.273505 3019
0.274519 3020
0.277772 3164
0.281919 3102
0.291074 3177
0.295288 2986
0.301374 2996
0.30505 3116
0.307543 3181
0.313976 3192
0.314891 2992
0.321797 2993
0.324783 3092
0.325769 3060
0.32975 3182
0.330663 3080
0.33227 3076
0.336502 3000
0.340118 3167
0.344264 3055
0.346637 3152
0.347768 2947
0.34898 2941
0.350959 3158
0.354344 3025
0.362912 3106
0.365104 2984
0.365772 2967
0.369024 3023
0.374669 2977
0.379909 2978
0.380783 3183
0.382426 3007
0.383739 3154
0.386414 3139
0.387776 2950
0.389854 2973
0.400736 3188
0.410192 3058
0.411757 3024
0.412337 3176
0.416593 3085
0.420601 3038
0.423956 3112
0.424464 2955
0.425168 3138
0.428757 3123
0.430561 3193
0.436637 3190
0.441033 3035
0.445557 2952
0.446394 3011
0.44737 3010
0.448855 2998
0.449297 3033
0.453915 2961
0.457245 3040
0.464165 3052
0.466847 2942
0.474422 3072
0.480193 3014
0.489047 3160
0.489091 3009
0.493698 3097
0.494043 3021
0.495043 3111
0.497058 3187
0.500983 3185
0.502263 3115
0.504069 3067
0.511324 3166
0.511655 2981
0.511842 3100
0.512807 3070
0.515746 3075
0.518597 3118
0.522921 3028
0.522971 3090
0.524303 3172
0.527831 3056
0.529624 3098
0.533033 2994
0.539699 3015
0.541576 2946
0.547105 2965
0.547784 3068
0.553176 2953
0.563748 3156
0.564511 3078
0.564994 3189
0.566235 2964
0.569612 2970
0.573437 3057
0.581446 2949
0.595091 3157
0.596553 3001
0.605803 3173
0.607601 2943
0.613082 3039
0.618873 3141
0.622671 3126
0.623042 3065
0.62661 3179
0.630805 3013
0.633941 3087
0.635646 3054
0.637223 3110
0.641329 3143
0.647836 2944
0.648083 3137
0.650698 3175
0.651675 3004
0.657075 2982
0.661057 2963
0.663712 3149
0.664361 3133
0.670189 3130
0.673653 3171
0.676577 2951
0.685051 3005
0.688129 3037
0.695639 3108
0.700193 3127
0.706993 3002
0.707005 2954
0.707425 2999
0.713737 3150
0.715638 3101
0.717033 3027
0.718966 3029
0.719751 3063
0.724341 3144
0.726235 3077
0.730063 3142
0.732202 3044
0.734168 3030
0.735326 3174
0.740238 3180
0.740711 2980
0.744014 3045
0.745263 3064
0.745888 3128
0.750075 3026
0.752651 3022
0.757866 3062
0.767114 3008
0.76826 3032
0.777863 3081
0.779821 3017
0.783802 3089
0.787248 3161
0.79388 3043
0.796852 3006
0.80243 3159
0.805458 2971
0.810946 3096
0.812536 3095
0.815125 3140
0.815613 3131
0.832255 3003
0.858733 3016
0.860391 3034
0.863898 3147
0.869859 2975
0.871887 3066
0.871951 3191
0.872925 3153
0.875112 3103
0.87533 2976
0.880078 3073
0.881903 3129
0.882807 3148
0.888751 2948
0.894484 3061
0.896949 3165
0.903461 3168
0.909249 0.910269
0.909249 183
0.909631 237
0.910009 664
0.910054 1825
0.910527 1858
0.911504 2772
0.91198 2735
0.912066 2163
0.912318 1352
0.912551 3053
0.912754 2815
0.912816 1507
0.91284 1957
0.913515 637
0.91359 2379
0.913592 1548
0.913874 624
0.914198 1520
0.914586 287
0.914886 2418
0.915844 3120
0.916005 2610
0.916285 1822
0.916692 2635
0.916723 2691
2