1 2
483
0.218351 9161
0.218364 12664
0.218364 68680
0.218364 83815
0.218367 60242
0.218378 14395
0.218378 41915
0.218385 26131
0.218414 61863
0.218423 3771
0.218424 2774
0.218428 90262
0.218429 41823
0.218436 32841
0.218437 49769
0.218438 89712
0.218456 40594
0.218456 55679
0.218463 10479
0.218476 93323
0.218519 70038
0.218542 81562
0.218557 17649
0.218566 84259
0.218572 50350
0.218574 12242
0.218577 41386
0.218577 5815
0.218581 80458
0.218601 98028
0.218602 90899
0.218623 29061
0.218656 72975
0.218667 65830
0.218669 6365
0.218683 66492
0.218693 35091
0.218699 69551
0.218702 87354
0.218732 55024
0.218734 24879
0.218736 56994
0.218738 46188
0.218748 61340
0.218758 69091
0.21877 41184
0.218782 68785
0.218803 23983
0.218805 38431
0.21881 4527
0.218818 30534
0.218819 21390
0.218819 74050
0.218827 48611
0.218827 98232
0.218849 49827
0.218852 29476
0.218853 57244
0.21889 18591
0.218892 79875
0.218894 37301
0.2189 92760
0.21891 72162
0.218919 39582
0.218933 2381
0.218948 42018
0.21895 98075
0.218958 66998
0.218967 50946
0.218978 6758
0.218979 52811
0.218989 32617
0.218992 32752
0.218996 58909
0.219002 43968
0.219005 61227
0.219028 35157
0.21904 47448
0.219055 19626
0.219055 86752
0.219058 91426
0.219061 63358
0.219062 58028
0.219062 92240
0.219063 79828
0.219091 44831
0.219093 55029
0.219116 99512
0.21912 32615
0.219127 64119
0.219136 74558
0.219138 83809
0.219165 87965
0.219178 45965
0.219182 62287
0.219184 58197
0.219192 3482
0.219235 34481
0.219263 59581
0.219286 22651
0.219293 3245
0.219297 100693
0.219297 101693
0.219319 14551
0.219322 5465
0.219325 13473
0.219338 95628
0.21934 14832
0.219341 6044
0.219344 85386
0.219355 19115
0.21936 9748
0.219362 14558
0.219363 81339
0.219364 97438
0.219397 33361
0.219402 41810
0.219406 1257
0.219417 94379
0.219422 67334
0.219423 34301
0.219441 92190
0.219458 46047
0.219473 17643
0.219478 3944
0.219483 39754
0.219517 79029
0.219518 76222
0.219525 86233
0.219545 17956
0.219549 54466
0.219553 97970
0.219557 35713
0.219567 78399
0.219572 28754
0.219583 60260
0.219588 5141
0.219612 56835
0.21962 50143
0.21963 29667
0.219647 39019
0.219655 218
0.219675 16206
0.219678 35368
0.219683 74149
0.219687 70775
0.219708 82408
0.219713 72352
0.219733 62961
0.219737 45562
0.219743 78818
0.21975 75125
0.219759 100130
0.219759 101130
0.219765 6144
0.219766 89851
0.219769 30232
0.219772 21965
0.219781 6825
0.219792 25068
0.21981 60586
0.219815 16248
0.21982 28562
0.219823 16119
0.219827 19727
0.219832 86720
0.219887 22434
0.219896 97214
0.219921 100362
0.219921 101362
0.219949 7376
0.219954 10417
0.219976 12849
0.219989 81935
0.219999 24800
0.220001 73065
0.220012 9312
0.220027 62028
0.220034 95546
0.220063 79444
0.220071 16954
0.220071 50983
0.220093 29078
0.220106 43659
0.220115 18364
0.220117 32489
0.220117 88225
0.220122 10249
0.220137 735
0.220137 89033
0.220151 44997
0.220159 79258
0.220189 44022
0.22021 24087
0.22021 58241
0.220226 22413
0.220226 86259
0.220255 23337
0.220263 52123
0.220272 85238
0.220275 14557
0.220279 36529
0.220288 67186
0.220299 29291
0.220302 83315
0.220309 52750
0.220323 85250
0.220356 95690
0.220377 59305
0.220386 50930
0.220402 81997
0.22044 34746
0.220454 41713
0.220462 41771
0.220469 13475
0.220481 99141
0.220494 59391
0.220496 26616
0.220509 93143
0.22051 43996
0.22051 44819
0.220511 50271
0.220514 44116
0.220515 97136
0.22052 60338
0.220542 85379
0.220577 55697
0.220581 32345
0.220581 95416
0.220641 5177
0.220666 31220
0.220666 51129
0.220677 88033
0.220682 15753
0.220685 79375
0.2207 11874
0.220708 58128
0.220712 45828
0.220714 5724
0.22072 65896
0.220731 63479
0.220743 16308
0.220743 31517
0.220752 100652
0.220752 101652
0.220755 100302
0.220755 101302
0.220758 7790
0.220776 20102
0.22079 31805
0.220792 8124
0.220795 49654
0.22082 12948
0.220823 53754
0.220839 22082
0.220843 9058
0.220879 81359
0.220885 59446
0.220916 78241
0.220936 95315
0.220938 95845
0.220957 32114
0.220957 87794
0.220965 59734
0.220976 7492
0.22098 26481
0.220983 79019
0.221008 41577
0.221028 5868
0.221045 14056
0.221061 46293
0.221066 62506
0.221078 28126
0.221091 85470
0.221092 87972
0.221118 16372
0.221127 55758
0.221128 11689
0.221133 47349
0.221156 77608
0.221158 50770
0.221164 28937
0.221173 50193
0.221185 11360
0.221259 76463
0.221288 76217
0.2213 62014
0.221317 96642
0.221325 56844
0.221329 5462
0.221331 74070
0.221341 22643
0.221355 15433
0.221355 73832
0.221366 89789
0.221371 91486
0.221381 44721
0.221421 2553
0.221421 33111
0.221433 98184
0.221444 53240
0.221451 16151
0.221468 60672
0.221471 43316
0.221473 47587
0.221485 20585
0.221506 44042
0.221522 60596
0.221523 62706
0.221523 74008
0.221545 51672
0.221549 98070
0.221562 78092
0.221567 60414
0.221568 43675
0.221568 63777
0.221572 65397
0.221573 71121
0.221581 86936
0.221588 54475
0.221592 87442
0.221596 25246
0.221598 45099
0.221608 79861
0.221608 86551
0.221612 95501
0.221616 54778
0.221619 55743
0.221619 83862
0.221621 38708
0.221629 94295
0.221642 24306
0.221649 66205
0.221655 98895
0.221663 23620
0.221679 30501
0.2217 4654
0.221701 23900
0.221701 3358
0.221701 50579
0.221718 93332
0.221727 43051
0.221734 15962
0.22175 23307
0.221772 46569
0.221789 161
0.221829 36693
0.22183 18210
0.221851 86723
0.221852 14382
0.221862 53226
0.22187 86234
0.221906 49832
0.221906 63165
0.22191 65687
0.22192 37143
0.221952 90629
0.221953 82977
0.221959 77972
0.221967 1985
0.221976 84408
0.221983 22107
0.221996 26233
0.221996 73568
0.222009 93978
0.22201 30809
0.222038 57633
0.222059 70735
0.222088 36863
0.222105 70016
0.222122 64677
0.222127 69313
0.222134 28848
0.222136 81721
0.222141 35268
0.222147 100143
0.222147 101143
0.222155 63079
0.222161 88551
0.222161 90150
0.222166 84299
0.222178 91547
0.222182 82685
0.222184 55829
0.22219 27550
0.222213 98852
0.222221 58508
0.222235 39270
0.222256 20873
0.222262 13564
0.222286 86691
0.222291 89498
0.222298 65412
0.222314 28091
0.222318 57988
0.222318 66037
0.222318 70707
0.222324 62984
0.222328 36042
0.222335 69172
0.222336 44602
0.222341 58711
0.222354 91785
0.222363 41504
0.222393 7452
0.222419 45790
0.222419 46779
0.222455 72889
0.222456 62147
0.222459 27888
0.222461 52544
0.222469 69637
0.222478 10648
0.22248 46170
0.222489 9167
0.222501 44956
0.222503 81968
0.222513 84516
0.222528 44640
0.222537 70452
0.22254 30696
0.222557 97341
0.222564 17314
0.222582 19432
0.222585 24008
0.222594 58993
0.222596 510
0.222613 93664
0.222614 75057
0.222624 39835
0.222627 2022
0.222638 30988
0.222641 44622
0.222649 37861
0.222652 1888
0.222659 20558
0.222684 22718
0.222687 35491
0.222692 24865
0.22271 34066
0.222719 51232
0.222726 8234
0.222734 16827
0.222791 56686
0.222791 78739
0.222811 22386
0.222858 48740
0.222871 78791
0.222887 27383
0.222896 100419
0.222896 101419
0.222911 7630
0.222922 28044
0.222925 30365
0.222925 35233
0.222929 39894
0.22293 52699
0.222955 3169
0.222958 5023
0.222959 58405
0.222983 54531
0.222996 65496
0.222997 33164
0.223001 53659
0.223008 19942
0.223013 17655
0.223018 71643
0.22303 12898
0.223032 49305
0.223035 49916
0.223042 91821
0.223055 9957
0.223058 81608
0.223063 2738
0.223065 54168
0.223071 5556
0.223072 14883
0.223074 28241
0.223075 71196
0.223085 55608
0.223096 46320
0.223107 99998
0.223112 19162
17 65