1 2
463
0.373897 8518
0.373905 28008
0.373906 36305
0.373914 30192
0.373919 95379
0.373939 78318
0.373943 3731
0.373949 57559
0.373961 77587
0.373988 14350
0.373988 3596
0.373992 99957
0.374 17025
0.374013 79604
0.374019 17747
0.374024 66436
0.37403 40453
0.37404 39489
0.374046 30096
0.374053 39343
0.374058 11006
0.374064 56563
0.374071 99841
0.374082 53574
0.37411 56482
0.374119 86849
0.374124 89458
0.374158 38948
0.37416 48643
0.374168 86252
0.374172 59001
0.374197 31566
0.374199 2262
0.374203 62233
0.374207 80060
0.374219 100782
0.374221 86875
0.374226 43165
0.374227 78304
0.374245 42936
0.374254 80297
0.374263 26720
0.374282 5210
0.374282 84018
0.374295 52169
0.374297 83265
0.374321 96804
0.374329 91333
0.374344 10148
0.374345 80821
0.37435 83728
0.374351 9271
0.374355 98037
0.374356 74296
0.374371 85480
0.374373 22409
0.374376 38350
0.374379 52728
0.374379 99565
0.374387 11783
0.374396 89259
0.374401 71275
0.374413 47382
0.374416 85895
0.374418 52122
0.374421 94849
0.374428 69814
0.374432 22419
0.374438 84532
0.374441 7738
0.374444 66808
0.37445 87969
0.374468 57480
0.374472 30778
0.374472 69
0.374478 53830
0.374479 83480
0.374485 37969
0.374487 32468
0.3745 38002
0.374502 4938
0.374523 38550
0.374526 57158
0.37454 3957
0.374559 91609
0.374565 23831
0.374586 29218
0.374592 51180
0.374593 56860
0.374594 20624
0.374598 75949
0.374612 41354
0.374615 17874
0.374616 37240
0.374637 10367
0.37464 81804
0.374642 71084
0.37465 64484
0.374666 4116
0.374668 49949
0.374669 2977
0.374672 64689
0.374674 65924
0.374675 80879
0.374681 68020
0.374693 96034
0.37471 54952
0.374711 50321
0.374715 18870
0.374715 42515
0.374716 81769
0.374726 67787
0.374728 56098
0.374745 88131
0.374754 94641
0.374779 42147
0.374788 22992
0.374816 3399
0.374835 54333
0.374846 6725
0.374851 71448
0.374853 67068
0.374856 7364
0.374867 16262
0.374871 60692
0.374875 7501
0.374888 47286
0.374894 70309
0.374903 31546
0.374922 8543
0.374925 99404
0.374929 58523
0.37493 76223
0.374934 19848
0.374938 45581
0.374948 23410
0.374956 80385
0.374958 42385
0.374977 18724
0.374991 26715
0.374991 81160
0.374998 51310
0.375006 21285
0.375019 84892
0.375022 38148
0.375026 90529
0.375057 76010
0.375072 95821
0.375076 49062
0.375076 83805
0.375082 83764
0.375084 86851
0.375089 79491
0.375099 92506
0.375102 35714
0.375125 39899
0.375155 13152
0.375155 87073
0.375157 65070
0.375164 72978
0.375172 30459
0.375174 16430
0.375177 43038
0.375211 49826
0.375219 72888
0.375222 5315
0.37523 31616
0.375233 65531
0.375253 36148
0.375259 52021
0.375274 31737
0.375279 27564
0.375293 1439
0.375299 58527
0.375306 53565
0.375315 36877
0.375353 86529
0.375359 65338
0.37536 19018
0.375375 39892
0.375376 56370
0.375397 45825
0.37541 43238
0.37542 76377
0.375432 13823
0.375441 15523
0.37545 24646
0.375454 25396
0.375464 38338
0.375471 28978
0.375494 31831
0.375499 31379
0.375512 76374
0.375535 75418
0.375551 83101
0.375579 68884
0.375588 4511
0.375589 16894
0.375591 90466
0.375593 79633
0.375595 31895
0.3756 89780
0.375605 69730
0.375608 20830
0.375643 100836
0.375643 95586
0.375644 51871
0.375651 20080
0.375653 96203
0.375659 45768
0.375663 40696
0.375665 41794
0.375665 971
0.375677 94204
0.375678 62892
0.37568 97751
0.375684 53882
0.375684 81037
0.375691 7391
0.375699 8891
0.375707 87734
0.375749 26302
0.37575 72257
0.375766 65577
0.375781 79060
0.375782 112
0.375783 81051
0.375789 3372
0.3758 85123
0.375811 39804
0.375812 30258
0.375814 44579
0.375818 92081
0.375819 5538
0.375844 22713
0.375857 89956
0.375864 48683
0.375868 97641
0.375895 20113
0.375899 36621
0.375916 83061
0.375918 39239
0.37592 4535
0.375938 3646
0.375942 28939
0.375957 31252
0.375983 3833
0.376001 17751
0.376001 8755
0.376004 30923
0.376006 91921
0.376016 10633
0.376024 21322
0.376043 12055
0.376043 89371
0.376072 31338
0.376074 9866
0.376111 98601
0.376114 80557
0.376124 50408
0.376134 23240
0.376157 43653
0.376162 62436
0.376182 82273
0.376189 99240
0.376197 100916
0.376207 39062
0.376213 34951
0.376242 48174
0.376243 44360
0.376248 55844
0.376271 57392
0.37628 6054
0.376292 100881
0.376294 11436
0.376294 1967
0.376302 19509
0.376302 93796
0.376305 100562
0.37632 6061
0.376336 67324
0.376337 99060
0.376343 23407
0.376358 5010
0.376366 80914
0.376381 60167
0.376408 82304
0.376413 3748
0.376418 12692
0.376427 44205
0.376428 7960
0.37644 7765
0.37647 32591
0.376471 87233
0.376498 99059
0.376501 41157
0.376508 79199
0.376539 41307
0.376542 23371
0.376546 1091
0.376547 86503
0.376549 366
0.376577 57181
0.376594 65548
0.37663 89272
0.376632 53986
0.37664 63988
0.376646 58510
0.376661 60833
0.376679 35090
0.376697 36681
0.376707 95562
0.376715 21433
0.376727 39339
0.376736 43544
0.376747 81965
0.376765 27588
0.37677 6321
0.376776 9646
0.376792 76724
0.376813 70740
0.376819 49626
0.376828 32087
0.376837 54135
0.376843 7545
0.376858 34614
0.376867 64853
0.376868 26183
0.376869 58576
0.37689 79913
0.376896 17328
0.376897 16488
0.376912 37968
0.376922 81551
0.376927 15675
0.376943 19649
0.376947 52407
0.376976 35163
0.376989 67689
0.376989 89235
0.377008 15275
0.377016 54164
0.377039 8593
0.377048 60104
0.37706 8897
0.37709 20424
0.377096 47269
0.377111 6535
0.377124 47245
0.377132 5750
0.377161 36798
0.377161 90149
0.377164 53471
0.377174 14437
0.377174 70647
0.377188 88281
0.377189 62120
0.377191 35009
0.377196 45410
0.377227 89085
0.377253 42081
0.377263 39680
0.377276 32462
0.377283 10761
0.377283 35433
0.377288 94678
0.377307 10871
0.377316 13216
0.377323 83408
0.377328 57536
0.377354 33587
0.377363 95013
0.377364 41531
0.377367 21060
0.377376 72645
0.37738 60900
0.377383 78763
0.377391 10780
0.3774 23520
0.377405 38130
0.377415 71860
0.377429 92675
0.377439 94498
0.377448 53749
0.377454 20054
0.377465 53220
0.377484 14002
0.377485 90976
0.37749 43237
0.377495 77380
0.377499 49994
0.377503 60526
0.377505 78142
0.377522 90894
0.377538 70107
0.37754 72621
0.377565 89887
0.377574 82662
0.377576 70048
0.377586 52866
0.377595 31457
0.377621 22044
0.377634 15998
0.377657 92909
0.377659 98030
0.377699 55723
0.377702 47834
0.377704 14857
0.377704 93333
0.37772 64340
0.377721 61705
0.377735 32488
0.377758 12847
0.377763 58225
0.377764 51378
0.377779 85217
0.377782 12860
0.377783 96977
0.377789 87760
0.3778 28643
0.377831 66567
0.377858 15862
0.377859 75630
0.377868 17233
0.377885 36046
0.377887 97944
0.377888 31477
0.377898 66977
0.377935 85251
0.377939 52579
0.377952 75537
0.377955 14878
0.377964 43012
0.377979 92917
0.37799 100403
0.377994 84666
0.378011 37061
0.378011 49218
0.37805 26328
0.378056 27274
0.378058 39738
0.378078 66960
0.378096 51229
0.37812 32976
0.378129 49013
0.378129 84439
0.378132 63681
0.37815 16515
0.378172 29668
0.378178 75167
0.378184 70412
0.378198 10201
0.37822 65020
0.37822 72692
0.37822 99959
0.37823 61146
0.378245 76425
0.378246 12862
0.378253 41786
0.378284 66874
0.378289 75246
0.378297 58345
0.378298 90751
66 34