1 2
483
0.448855 2998
0.448859 96604
0.448888 98549
0.448897 80518
0.448899 78345
0.448909 90236
0.448912 49057
0.448918 45430
0.44892 56818
0.448927 41699
0.448933 15519
0.448937 92441
0.448944 10434
0.448949 42609
0.448951 82387
0.448956 17282
0.448972 23103
0.44898 6726
0.448997 51296
0.449004 87306
0.449011 8370
0.449013 91566
0.449016 4626
0.449018 1064
0.449026 57742
0.44903 62572
0.449038 67225
0.449042 55521
0.449048 96937
0.449052 83684
0.449055 73941
0.449067 24301
0.449067 97134
0.449075 85985
0.449086 22169
0.449101 11727
0.449103 94865
0.449106 57141
0.44911 30519
0.449111 70614
0.449113 32485
0.449137 12043
0.449158 62274
0.449167 80943
0.449195 4867
0.44921 94113
0.449229 4746
0.449257 34332
0.44926 13389
0.449267 32129
0.449275 39402
0.44928 37130
0.449284 25980
0.449288 32035
0.449297 3033
0.449303 33478
0.449304 89861
0.449324 81060
0.449327 8063
0.449329 53474
0.449364 47951
0.449382 30931
0.44939 67265
0.449393 97114
0.449394 82686
0.449395 11349
0.449396 40222
0.4494 64141
0.449436 15558
0.44944 87633
0.449448 824
0.449449 83145
0.44946 100658
0.449471 62080
0.449472 68623
0.449473 10709
0.449479 18169
0.449486 89893
0.449492 80748
0.449496 81261
0.449497 69717
0.4495 27431
0.449505 39546
0.449506 41582
0.449507 10219
0.449525 84035
0.449527 86764
0.44953 57940
0.449539 23794
0.449554 1723
0.449554 70184
0.449558 74009
0.44957 55239
0.449586 80582
0.449621 88314
0.449624 34180
0.449629 600
0.449631 25949
0.449633 95287
0.449649 42447
0.449663 43835
0.449676 58770
0.44968 17138
0.4497 89701
0.44973 100043
0.449736 11060
0.449761 86490
0.44977 99737
0.449775 47702
0.449783 79711
0.449791 53680
0.449828 35727
0.449838 53425
0.449862 83473
0.449868 45749
0.44987 82266
0.449873 16265
0.449874 42666
0.449889 78017
0.449889 95193
0.449891 86680
0.449892 90291
0.449897 69908
0.449905 38784
0.449927 11100
0.44993 37071
0.44993 6020
0.449934 39568
0.449943 20121
0.449963 44553
0.449963 68929
0.449966 12566
0.449967 94254
0.449976 70885
0.449976 98371
0.449992 52630
0.450006 39606
0.450023 63644
0.45005 43172
0.450052 95048
0.450092 65811
0.450092 7685
0.450095 21636
0.450101 68031
0.450104 17605
0.450114 58789
0.450115 73955
0.450118 87918
0.450122 26972
0.450128 32293
0.450139 66231
0.450154 80398
0.45016 17651
0.450161 91508
0.450164 90849
0.450166 25211
0.450174 52130
0.450188 48335
0.450194 1178
0.450224 96245
0.450226 3389
0.450235 100062
0.450239 63220
0.450248 45397
0.450259 19841
0.450285 97248
0.450306 12706
0.450309 30994
0.450313 24931
0.450315 28401
0.450325 45475
0.450332 19203
0.450343 65889
0.450352 94805
0.450362 45164
0.450368 70002
0.450376 100097
0.450377 17220
0.450378 78116
0.450391 31866
0.450436 51020
0.450443 82616
0.450444 95805
0.450448 82198
0.45045 67458
0.450462 2809
0.450521 11478
0.450525 20955
0.450533 60366
0.450558 68527
0.450563 87289
0.450567 95381
0.45058 22801
0.45058 42061
0.4506 7777
0.450606 81234
0.450611 12880
0.450613 19201
0.45062 23733
0.450623 88937
0.450625 97934
0.450628 74661
0.450629 1847
0.450629 98509
0.450637 83788
0.450638 54825
0.450642 22124
0.450654 4095
0.450659 57723
0.450686 42324
0.450686 77639
0.450688 86432
0.450692 62902
0.450694 98984
0.450711 88149
0.450715 20871
0.450721 71488
0.45073 72245
0.450744 19731
0.45075 9108
0.450773 36694
0.450774 50320
0.45079 39054
0.450791 60073
0.450797 90657
0.450815 3976
0.450853 66002
0.450855 14040
0.450861 56164
0.450862 46838
0.450869 64137
0.45088 75275
0.450886 63913
0.450892 30663
0.450903 55664
0.450904 61544
0.450927 336
0.450933 27251
0.450938 55320
0.450939 87237
0.45095 77506
0.450951 58048
0.450951 59083
0.450977 93899
0.450986 59943
0.45099 27289
0.450991 14198
0.451005 16795
0.451006 96926
0.45101 23514
0.451017 90301
0.451036 69170
0.451042 10069
0.451055 75053
0.451061 92243
0.451075 18875
0.451087 97762
0.451096 40678
0.451108 45218
0.451117 98234
0.451141 61856
0.45115 44505
0.451159 47149
0.451175 61668
0.451181 22521
0.451188 4740
0.451188 63504
0.451189 72432
0.451196 9567
0.451208 28236
0.451214 54328
0.451218 87723
0.451223 54354
0.451227 50209
0.451241 79424
0.451251 39072
0.451251 85104
0.45126 3479
0.45127 40115
0.451278 30025
0.451286 33618
0.451293 22036
0.451307 72485
0.45133 26252
0.45134 19265
0.451341 36509
0.451351 80600
0.451361 71857
0.451376 8213
0.451378 85950
0.451383 4849
0.451402 20827
0.451404 30145
0.451417 36600
0.45144 91468
0.451444 37802
0.451457 90738
0.451497 6750
0.451511 56017
0.451528 68422
0.451537 1906
0.451537 67569
0.451545 82317
0.451576 36486
0.451579 6455
0.451587 70513
0.451623 66818
0.451634 75846
0.45165 69973
0.451654 9481
0.451659 94186
0.451679 79759
0.45168 15708
0.451683 58273
0.451683 67759
0.451711 252
0.451751 39828
0.451773 5200
0.451775 43321
0.451787 80127
0.451799 62392
0.451814 34190
0.451831 73659
0.451834 13126
0.451855 39538
0.451855 58945
0.451858 49417
0.451865 31676
0.451867 80234
0.45187 78236
0.451872 55369
0.451884 77617
0.451888 52850
0.451888 58653
0.451898 16434
0.45191 72509
0.451914 37575
0.451915 2072
0.451915 26516
0.45192 99359
0.451921 30073
0.451929 82783
0.451936 57163
0.451937 42478
0.451938 39464
0.45194 257
0.451941 46317
0.45195 91524
0.451963 75674
0.451964 86106
0.451978 67957
0.451985 41105
0.451987 25514
0.451988 67341
0.452002 17253
0.452005 57644
0.452052 65000
0.452054 50757
0.452054 53335
0.452064 36829
0.452078 29818
0.452126 6536
0.452147 54730
0.452154 37290
0.452158 9178
0.452161 53791
0.452181 29959
0.452182 72102
0.452184 48589
0.452186 69225
0.452188 23116
0.452197 75324
0.452199 21217
0.452203 91453
0.452215 38660
0.452264 41611
0.452264 9229
0.452277 81418
0.452278 26510
0.452279 88920
0.452286 1696
0.452289 9639
0.452293 22728
0.452297 19100
0.452299 59905
0.452318 88188
0.452323 49284
0.452329 48069
0.452336 89544
0.452345 96078
0.452351 21943
0.452381 28540
0.452385 43520
0.452386 63895
0.452402 302
0.452407 92740
0.452417 70287
0.452435 59593
0.452457 73683
0.45247 69984
0.452471 100664
0.452487 82129
0.452491 90725
0.452498 29927
0.452517 86125
0.452521 10563
0.452525 72104
0.452538 39773
0.45254 759
0.452541 33617
0.452569 53627
0.452571 99854
0.452595 20281
0.452597 86211
0.452601 6675
0.452643 23636
0.452659 39657
0.45266 24683
0.452672 39241
0.452679 33042
0.452683 25210
0.452685 44792
0.452687 7930
0.45269 41003
0.452695 911
0.452696 1041
0.452699 95787
0.452724 83452
0.452736 25717
0.452763 60766
0.452765 98142
0.452774 84397
0.452776 31587
0.452791 83597
0.452795 11985
0.452798 20141
0.452809 59307
0.452812 40564
0.45282 87750
0.452824 95393
0.452841 93172
0.452851 72972
0.452861 35749
0.452863 49231
0.45287 39697
0.452888 18095
0.452921 18813
0.452931 95459
0.452932 99160
0.452935 84499
0.452936 15249
0.452947 14293
0.452964 49421
0.452975 49896
0.452989 5593
0.45299 18560
0.452991 66612
0.453004 31612
0.453008 62217
0.453009 71750
0.453024 21812
0.453036 60226
0.453046 22039
0.453048 98756
0.453055 76621
0.453063 58657
0.45307 41669
0.453071 89600
0.453076 69440
0.45308 22040
0.453094 34153
0.453111 24077
0.453121 22296
0.45313 73394
0.45316 34285
0.453165 81973
0.453174 46099
0.453189 97286
0.4532 51288
0.453207 55559
0.453209 63568
0.453213 57027
0.453243 40415
68 14