1 2
453
0.572624 4065
0.572648 13418
0.572652 3204
0.572659 30103
0.572665 31602
0.572677 20903
0.57269 16325
0.572726 92790
0.572737 29634
0.572749 35407
0.572765 55804
0.572768 89817
0.572787 34601
0.572787 81593
0.572804 92689
0.572825 96462
0.572836 69724
0.57284 55113
0.572855 35173
0.572866 98582
0.572893 71264
0.572913 46921
0.572915 85812
0.572923 80116
0.572928 42028
0.572934 87842
0.572946 66842
0.572949 37749
0.572951 4554
0.572964 76926
0.57297 51224
0.572973 78761
0.572977 70096
0.57298 89568
0.573007 49101
0.573024 84346
0.573029 67553
0.573051 28200
0.573053 32350
0.57307 85305
0.573082 55510
0.573084 76110
0.573098 38949
0.573101 33933
0.573108 19427
0.573155 22245
0.573162 86185
0.57317 98230
0.573184 91295
0.573192 55793
0.573192 78246
0.573199 38335
0.573226 76122
0.573231 93640
0.573241 2826
0.573251 30868
0.573258 87054
0.573263 80067
0.573288 85716
0.573306 20540
0.573318 97049
0.573354 62675
0.573363 84649
0.573365 31830
0.573375 63044
0.573375 87447
0.573415 19294
0.573416 62018
0.57342 45008
0.573424 60574
0.573425 73251
0.573432 23522
0.573435 51164
0.573436 29239
0.573437 3057
0.573438 54648
0.573451 47704
0.573455 66985
0.573478 90335
0.573479 58922
0.573497 21960
0.573505 99608
0.573506 89027
0.573515 81164
0.573518 94500
0.573522 93851
0.573535 33088
0.573538 36383
0.573556 10898
0.573558 32690
0.573575 15954
0.573603 98368
0.573625 97671
0.573629 68636
0.573644 2258
0.573666 78327
0.57368 55043
0.573684 69228
0.573684 69298
0.573691 10720
0.573696 9647
0.573701 54870
0.573713 36785
0.573717 18466
0.57372 76282
0.573723 36155
0.573725 64284
0.573736 48800
0.573753 60736
0.573769 2348
0.573786 69750
0.573793 30631
0.573795 73842
0.573806 76954
0.573813 43170
0.57382 10226
0.573827 14337
0.573846 20476
0.573877 83875
0.57389 6782
0.573895 55910
0.573902 52262
0.573909 23226
0.573928 90604
0.573945 93592
0.57395 31398
0.573963 67307
0.573972 34672
0.573981 76641
0.573988 63608
0.573989 19178
0.573989 28367
0.573993 96291
0.574018 44375
0.574019 49714
0.574019 59337
0.574024 80838
0.574036 45406
0.574042 97310
0.574054 74685
0.574075 25370
0.574081 20700
0.574089 44417
0.574121 30397
0.574126 94753
0.574127 61851
0.574133 57538
0.574145 7642
0.574148 47578
0.57417 40253
0.574175 80094
0.574178 35932
0.574183 13956
0.574187 83817
0.574207 19008
0.574209 62590
0.574212 82668
0.574217 4579
0.574229 60917
0.574234 16064
0.574256 13388
0.574263 92098
0.574282 36150
0.574283 13711
0.574287 46848
0.574305 53949
0.574305 54353
0.57431 91229
0.574319 40929
0.574327 63626
0.574336 45529
0.574357 82057
0.574377 93870
0.57438 42488
0.574391 52025
0.574411 42719
0.574423 21537
0.574425 78933
0.574442 20522
0.574459 21238
0.574463 13899
0.574473 82501
0.574477 1826
0.574478 67421
0.574498 36899
0.574507 97769
0.574508 10674
0.574509 93340
0.574514 1449
0.574514 31064
0.574522 27958
0.574531 38580
0.574538 76041
0.574554 25261
0.574554 99782
0.574556 30617
0.574577 71494
0.574581 23777
0.574584 72343
0.574586 86806
0.574591 37578
0.574594 7126
0.574606 73375
0.574613 99355
0.574618 69407
0.574635 59662
0.574638 26182
0.574669 4678
0.57468 19154
0.574701 96255
0.574705 78336
0.574708 39258
0.574717 51808
0.574725 25300
0.574745 87213
0.574758 71974
0.574771 6188
0.574781 84723
0.574789 84631
0.574807 84348
0.574819 95947
0.574839 5901
0.574844 19566
0.574848 41744
0.574849 4234
0.57487 93351
0.574871 41949
0.574871 85680
0.574875 50112
0.5749 29878
0.574915 26430
0.574935 67000
0.574939 57232
0.574944 52493
0.574947 84547
0.574949 94235
0.574952 25765
0.574953 99243
0.574957 75046
0.574966 29577
0.574969 31431
0.57497 43233
0.574981 78496
0.575001 25806
0.575004 87503
0.57501 19120
0.575016 68548
0.575022 24706
0.575032 17994
0.575053 87337
0.575056 16500
0.575058 26007
0.575066 58359
0.575067 60071
0.5751 38831
0.575109 30333
0.575109 56068
0.575122 10759
0.575127 79270
0.575147 10961
0.575151 81988
0.575174 13826
0.575176 69083
0.575187 24529
0.575202 97610
0.575222 24348
0.575224 39458
0.575233 18914
0.57524 96872
0.575246 37425
0.575249 55582
0.575252 10632
0.575277 29106
0.575282 15556
0.575291 52790
0.575294 6453
0.575298 37975
0.57531 23083
0.575323 37862
0.575324 30500
0.575327 97838
0.575373 21693
0.57538 71889
0.575395 54060
0.575441 35462
0.575454 38655
0.575455 54758
0.575459 58315
0.575477 20367
0.575479 32036
0.575481 61077
0.57549 53470
0.575496 56310
0.575499 45592
0.5755 69466
0.575524 67782
0.575527 64976
0.575535 11855
0.575567 29679
0.575569 20176
0.575572 41385
0.575579 64578
0.575585 54323
0.575591 41044
0.575601 68049
0.575609 97506
0.575612 73715
0.575636 56142
0.575651 92686
0.575697 89785
0.575718 7256
0.575743 49874
0.575752 43445
0.575771 54314
0.575796 31156
0.575799 8049
0.575807 15239
0.575809 45371
0.575815 51028
0.575833 83394
0.575843 8802
0.575869 29420
0.575884 79760
0.575886 87106
0.575907 66728
0.575917 61495
0.575982 80269
0.575986 15341
0.575989 28489
0.575992 79351
0.576 23419
0.576013 50474
0.576037 87892
0.576046 77189
0.576071 4784
0.576079 3463
0.57608 67018
0.576154 48858
0.576178 58350
0.5762 37097
0.576219 10558
0.576223 50059
0.576234 41021
0.57624 67875
0.576247 86161
0.57627 91441
0.576319 41774
0.57632 22657
0.576328 39605
0.576374 23883
0.576379 9676
0.576381 31845
0.576397 25388
0.576405 9281
0.576413 63228
0.576414 24963
0.576414 39133
0.576419 80575
0.576473 96853
0.576474 49019
0.576475 96935
0.576484 7624
0.576495 42687
0.576519 39807
0.576529 8618
0.57655 49809
0.576563 98194
0.576596 25577
0.576596 39636
0.576608 82399
0.576635 34088
0.576639 51195
0.576657 24561
0.576663 69188
0.576681 79389
0.576693 6723
0.576694 77503
0.576699 27615
0.57671 9838
0.576713 62549
0.576714 77306
0.576715 98013
0.57672 4735
0.576728 23046
0.57677 54960
0.576787 27915
0.576788 85041
0.576797 17871
0.576801 47348
0.576821 71595
0.576831 51647
0.576857 50656
0.576862 12981
0.576864 95894
0.57687 73162
0.576871 69905
0.576894 7598
0.576906 35554
0.576909 16781
0.576917 80290
0.576954 51220
0.576966 77979
0.576973 56085
0.576983 44582
0.576986 45343
0.576987 55499
0.576997 95719
0.577016 56439
0.577047 31184
0.577056 22064
0.577056 99803
0.577097 71955
0.577103 88273
0.577121 27977
0.57713 40527
0.57714 82017
0.577142 68245
0.577153 57393
0.577167 8865
0.57717 43236
0.577182 63126
0.577197 56617
0.577203 70504
0.577235 70963
0.577252 66426
0.577255 5850
0.577285 8881
0.577301 55131
0.577318 16814
0.577319 47848
0.57732 99504
0.577322 25504
0.577346 16457
0.577348 29412
0.577349 90488
0.577352 65256
0.577362 42689
0.577363 37658
0.577376 57489
0.577381 57204
0.577386 73189
0.577406 75532
0.577423 46438
0.577425 55534
0.577432 41703
0.577453 65607
0.577455 58146
0.57746 26703
0.577467 20119
0.577507 68308
0.577509 30022
0.577516 44158
0.577523 32901
69 11