1 2
444
0.190488 2501
0.190508 56390
0.190539 27970
0.19054 15516
0.190543 37952
0.190551 66321
0.190563 45525
0.190578 5925
0.190584 4489
0.19059 12593
0.190593 25550
0.190601 20175
0.190611 88386
0.190619 30115
0.190619 3919
0.190668 46220
0.190672 22301
0.190674 19746
0.190676 44784
0.190679 22720
0.190686 23676
0.190689 72164
0.190693 19372
0.190694 37428
0.190703 21175
0.190703 25623
0.190746 66875
0.190751 21836
0.190753 49053
0.190786 17869
0.190789 74627
0.190803 93719
0.190817 20729
0.190819 4262
0.190822 57688
0.190829 18332
0.190855 42450
0.190883 94149
0.1909 23548
0.190914 82599
0.190937 70704
0.190955 53285
0.190966 30227
0.190969 76123
0.190979 19370
0.190979 47501
0.190981 64709
0.191022 70975
0.191026 15272
0.19105 59155
0.19108 78108
0.191083 91253
0.191102 44586
0.191103 79083
0.191106 15339
0.191107 56508
0.191109 84119
0.191123 100585
0.191125 89133
0.191125 98690
0.191126 790
0.191132 41150
0.191153 72623
0.191169 70283
0.191169 80103
0.19117 51950
0.191175 25316
0.191179 47766
0.191193 52795
0.191197 30338
0.191218 4178
0.191231 3198
0.191231 60580
0.19124 66748
0.191268 49478
0.191281 22184
0.191292 40586
0.191292 96526
0.191297 21350
0.191302 62095
0.191303 91700
0.191314 68915
0.191321 58957
0.191321 87680
0.191354 85733
0.191386 36998
0.191386 65618
0.191387 52402
0.191392 31339
0.191395 2422
0.191409 61735
0.191421 58080
0.191424 95088
0.191432 96359
0.191433 10026
0.191437 50495
0.191459 29682
0.191465 92988
0.191494 37699
0.191503 74621
0.191512 82131
0.191513 84432
0.19154 83164
0.191546 57631
0.191546 78715
0.191549 54342
0.19155 21422
0.191554 54006
0.191561 99189
0.191566 77076
0.191574 49093
0.191575 45167
0.191585 92569
0.191586 75417
0.191587 1082
0.19159 48241
0.19159 95790
0.191598 69069
0.191603 34988
0.191604 46923
0.191612 41009
0.191623 88119
0.191628 9134
0.191634 22878
0.19164 58283
0.191648 66563
0.19165 69505
0.191672 3860
0.191672 8006
0.191699 22659
0.191701 8110
0.191711 16358
0.191714 20849
0.191725 19348
0.19173 57812
0.191733 19396
0.191752 71041
0.191753 28533
0.191758 90543
0.191785 11294
0.191788 69307
0.1918 76969
0.191803 52046
0.19182 95717
0.191821 3322
0.191826 62588
0.191826 69585
0.191834 61958
0.191838 15314
0.191847 66464
0.191855 60437
0.191855 86043
0.191857 63669
0.19186 97411
0.191864 71582
0.191865 33515
0.191865 60208
0.191871 12748
0.191873 95178
0.191879 42504
0.191891 56906
0.191916 51965
0.19192 48386
0.191929 7806
0.191939 28280
0.191961 47720
0.191979 10610
0.191986 40371
0.19201 34879
0.192017 64842
0.192025 14222
0.192026 17340
0.192042 88241
0.192053 43798
0.192055 3770
0.192067 10143
0.192078 29354
0.192083 40566
0.19209 20431
0.192092 31221
0.192108 87049
0.192109 28504
0.192121 60391
0.192125 26698
0.192132 27609
0.192152 43516
0.192173 15982
0.192183 18180
0.192188 11247
0.192226 19454
0.192226 79383
0.192242 83979
0.192251 98951
0.192252 20649
0.192257 63886
0.192274 53277
0.192281 6120
0.192305 3762
0.19231 51940
0.192313 36392
0.192314 51000
0.192317 55611
0.192331 17030
0.192341 40370
0.192348 31090
0.19237 93710
0.192413 59898
0.192415 41875
0.192417 20359
0.19244 21792
0.192443 98957
0.192446 70858
0.192454 57402
0.192455 42244
0.192477 25848
0.192485 82323
0.192489 68668
0.192507 39144
0.192515 41213
0.192532 8153
0.192534 51654
0.192545 56702
0.19255 93528
0.192554 82789
0.192561 27830
0.192572 421
0.192577 65050
0.192585 42991
0.192589 14450
0.192593 1009
0.192602 5420
0.192619 64973
0.192647 29803
0.192649 63333
0.192655 21622
0.192694 75851
0.192698 75866
0.192702 94780
0.192704 24217
0.19271 8623
0.192731 39404
0.192738 83543
0.19274 47412
0.192764 91274
0.192771 50580
0.192784 58961
0.192789 50868
0.192789 98106
0.19281 30924
0.192819 37590
0.192819 67683
0.192822 29592
0.192824 65621
0.19283 34437
0.19283 97640
0.192836 47767
0.192841 98933
0.192894 76996
0.192897 11417
0.192923 4409
0.192937 17699
0.192968 52538
0.192975 12013
0.192977 25762
0.193002 16091
0.193007 94815
0.19301 52110
0.193017 63472
0.193018 78114
0.19302 33590
0.19302 48071
0.19302 89821
0.193028 75951
0.193032 40447
0.193044 44937
0.193063 72679
0.193084 34284
0.193086 14272
0.193098 9944
0.193099 66943
0.193117 641
0.193119 94635
0.193133 100887
0.193139 91934
0.193142 78424
0.193144 4104
0.193147 30150
0.193164 72221
0.193166 64342
0.19317 61717
0.193182 40379
0.193189 78538
0.193196 54603
0.193201 14315
0.193217 50815
0.193228 36627
0.193244 77137
0.193247 74475
0.19326 12113
0.193273 59432
0.193281 87282
0.193295 80875
0.193299 38326
0.19332 80310
0.193321 32735
0.193347 15241
0.193347 95892
0.193352 91189
0.193355 43345
0.193355 64116
0.193365 4426
0.193368 91444
0.193387 26411
0.193389 65513
0.193391 66739
0.193412 54218
0.193446 76189
0.193458 28132
0.193466 96287
0.193471 4120
0.193486 43627
0.193487 42723
0.193504 17922
0.193519 77526
0.193532 76694
0.193547 22289
0.193551 438
0.193551 86549
0.193552 36429
0.193557 13454
0.193569 17170
0.193577 38051
0.193581 96524
0.193592 13858
0.193599 86192
0.193611 31359
0.193618 60904
0.193636 92567
0.193639 16525
0.193641 94251
0.193649 47538
0.193652 47593
0.193659 77520
0.19366 33568
0.193667 4492
0.193672 76901
0.193672 80607
0.19372 90220
0.19376 37693
0.19376 98777
0.193763 35881
0.193769 21212
0.193778 20976
0.193802 72096
0.193827 48141
0.193854 51605
0.193859 73500
0.193863 48629
0.19387 50888
0.193887 67364
0.193898 14726
0.193903 69046
0.193911 9189
0.193916 75313
0.193936 89517
0.193958 20249
0.193963 15739
0.193975 67123
0.193975 78091
0.193984 47333
0.193988 31904
0.194006 77410
0.194009 97192
0.194016 25359
0.194021 49339
0.194036 45189
0.194038 38720
0.194042 100962
0.194056 22185
0.194089 75011
0.194105 4774
0.19412 96009
0.194126 33629
0.194144 98820
0.194147 97632
0.194157 51622
0.194183 44786
0.194195 75830
0.194199 48524
0.194207 54759
0.19422 19212
0.194229 89483
0.194232 43480
0.194243 31651
0.194256 72378
0.194263 92264
0.194268 60069
0.194284 83566
0.194288 16671
0.194321 23517
0.194343 17979
0.194343 6501
0.194345 80856
0.194351 2430
0.194351 70994
0.194352 61617
0.194359 43379
0.194365 14418
0.194376 7441
0.19438 48287
0.194384 89146
0.194387 7118
0.194389 79556
0.194411 64560
0.194418 38245
0.194418 84422
0.19442 42637
0.194423 57637
0.194427 17077
0.194433 13715
0.194453 87199
0.194472 19632
0.194496 13917
0.194499 39188
0.1945 42508
0.194505 91976
0.194529 92142
0.194531 31231
0.194542 73705
0.194547 14605
0.194549 12421
0.194585 53507
0.194587 90606
0.19461 82525
0.194618 35437
0.194618 46249
0.194621 1579
0.194621 75569
0.194637 86436
0.19465 46500
0.194651 7862
0.194662 65594
0.194688 23675
0.194688 95405
67 10