1 2
447
0.173232 85476
0.173232 9755
0.173239 426
0.173243 86645
0.173275 33189
0.17329 72189
0.173292 16258
0.173292 49532
0.173305 28823
0.173311 61480
0.173316 27936
0.173335 11505
0.173335 45517
0.17335 37121
0.173361 25017
0.173368 36409
0.173371 56580
0.173378 3332
0.173388 2997
0.173389 73242
0.173404 88212
0.173417 75822
0.173449 37516
0.173459 14847
0.173515 32428
0.173515 87061
0.173523 75081
0.173549 12212
0.173554 2695
0.173557 10308
0.173571 33030
0.173577 33177
0.173598 25761
0.173601 24092
0.173602 48763
0.173602 50072
0.173609 47045
0.173627 98201
0.173629 71907
0.173633 50616
0.173636 63836
0.173637 50832
0.17366 30277
0.173669 83826
0.173678 21077
0.173693 51157
0.173703 64507
0.173706 39555
0.173716 13685
0.173718 40719
0.173744 43880
0.173749 98336
0.173792 43342
0.173795 17371
0.173796 1132
0.173818 88734
0.173827 44128
0.173829 59292
0.173847 44076
0.17386 85325
0.173861 99541
0.173877 55407
0.173909 61116
0.173916 99454
0.173931 97243
0.173934 28426
0.17395 50522
0.173983 7497
0.173984 94675
0.17399 19412
0.173992 38080
0.174004 16074
0.174014 57529
0.17404 28340
0.174043 24110
0.174051 21122
0.17406 70539
0.174082 69429
0.174103 46397
0.174106 45571
0.174109 18713
0.174123 82702
0.174145 63981
0.17415 98345
0.174158 87630
0.174164 93119
0.174166 19845
0.174171 45250
0.174172 75365
0.17421 28181
0.17421 87594
0.174211 33275
0.174211 86246
0.17425 10030
0.174263 33472
0.174268 81427
0.174273 53947
0.174293 47230
0.174316 11101
0.174343 23366
0.174344 8879
0.174356 49215
0.174373 28876
0.174378 73027
0.17438 16068
0.174404 10471
0.174406 17654
0.174428 34315
0.174439 24714
0.174447 7851
0.174463 93776
0.174475 81559
0.174478 97854
0.174501 9965
0.174502 63396
0.174506 85612
0.174507 51875
0.174509 99304
0.174511 25225
0.174516 9074
0.174526 31152
0.174548 45146
0.174557 30906
0.174558 62177
0.174559 736
0.174566 90105
0.174582 64408
0.174585 88741
0.174587 58986
0.174592 32844
0.174606 18550
0.174608 64386
0.174618 15016
0.17462 57373
0.174626 99794
0.174632 65056
0.174634 80217
0.174641 35158
0.174646 58174
0.174648 91591
0.174656 16981
0.17466 50565
0.17467 23727
0.174682 87569
0.174688 35680
0.174696 61005
0.174712 80230
0.17472 57849
0.17474 16461
0.174752 63301
0.174757 91659
0.17476 60261
0.17477 34397
0.17477 65093
0.174784 89820
0.174801 48987
0.174859 7609
0.174864 35504
0.174884 73848
0.174888 12629
0.174904 61403
0.174921 85
0.174926 55462
0.174926 94099
0.17494 35398
0.174949 56316
0.174951 35883
0.174966 10041
0.174969 81945
0.174998 96250
0.175021 27981
0.175025 13498
0.175029 26319
0.175036 144
0.175044 76813
0.175051 34977
0.175056 94398
0.175057 71994
0.175057 96139
0.175097 28976
0.175099 46599
0.17511 42215
0.175135 89400
0.175162 49702
0.175169 74512
0.175177 5539
0.175197 92174
0.175206 14004
0.17524 33459
0.175245 90468
0.175255 98861
0.17528 12778
0.1753 89148
0.175303 70337
0.175307 12989
0.175328 95664
0.175373 53832
0.175375 15547
0.175388 76714
0.175403 98487
0.175406 72212
0.175412 77216
0.175416 31965
0.175421 64303
0.175421 89530
0.175428 75686
0.175429 14660
0.17543 56662
0.175431 8839
0.175434 37261
0.175435 45738
0.175455 29197
0.175456 44616
0.17548 67431
0.175484 84837
0.175497 87444
0.17552 76249
0.175523 84024
0.175539 93602
0.17554 65015
0.175549 81612
0.175563 92111
0.175581 60511
0.175603 44808
0.175618 24640
0.175626 78152
0.175636 49884
0.175637 7641
0.175638 55548
0.175641 11008
0.175641 21234
0.175651 47950
0.17567 56989
0.175679 39145
0.175708 56689
0.17571 44480
0.175733 64009
0.175741 41395
0.175748 15361
0.175754 38497
0.175759 25416
0.175784 45048
0.175787 10820
0.17582 68559
0.175827 45221
0.175833 30379
0.175834 62554
0.175838 2517
0.175849 69034
0.175852 8199
0.175858 23313
0.175887 10663
0.175896 63433
0.175897 79866
0.17591 43551
0.175915 69309
0.175932 4058
0.175946 96826
0.175951 15243
0.175958 71428
0.175961 71812
0.175966 80232
0.175985 70419
0.176005 39229
0.17601 61061
0.176014 83212
0.176019 49926
0.176051 24663
0.176057 50842
0.176074 6607
0.176085 91593
0.176094 2324
0.176153 2880
0.176176 9019
0.176178 84691
0.176183 45990
0.176199 44791
0.17622 49361
0.176223 42974
0.176224 84321
0.176246 71516
0.176264 51508
0.176289 66201
0.176294 15340
0.176306 69259
0.176306 8479
0.176331 86557
0.176332 55643
0.17634 41759
0.176358 62911
0.176408 9823
0.176436 69693
0.176456 11076
0.176486 99714
0.176489 10267
0.176507 82797
0.176516 96420
0.176517 77561
0.176521 4572
0.176527 97476
0.176549 51638
0.176555 97345
0.176559 31659
0.176566 7518
0.176584 94522
0.176592 36174
0.176594 48813
0.176601 42383
0.176609 23377
0.176611 21907
0.176628 64331
0.176631 92208
0.176646 58017
0.176653 92268
0.176664 60785
0.17668 26847
0.17668 28921
0.176696 97777
0.176702 21216
0.176718 83387
0.176723 33158
0.176726 60520
0.176728 34374
0.176728 83066
0.176751 62067
0.176757 43963
0.176757 46393
0.17677 87116
0.176773 57739
0.176782 6234
0.176791 74358
0.176804 48296
0.176807 93648
0.176811 16018
0.176813 92869
0.17682 27866
0.176822 16655
0.176826 41002
0.17683 17448
0.176835 59386
0.176848 36606
0.176867 54903
0.17688 33796
0.17688 62844
0.176897 99258
0.176904 42107
0.176908 24387
0.176928 75699
0.176939 72652
0.176947 56232
0.17695 59731
0.176967 18785
0.176971 85739
0.176981 91567
0.176992 7814
0.177016 6320
0.177022 37406
0.177023 51159
0.177026 38222
0.177027 63357
0.177028 21787
0.17703 49461
0.177042 12807
0.17705 26789
0.177055 17326
0.177065 18535
0.177069 39440
0.177078 9499
0.177087 82039
0.177123 16999
0.177128 17021
0.177155 26844
0.177162 27484
0.177187 16290
0.177199 26621
0.177211 99055
0.17722 68780
0.177228 78685
0.177232 58227
0.177298 65393
0.177307 54611
0.177317 70964
0.17732 82670
0.177324 1455
0.177328 18943
0.177332 62430
0.177332 69895
0.177335 54858
0.177335 60342
0.177338 97194
0.177339 98574
0.177349 34006
0.177354 1271
0.177367 22827
0.17737 7889
0.177383 51519
0.177384 50808
0.177391 34650
0.177393 25753
0.177403 74494
0.177429 80984
0.177452 47014
0.177453 82913
0.177457 65156
0.177469 15371
0.17748 68824
0.177508 18774
0.177509 55152
0.177514 37718
0.177514 49772
0.177516 69959
0.177523 16612
0.177551 82862
0.177583 72377
0.177583 94187
0.177594 60191
0.177602 34606
0.177602 47829
0.177602 94441
0.177605 35390
0.177606 14760
0.177606 77840
0.177628 47385
0.177631 87796
0.177639 35327
0.177641 46648
0.177643 43104
0.17766 24201
0.177674 65318
0.177689 19527
0.177707 16432
0.177728 31713
0.177737 71048
0.177742 42951
0.177747 18640
0.177765 79369
0.177772 57309
0.177774 36737
0.177776 27681
0.177786 68702
0.177812 80063
0.177813 23454
0.177814 57291
0.177833 81008
0.17784 31864
0.177851 76101
0.177862 77633
77 45