1 2
425
0.307647 13047
0.307678 24472
0.307706 9920
0.307716 74334
0.30772 80501
0.307723 26270
0.307734 76373
0.307746 59675
0.307752 71763
0.307754 5296
0.307754 98092
0.307756 66596
0.307759 29464
0.30776 36099
0.307773 12148
0.307813 22505
0.307816 45818
0.307817 20272
0.307821 37376
0.307825 67688
0.307827 75815
0.307838 51752
0.307839 4214
0.30784 43093
0.307845 79933
0.307847 44157
0.307849 63705
0.307852 54181
0.307865 47250
0.307867 23327
0.30788 78760
0.307882 49200
0.307889 12900
0.307891 21248
0.307892 64109
0.307893 86351
0.307895 90859
0.307896 64573
0.307914 47721
0.307921 92385
0.307924 48618
0.307933 100053
0.307933 101053
0.307933 102053
0.307947 47514
0.307953 62774
0.307986 84361
0.307997 9882
0.308001 68053
0.308011 40215
0.308015 98490
0.308044 70940
0.30806 8508
0.308076 100986
0.308076 101986
0.308082 18879
0.308086 26930
0.308091 57115
0.308096 149
0.308105 99040
0.308116 68194
0.308124 44364
0.308134 79413
0.308158 15425
0.30816 69181
0.308166 464
0.308173 82972
0.30818 7740
0.308198 90472
0.308201 17726
0.308203 35905
0.308227 9185
0.308236 36086
0.308237 23074
0.308241 97868
0.308244 22747
0.308247 20171
0.308258 6734
0.308274 23169
0.308302 4200
0.30834 88590
0.308346 72070
0.308362 64257
0.308364 37001
0.308372 70190
0.308374 38781
0.308387 41889
0.308391 9369
0.3084 56496
0.308406 34588
0.308446 84205
0.308448 10424
0.308468 13551
0.308468 64567
0.308479 100960
0.308479 101960
0.308489 18047
0.308505 57440
0.308518 43223
0.30852 44038
0.308521 54880
0.308527 52921
0.308528 16684
0.308543 65090
0.308546 9022
0.308553 81556
0.308555 12879
0.308555 73519
0.308561 32433
0.308597 73064
0.308607 93469
0.308611 10302
0.308614 40567
0.308625 41431
0.308652 18956
0.308652 89990
0.308654 14895
0.308658 82400
0.30866 55026
0.308662 69646
0.308671 80373
0.308678 61857
0.308683 30447
0.308693 23859
0.3087 6571
0.308703 19347
0.308704 20856
0.308718 95887
0.308728 12078
0.308745 78523
0.308768 28510
0.30877 91423
0.308779 56889
0.308784 67790
0.308792 40909
0.308801 64846
0.308854 29613
0.30887 20633
0.308871 3540
0.308883 67712
0.308891 44129
0.308892 14762
0.308897 13883
0.308898 42002
0.308932 16768
0.308943 55568
0.308954 61519
0.308967 99306
0.308975 86385
0.308995 83967
0.308997 45940
0.309009 31578
0.309012 98094
0.309013 74090
0.309015 49434
0.309016 50811
0.309021 43014
0.309039 66434
0.309043 66444
0.309044 59954
0.309047 12036
0.309055 87746
0.309058 49805
0.309082 19642
0.309084 86891
0.309087 83784
0.309113 62806
0.309114 71660
0.309121 2395
0.309131 27605
0.309151 97195
0.309162 44664
0.309162 7690
0.309165 97406
0.30919 11494
0.309192 66936
0.309192 6922
0.309196 71730
0.309215 46211
0.309218 4135
0.309232 57273
0.309233 825
0.309238 51572
0.309247 16801
0.309249 14589
0.30925 14721
0.30925 95629
0.309262 20242
0.309267 62016
0.309268 42743
0.309295 95478
0.309298 92200
0.309314 99523
0.30932 99690
0.309326 67230
0.309334 40576
0.309339 52963
0.309387 63532
0.309403 89486
0.309429 51138
0.309437 9454
0.309443 19824
0.309459 86112
0.309468 96363
0.309473 87293
0.309484 35032
0.309489 52586
0.309491 41824
0.309498 98823
0.309503 4732
0.309516 62437
0.30952 13621
0.309526 84381
0.309528 14168
0.30953 39511
0.30954 27516
0.30955 38957
0.309554 54055
0.309561 39162
0.309564 51369
0.309568 32078
0.309589 31468
0.309596 52602
0.3096 33742
0.309602 88837
0.309603 23391
0.309604 98361
0.30961 38209
0.309611 3433
0.309613 359
0.309613 46413
0.309616 33691
0.309629 21329
0.309645 97057
0.309649 46869
0.309657 31861
0.309658 46605
0.309668 73288
0.309677 32524
0.309682 13954
0.30969 45567
0.309699 46733
0.309702 16892
0.309759 40194
0.309759 41223
0.309796 38387
0.309814 65219
0.309819 10938
0.309823 62578
0.309836 32561
0.30984 3553
0.309843 69740
0.309855 95618
0.309857 73573
0.309858 23996
0.309865 13414
0.309878 51469
0.309882 43834
0.309883 91132
0.309885 20546
0.309894 93550
0.309901 88719
0.309903 98355
0.309916 59631
0.309917 5940
0.309924 99927
0.309939 67277
0.309953 2299
0.309972 52450
0.310014 25721
0.310014 52107
0.310016 24085
0.310028 13327
0.310045 67746
0.310081 68137
0.310084 37416
0.310086 54131
0.31009 44327
0.310096 25082
0.310109 76554
0.310114 64068
0.310129 76006
0.310163 13779
0.310168 19682
0.310168 72804
0.31017 61410
0.310175 1169
0.310177 58047
0.310201 40292
0.310201 85883
0.310205 44167
0.310217 44077
0.31025 70820
0.310271 35423
0.310275 76047
0.310281 76823
0.310298 6601
0.31031 34578
0.310312 73217
0.310326 35174
0.310328 73024
0.310345 40265
0.310348 46896
0.310358 87281
0.310359 13986
0.31037 67195
0.310372 57653
0.310393 95246
0.310401 94316
0.310409 41956
0.310444 46697
0.310454 25249
0.310455 40100
0.310461 75565
0.310465 66175
0.310471 86428
0.310512 47672
0.310537 96767
0.310555 88431
0.310569 62460
0.310574 9681
0.310587 5107
0.310596 65272
0.310612 71781
0.310616 27293
0.310617 26558
0.310621 24076
0.310628 49386
0.310632 43124
0.310665 21990
0.310668 62227
0.31067 7296
0.310672 9904
0.310687 50836
0.310691 11296
0.310691 40099
0.310697 71864
0.310698 4634
0.310712 48256
0.310716 79102
0.310742 19284
0.310779 67047
0.310788 51145
0.31079 94729
0.310791 39993
0.3108 12552
0.310806 58783
0.31081 63606
0.310813 12236
0.31083 93697
0.310834 68150
0.310836 27544
0.310844 74797
0.31085 74399
0.310859 18638
0.310874 4468
0.310876 56225
0.310879 70382
0.310894 47921
0.3109 50803
0.310903 574
0.310911 49830
0.310918 74412
0.310928 52272
0.310929 53202
0.310937 23748
0.310938 94413
0.310942 33414
0.310965 15388
0.310972 63891
0.310981 63801
0.310982 23008
0.310987 12809
0.311003 34447
0.311016 3375
0.311038 23182
0.311066 98180
0.311073 19888
0.311078 18089
0.311078 27826
0.311099 14372
0.311103 8037
0.311112 56488
0.311119 66030
0.311121 18055
0.311121 20884
0.311131 54435
0.311141 23354
0.311146 52190
0.311164 49864
0.311174 41913
0.311176 99856
0.311184 27794
0.311187 5624
0.311191 100293
0.311191 101293
0.311218 81650
0.31122 44156
0.311233 53974
0.311252 58672
0.311252 86620
0.311257 81666
0.311267 10035
0.31127 51368
0.311273 59416
0.311278 79762
0.311329 78789
0.311344 41101
0.311346 61757
0.311351 49552
0.311356 22482
0.311365 67541
0.31137 49236
0.311385 89742
0.311401 64874
0.311405 46214
0.311426 84810
0.311444 18696
0.311447 62293
0.311455 15208
0.311463 53765
0.311475 67206
0.311485 36213
0.311521 70443
0.311524 79607
71 35