1 2
433
0.199499 27262
0.199501 45771
0.199516 58826
0.199517 6551
0.199519 72240
0.199546 85328
0.199552 9266
0.199553 2442
0.199563 80235
0.199568 37226
0.199587 47750
0.199589 46546
0.1996 5594
0.199616 58216
0.199634 55341
0.19965 88298
0.199655 50692
0.19966 29816
0.199674 98456
0.19968 95483
0.19969 15979
0.19972 11723
0.199735 75672
0.199747 22315
0.199747 27703
0.199749 52022
0.199762 51441
0.199765 49720
0.199779 21896
0.199785 94721
0.199787 49138
0.199795 63834
0.199797 7404
0.199805 6556
0.199809 30189
0.199812 14570
0.199815 5727
0.199854 69907
0.199862 8715
0.199887 50255
0.19989 87002
0.199911 25188
0.199912 44164
0.199919 51949
0.199934 83311
0.199938 6917
0.19994 29500
0.19995 9775
0.199959 42071
0.199962 65202
0.199971 72455
0.199976 62514
0.199982 91871
0.199984 60240
0.199985 4632
0.200002 5806
0.200003 2360
0.200023 66494
0.200032 70172
0.200037 35919
0.200056 69492
0.200064 68643
0.200079 89556
0.200079 96309
0.200083 85400
0.20009 96164
0.200126 42354
0.200149 45624
0.200149 88654
0.20016 67843
0.20018 93154
0.200186 88463
0.200196 86540
0.200201 36389
0.200206 16035
0.200207 68954
0.200208 45390
0.200229 83059
0.200231 24198
0.200238 72049
0.200246 43660
0.200273 62954
0.200278 40202
0.20028 4725
0.200301 89072
0.20031 62777
0.200318 50450
0.200325 70596
0.200331 91506
0.200339 16641
0.200344 23590
0.200353 37619
0.200355 93942
0.200367 62971
0.200369 37254
0.200374 42549
0.200384 19917
0.200389 15231
0.200389 27682
0.200402 16962
0.200402 8882
0.200432 22671
0.200449 22476
0.200476 95386
0.20048 82177
0.200494 16543
0.200495 744
0.200497 77970
0.200503 9338
0.200513 93482
0.200515 30544
0.200516 28228
0.200518 60555
0.200524 50607
0.20053 54379
0.200532 79882
0.200542 51130
0.200554 45714
0.200554 78484
0.200566 96495
0.200578 2800
0.200584 7455
0.200593 9798
0.200611 1394
0.200613 47617
0.200617 16200
0.200624 24829
0.200633 23265
0.200634 48976
0.200645 63551
0.200662 621
0.200667 100733
0.200667 101733
0.200667 83006
0.200669 76665
0.200671 46235
0.200678 62762
0.200679 49295
0.200717 99218
0.200737 72930
0.200749 64375
0.200764 59967
0.200769 89182
0.200772 86349
0.200808 46614
0.200817 22817
0.200867 93418
0.20087 92965
0.200873 27059
0.200891 1636
0.200893 79929
0.200895 29961
0.200899 82082
0.200901 68037
0.200914 4070
0.200943 40682
0.200946 78531
0.200948 52164
0.200952 13628
0.200965 41434
0.200974 25865
0.200998 2136
0.201008 86334
0.201014 14463
0.201016 28765
0.201027 10139
0.201035 75734
0.201039 75887
0.201045 53912
0.201065 12085
0.201066 3893
0.20107 16156
0.20108 26327
0.2011 34293
0.201109 16549
0.201127 91742
0.201146 61049
0.201165 98169
0.201171 8113
0.201174 42993
0.201203 32026
0.201219 54829
0.201247 55599
0.201263 7656
0.201266 56452
0.201273 2936
0.201273 88665
0.201293 79045
0.201301 60470
0.201349 2390
0.201353 35915
0.201354 22125
0.201354 49044
0.201369 84090
0.201376 19390
0.2014 39854
0.2014 76949
0.201406 33656
0.201417 98251
0.201423 25024
0.201424 83185
0.201443 84952
0.20145 9501
0.201459 90440
0.201486 57597
0.20149 58565
0.201512 22869
0.201522 82296
0.201525 17839
0.201542 3912
0.201564 19375
0.201571 11625
0.201573 84468
0.201574 11799
0.201576 100955
0.201576 101955
0.201576 93305
0.201603 85906
0.201608 72693
0.20161 37461
0.201615 60087
0.201636 97672
0.20164 72360
0.201647 27924
0.201664 451
0.201678 66397
0.201682 12884
0.201684 21813
0.201687 48024
0.201688 5973
0.20169 37160
0.201691 16287
0.201694 30399
0.201713 5742
0.201717 5363
0.201718 79583
0.201722 15836
0.201722 61881
0.201726 53358
0.201731 28821
0.20174 36702
0.201751 71640
0.201753 82136
0.201754 28156
0.20177 70169
0.2018 37540
0.201812 66662
0.201819 58729
0.201831 22443
0.201831 4684
0.201831 84714
0.201832 58266
0.201837 46181
0.201841 58590
0.201859 26662
0.201861 75161
0.201863 35399
0.201876 39264
0.20188 83063
0.201892 46322
0.201895 53430
0.201942 39211
0.201949 90457
0.201951 92519
0.201958 92980
0.201984 72050
0.201987 12099
0.201989 98619
0.201996 69109
0.201998 40525
0.201999 749
0.202013 85440
0.202022 95011
0.202027 12310
0.202027 63647
0.202038 73104
0.202069 16439
0.202077 51192
0.202085 38984
0.202086 10708
0.202088 77961
0.202088 79090
0.202107 47345
0.202108 5093
0.202109 43429
0.202112 29504
0.202123 92127
0.202132 32877
0.202134 81856
0.202135 8415
0.202141 2514
0.202145 29848
0.202152 22214
0.202155 19081
0.202167 80277
0.202192 70590
0.202207 85398
0.202232 25281
0.202238 26498
0.202253 19184
0.202256 61011
0.202267 67658
0.202279 11137
0.202288 67800
0.202296 63565
0.202298 8076
0.202312 90424
0.202325 44701
0.202336 70708
0.202338 40575
0.202339 99465
0.202342 23212
0.202342 23899
0.202344 831
0.202355 76647
0.202371 18759
0.20238 64741
0.202385 69826
0.202399 94322
0.202402 6004
0.202405 25013
0.202405 42088
0.202406 12275
0.202409 21899
0.202416 70908
0.202423 22096
0.202457 83964
0.202465 69340
0.202506 44678
0.202518 9975
0.202539 3591
0.202542 63441
0.202544 45318
0.202567 70865
0.202576 94401
0.202588 6055
0.202603 13310
0.202614 40312
0.202628 98393
0.202637 24101
0.202647 83994
0.20266 55807
0.202686 17735
0.202708 44349
0.20272 50620
0.202778 72722
0.202796 57114
0.202807 69789
0.202819 63677
0.20285 56512
0.202855 24202
0.202859 26574
0.20286 87647
0.202882 71487
0.202894 59758
0.20292 34576
0.202923 90970
0.202937 28314
0.202949 47404
0.202956 2879
0.202969 49012
0.202972 62925
0.202985 32312
0.20299 58762
0.203007 1593
0.203007 96170
0.203024 55968
0.203045 38119
0.203049 8477
0.203056 60791
0.203067 81486
0.203069 59527
0.20308 56389
0.203095 48139
0.203099 37459
0.203134 18127
0.20316 100623
0.20316 101623
0.203162 58404
0.203164 51624
0.203169 91482
0.203171 3423
0.203172 55814
0.203178 94058
0.203185 93955
0.203198 15390
0.203216 64188
0.203219 100495
0.203219 101495
0.203232 56056
0.203239 100963
0.203239 101963
0.203239 27960
0.203239 306
0.203246 78984
0.203266 37217
0.203279 100920
0.203279 101920
0.203282 22402
0.203288 19975
0.2033 13982
0.203325 48941
0.203325 56411
0.20333 54219
0.20333 5816
0.203358 19157
0.203367 7246
0.203391 88739
0.203466 50705
0.203467 13898
0.203467 42229
0.203474 100442
0.203474 101442
0.203478 13201
0.20348 90074
0.203498 74570
0.203515 11224
0.203527 7734
0.203537 85791
0.203542 88324
0.203553 88252
0.203565 96721
0.203573 14939
0.203573 16029
0.203579 23877
0.20358 46635
0.2036 60082
0.203601 98525
0.203607 8960
0.203621 34663
0.203637 65541
0.203642 17877
0.203645 50128
33 67