1 2
434
0.975688 5080
0.975694 79471
0.9757 72592
0.975712 3431
0.97572 39656
0.975737 7333
0.975744 93681
0.975745 62230
0.975745 82889
0.975776 55429
0.975778 20200
0.97582 41227
0.975821 83378
0.975827 15291
0.975835 33753
0.975855 20264
0.975857 99701
0.975866 48575
0.975872 19892
0.975872 57896
0.975886 59457
0.975901 7850
0.975906 52872
0.975906 78748
0.975912 7241
0.975913 2373
0.975924 92541
0.975925 66433
0.975925 993
0.975939 75095
0.97594 47276
0.97594 60976
0.975944 25443
0.975954 67622
0.975956 32442
0.97596 47718
0.975987 6973
0.976 77419
0.976009 79675
0.976031 7928
0.976046 88127
0.97606 86145
0.976066 21383
0.976069 14480
0.976073 61739
0.976075 684
0.976083 64402
0.976085 23251
0.976097 78800
0.976104 62488
0.976113 53444
0.976132 89006
0.976133 64966
0.976147 87521
0.976172 18268
0.976184 59867
0.976189 92156
0.976195 26919
0.976207 25303
0.97622 87411
0.976222 51142
0.976226 55216
0.976229 55577
0.976238 98733
0.976245 19380
0.976248 21551
0.976266 67318
0.976267 11925
0.976291 75572
0.976322 47289
0.976339 31780
0.976349 11865
0.976352 39196
0.976353 788
0.976363 68966
0.976365 71222
0.976366 95735
0.976382 11680
0.97639 46268
0.97639 8413
0.976397 35921
0.9764 33041
0.976448 20531
0.976453 97990
0.976457 21532
0.976457 52801
0.976468 15276
0.976476 59375
0.976479 44456
0.976479 54441
0.976483 48833
0.976483 6965
0.976494 66595
0.976497 56442
0.97651 75850
0.976512 3619
0.976516 72810
0.976518 93910
0.976541 84320
0.976557 20466
0.976557 34590
0.976558 94790
0.976561 32226
0.976567 50294
0.976596 90674
0.976601 69572
0.976613 17114
0.976623 26881
0.97663 65792
0.976634 72584
0.976641 67986
0.976642 52724
0.97665 80977
0.976659 35007
0.97666 76562
0.976677 16510
0.976687 24860
0.976695 13750
0.976699 28068
0.976704 62178
0.976706 79348
0.976715 12023
0.976715 86164
0.976724 8233
0.976731 58412
0.976748 24790
0.976776 14490
0.976782 56451
0.976783 32097
0.976817 9552
0.976848 59176
0.97685 26564
0.976868 14296
0.976878 89481
0.976883 37508
0.976886 88834
0.97689 57826
0.97689 76910
0.976897 1992
0.976907 14466
0.976911 19597
0.976915 89758
0.976918 34248
0.976918 44196
0.976928 89722
0.976936 36287
0.97694 92038
0.976945 39870
0.97695 66991
0.97696 57372
0.976977 99592
0.976979 72926
0.976986 52927
0.977017 10462
0.97702 18000
0.977039 7218
0.977044 82609
0.977053 35301
0.977055 89284
0.977056 33050
0.977064 11991
0.97707 50253
0.977075 40917
0.977084 18587
0.977086 90815
0.977127 62205
0.977134 5339
0.977139 94610
0.97716 38176
0.977169 34523
0.977188 69670
0.977193 87115
0.977194 22648
0.977209 46543
0.977247 94867
0.977262 2641
0.97729 72783
0.977304 48364
0.977367 9527
0.977384 96924
0.97739 45431
0.97739 69439
0.977393 62098
0.977399 25673
0.977399 87288
0.977406 93985
0.977415 99197
0.977416 26952
0.97742 32634
0.977421 3840
0.977423 73954
0.977486 37752
0.977486 41010
0.977512 55098
0.97752 4029
0.977522 61516
0.977541 48453
0.977563 48265
0.977568 19488
0.977571 40947
0.977596 93410
0.977597 67252
0.977611 84370
0.977611 93928
0.977616 59499
0.977618 1770
0.97762 11431
0.977624 42091
0.977629 82541
0.977642 97142
0.977654 66644
0.977663 64949
0.977669 59071
0.97767 33124
0.97767 79290
0.977674 64837
0.977706 89806
0.977707 52625
0.977707 7657
0.977722 90581
0.977732 9337
0.977737 82026
0.977738 40251
0.977743 19618
0.977744 24385
0.977751 34418
0.977763 57485
0.977785 26892
0.97779 49861
0.977809 38214
0.977823 62192
0.977823 62698
0.977841 97105
0.977861 73611
0.977867 36162
0.977877 3515
0.977898 5281
0.977924 818
0.97793 100386
0.97793 101386
0.977946 59800
0.977947 49642
0.977948 45974
0.977958 17009
0.977963 49846
0.977971 30610
0.977987 50429
0.977987 74262
0.978001 16692
0.978012 5316
0.978013 30860
0.978016 73536
0.978024 66736
0.978028 97025
0.97805 22011
0.978055 30661
0.978073 61623
0.978086 88652
0.978092 1127
0.978093 53945
0.978095 5740
0.978099 3125
0.978109 47646
0.978114 43539
0.978122 74795
0.978148 59017
0.978149 9892
0.978161 40289
0.978168 34725
0.978168 80631
0.978169 88556
0.978183 34644
0.97821 87697
0.978213 12130
0.978213 21925
0.978222 65057
0.978231 78216
0.978246 58534
0.978259 69328
0.978262 50048
0.978266 36686
0.978279 17212
0.978283 91142
0.978287 39908
0.978289 93250
0.978323 5143
0.978326 7562
0.97833 1618
0.978339 4112
0.978351 15295
0.978361 37564
0.97837 33210
0.97837 41722
0.978371 12348
0.978371 68754
0.978373 27389
0.978376 73718
0.978378 19916
0.978391 71227
0.978398 48530
0.978409 52389
0.978414 8429
0.978428 48361
0.978433 64620
0.978437 77365
0.978438 95819
0.978439 82320
0.978462 46559
0.978472 4712
0.978481 72629
0.978488 90854
0.978521 55779
0.978537 34676
0.978552 1990
0.978555 50865
0.97857 76966
0.978572 16343
0.978574 54691
0.978607 47906
0.978611 29063
0.978616 62201
0.978618 70263
0.978624 37579
0.978626 56108
0.978626 77986
0.978642 96316
0.978652 61629
0.978673 51855
0.978704 21036
0.97872 17088
0.978725 79317
0.978727 2253
0.978771 79619
0.978772 86521
0.978778 61279
0.978781 37335
0.97879 29088
0.978792 91070
0.978794 40660
0.978796 27055
0.978806 4803
0.978828 98326
0.978829 19998
0.978837 62729
0.978842 23856
0.978867 67777
0.978876 96949
0.978903 61242
0.978906 99715
0.978911 38266
0.978914 9592
0.978916 82721
0.978917 31248
0.97892 65839
0.978924 89511
0.978936 23408
0.978953 68883
0.97896 7206
0.978975 8510
0.978981 2125
0.978981 30009
0.978989 33797
0.978992 93398
0.979016 89975
0.979053 19865
0.979059 47518
0.979066 57518
0.979067 88199
0.979076 66460
0.979093 6418
0.979097 55705
0.979103 62711
0.979111 6257
0.979121 82887
0.979138 33664
0.979139 9834
0.97914 71764
0.979159 47352
0.979168 55137
0.97917 57925
0.97917 88524
0.979182 95289
0.979192 5051
0.979236 36332
0.979252 76146
0.979254 32539
0.979254 49920
0.979257 77826
0.979259 67996
0.979259 85181
0.97928 62029
0.979288 90155
0.979295 35288
0.979313 15279
0.97933 59052
0.97933 60544
0.979334 100621
0.979334 101621
0.979336 32192
0.979338 70939
0.979344 94172
0.979352 28914
0.979353 16443
0.979368 85179
0.979378 53345
0.979386 28580
0.979392 96303
0.979401 87627
0.979415 37239
0.979429 59741
0.979459 52566
0.979471 25982
0.979476 28890
0.979487 36679
0.979488 54701
0.979523 12949
0.979526 19275
0.97954 11498
0.97955 53053
0.979562 78856
0.979596 44073
0.979597 74212
0.979603 37663
0.979611 89278
0.979617 97595
0.979631 86153
0.979635 58702
0.979647 98203
0.979671 5006
0.979698 44404
0.979715 4174
0.97972 41014
0.979727 44813
0.979735 10110
37 73