1 2
426
0.87484 29475
0.87484 332
0.874843 1594
0.87485 100225
0.874873 53576
0.874881 87838
0.874883 76112
0.874886 40016
0.874923 41945
0.874938 28693
0.874952 68849
0.874962 76505
0.874965 55257
0.874973 97149
0.874974 41439
0.874982 35110
0.874989 46702
0.874991 24049
0.874991 31801
0.874995 76881
0.874997 22190
0.874998 28767
0.874999 72549
0.875017 49606
0.875018 75050
0.875019 21394
0.875024 7199
0.875032 72669
0.875037 86800
0.875045 41031
0.875053 81452
0.875074 43543
0.875081 82858
0.875088 41423
0.875099 18108
0.875103 39937
0.875112 3103
0.87512 17556
0.875121 40662
0.875124 51429
0.875142 86572
0.875146 17231
0.875187 53608
0.87519 85027
0.87519 88315
0.875196 89958
0.875211 45216
0.875226 75557
0.875232 65558
0.87524 11972
0.875242 52288
0.875268 84579
0.875284 8826
0.875304 83872
0.875328 66665
0.87533 2976
0.875343 87395
0.875345 40451
0.87536 33244
0.875362 18669
0.875365 19150
0.875373 64636
0.875378 26150
0.875381 32904
0.875385 23601
0.875385 75671
0.875404 3531
0.875429 45883
0.875431 81062
0.875438 57882
0.875457 99006
0.87547 37726
0.875473 54528
0.875478 60529
0.875525 31245
0.875547 52980
0.875567 43274
0.875634 91544
0.87564 99508
0.875643 12523
0.875648 55753
0.875669 30777
0.875673 28022
0.875692 48798
0.875693 31264
0.875705 77297
0.875714 40736
0.875733 99135
0.875735 82672
0.875737 7979
0.875747 98256
0.875756 25464
0.875769 3234
0.875777 81623
0.875778 64844
0.87579 25792
0.875794 21333
0.875814 30325
0.875818 58265
0.875841 43127
0.875845 73212
0.875869 48748
0.87587 14324
0.875883 95064
0.875892 37986
0.87591 53045
0.875914 69576
0.87594 54368
0.875961 75745
0.875968 27111
0.875968 71250
0.875971 8443
0.875997 16815
0.875998 60748
0.876014 75916
0.87602 24219
0.87602 95504
0.876021 59525
0.876021 99478
0.876026 56657
0.876041 85571
0.876044 72884
0.876047 3328
0.876053 26275
0.876062 58167
0.876065 91411
0.876085 14696
0.876092 16967
0.876097 69578
0.876108 56884
0.876109 92761
0.876113 95257
0.876114 62878
0.87613 50549
0.876137 26042
0.876137 38240
0.876179 41046
0.876194 32737
0.876197 1415
0.876209 18500
0.876226 54711
0.876227 33934
0.87625 86836
0.876265 62247
0.876273 37147
0.876282 26048
0.876295 52341
0.876309 14818
0.876322 1607
0.876324 8743
0.87633 8629
0.876338 21704
0.87634 74653
0.876347 7470
0.876374 93170
0.876379 62626
0.876379 77007
0.876396 38190
0.876407 78979
0.876408 53742
0.87647 53559
0.876473 100122
0.876479 34483
0.876485 63558
0.876488 29306
0.87649 96116
0.876502 26001
0.876507 14189
0.876511 82067
0.876522 17215
0.876527 57196
0.876529 86641
0.87653 79562
0.876534 87875
0.876541 44787
0.876544 60903
0.876555 54377
0.876556 53532
0.876556 66649
0.876574 70654
0.876576 25039
0.876576 73948
0.876593 22110
0.876601 71542
0.876601 74325
0.876608 4573
0.876642 59298
0.876653 44668
0.876658 48719
0.876668 91261
0.876673 86587
0.876699 33853
0.876719 47047
0.876731 37779
0.876756 33330
0.876759 59458
0.876764 32390
0.876766 52477
0.876767 63883
0.876792 95292
0.876805 22591
0.876832 24664
0.876836 22774
0.87684 97047
0.876856 46780
0.876858 75105
0.876903 81334
0.876905 4315
0.876906 68151
0.876912 36462
0.876913 6048
0.876925 44827
0.876926 91127
0.876928 93295
0.87693 37441
0.876952 84093
0.876954 91325
0.876959 99942
0.876964 2232
0.876965 48557
0.87698 80336
0.876981 54686
0.876981 80422
0.876986 31621
0.876987 77892
0.876991 16416
0.877006 17760
0.877021 3733
0.877035 2546
0.87708 16366
0.877084 25523
0.877087 90294
0.877096 84757
0.877109 75675
0.877112 35832
0.877131 99124
0.877136 94014
0.877138 38670
0.877138 87885
0.87715 78742
0.877156 34638
0.877159 89110
0.877162 83464
0.877168 54690
0.877174 88108
0.877191 28796
0.877217 36051
0.877233 60286
0.877237 68293
0.877243 94657
0.877245 41321
0.87725 54140
0.877256 84506
0.877277 89934
0.877283 23615
0.877292 50338
0.877312 63237
0.87732 32159
0.877322 84612
0.877322 96749
0.877343 30011
0.877345 98253
0.877355 95669
0.877398 22686
0.877411 2483
0.877435 75350
0.87744 100727
0.877476 17934
0.877478 90292
0.877479 95919
0.877482 33061
0.877485 176
0.877492 36701
0.877522 40777
0.877547 43271
0.877547 94655
0.877562 12867
0.877565 19730
0.877597 14650
0.8776 80283
0.877607 19905
0.877609 98882
0.877611 47310
0.877611 90571
0.877615 14021
0.877618 97292
0.877633 97364
0.877637 11169
0.877649 52134
0.877661 32536
0.87767 88316
0.877685 38003
0.87771 60179
0.877718 56507
0.877722 11166
0.877724 78894
0.877725 82869
0.877731 69382
0.877762 85785
0.877795 4123
0.877801 17374
0.877808 83069
0.87781 43776
0.877836 40351
0.877847 99185
0.877859 31116
0.877874 50057
0.877877 51092
0.877878 63436
0.877887 34966
0.877914 91799
0.877921 45679
0.87793 58430
0.877933 76547
0.877936 95957
0.877939 6960
0.877954 28803
0.877957 81635
0.877962 43406
0.877962 82184
0.877965 30324
0.877972 39551
0.877976 56794
0.87799 36658
0.878009 17785
0.878023 42901
0.878046 33157
0.878047 85358
0.878048 67166
0.878052 7286
0.878063 65549
0.87807 13130
0.878073 8531
0.878083 53838
0.878089 83363
0.878091 38126
0.878095 65452
0.878108 58083
0.878109 27204
0.878115 21653
0.878118 39212
0.878128 34767
0.878129 44857
0.878146 16245
0.878167 24247
0.87817 28009
0.878182 95881
0.87819 10737
0.878193 61997
0.878193 97318
0.878203 78738
0.878208 80403
0.878209 46760
0.87821 54806
0.878221 8417
0.878233 51881
0.878233 93138
0.878234 87297
0.87824 45705
0.87826 28484
0.878268 8710
0.878269 31699
0.878286 30909
0.878292 46717
0.878293 22515
0.8783 47316
0.878327 79043
0.878359 8555
0.878364 58517
0.878365 33437
0.878368 12597
0.878378 85566
0.878381 2170
0.878407 85087
0.878417 56749
0.878421 29640
0.878424 28771
0.878426 29186
0.878442 18151
0.878458 17532
0.87848 42525
0.87849 55104
0.878501 66516
0.878529 43621
0.878532 72506
0.878532 93492
0.878538 35293
0.878546 73193
0.87856 43479
0.878584 81820
0.878593 25339
0.878594 66903
0.878594 75052
0.878606 83739
0.878612 5659
0.878616 86543
0.878631 18667
0.878642 13167
0.878705 45879
0.878709 69116
0.87872 76026
0.878723 24107
0.87873 26145
0.878734 92943
0.878752 33539
0.878768 60968
0.87879 5639
0.878804 54669
0.878809 25767
0.878818 83018
0.878819 46944
0.878828 76022
0.878832 6371
0.878834 31717
0.878854 20008
0.878876 51802
0.878883 91385
0.878894 45295
0.878895 10490
0.878905 8812
0.878909 44623
0.87891 98276
0.878917 65247
0.878929 96632
0.878937 70952
0.878943 74414
82 6