1 2
256
0 0.911475
0.004173 3320
0.005267 3214
0.007198 3363
0.00771 3258
0.009612 3262
0.013444 3446
0.017994 3395
0.020666 3259
0.024239 3383
0.030236 3267
0.031442 3412
0.035386 3367
0.042492 3436
0.045836 3444
0.04828 3331
0.050093 3373
0.055269 3236
0.05601 3229
0.056579 3404
0.057342 3380
0.078465 3347
0.083595 3246
0.084349 3369
0.084614 3385
0.087382 3247
0.095881 3235
0.10015 3386
0.10617 3264
0.115232 3302
0.119599 3435
0.13061 3345
0.153294 3394
0.154951 3441
0.157032 3298
0.157138 3294
0.157697 3272
0.157956 3241
0.16574 3337
0.170332 3271
0.170916 3205
0.173378 3332
0.183651 3255
0.184489 3333
0.189955 3325
0.191231 3198
0.191821 3322
0.199243 3286
0.203171 3423
0.208013 3406
0.210611 3417
0.21107 3279
0.219293 3245
0.221701 3358
0.230282 3227
0.230633 3415
0.233126 3202
0.234937 3335
0.23619 3330
0.237078 3197
0.239646 3346
0.240746 3281
0.242099 3364
0.243057 3366
0.243556 3207
0.250078 3289
0.258107 3307
0.262554 3301
0.264041 3215
0.26588 3250
0.271582 3362
0.275342 3211
0.280031 3216
0.283139 3291
0.284482 3336
0.289079 3309
0.29293 3321
0.298925 3356
0.304075 3426
0.304296 3416
0.306518 3225
0.307062 3370
0.309611 3433
0.311016 3375
0.312612 3381
0.31311 3261
0.317257 3266
0.319298 3315
0.327009 3396
0.329692 3448
0.335349 3254
0.337973 3221
0.350026 3278
0.356276 3260
0.362205 3425
0.363237 3355
0.370251 3397
0.374816 3399
0.375789 3372
0.378776 3257
0.380729 3359
0.38612 3201
0.390167 3213
0.390426 3402
0.395609 3323
0.396577 3220
0.399678 3285
0.400131 3418
0.404239 3340
0.404677 3419
0.405778 3306
0.406181 3269
0.409683 3244
0.415163 3392
0.417031 3434
0.421836 3428
0.426954 3427
0.428331 3268
0.433886 3357
0.439998 3329
0.443631 3352
0.444316 3210
0.450226 3389
0.456849 3447
0.465377 3410
0.465537 3422
0.467723 3310
0.469589 3376
0.473299 3308
0.473414 3228
0.477816 3401
0.48543 3351
0.494704 3414
0.499798 3374
0.500025 3316
0.502599 3408
0.504479 3283
0.506697 3300
0.509282 3432
0.523143 3217
0.531884 3442
0.532855 3203
0.533524 3296
0.538074 3195
0.539193 3342
0.547621 3439
0.556141 3443
0.559262 3223
0.561032 3360
0.562947 3324
0.572497 3249
0.572652 3204
0.577745 3344
0.579106 3265
0.582404 3379
0.582765 3407
0.586176 3224
0.588466 3292
0.591464 3263
0.594913 3398
0.597842 3304
0.600572 3238
0.600801 3411
0.603125 3299
0.60802 3288
0.608663 3200
0.611419 3326
0.612399 3196
0.62045 3377
0.623973 3400
0.623988 3388
0.630311 3445
0.643132 3384
0.647875 3218
0.648699 3438
0.649817 3293
0.65324 3295
0.657826 3275
0.658056 3390
0.665545 3208
0.669766 3403
0.678846 3382
0.679984 3371
0.681162 3240
0.684613 3319
0.686896 3409
0.687858 3424
0.692615 3341
0.699508 3338
0.706493 3230
0.706737 3349
0.709156 3393
0.713789 3253
0.714953 3378
0.71606 3252
0.721398 3199
0.733434 3270
0.73513 3276
0.736253 3312
0.74073 3273
0.750701 3343
0.763754 3277
0.76607 3233
0.76713 3429
0.777942 3334
0.778154 3231
0.779456 3348
0.781558 3350
0.792791 3413
0.797446 3353
0.81693 3274
0.818065 3290
0.819261 3256
0.821277 3421
0.828499 3287
0.834794 3251
0.835482 3317
0.859311 3305
0.860657 3318
0.867911 3284
0.872975 3303
0.873076 3226
0.875769 3234
0.876047 3328
0.880705 3440
0.883195 3311
0.884275 3354
0.886512 3437
0.888403 3232
0.91142 3282
0.913141 3430
0.914195 3368
0.916886 0.917758
0.916886 184
0.917075 422
0.917887 3114
0.917901 2801
0.918208 1680
0.918655 2012
0.918669 2150
0.919151 424
0.920489 1001
0.920583 2641
0.920684 2544
0.920825 3243
0.921308 1102
0.921397 1155
0.921722 3042
0.921992 499
0.922094 3109
0.92217 1371
0.922434 519
0.92255 2023
0.922818 2296
0.923538 1834
0.923576 1114
2