1 2
420
0.703694 7743
0.7037 38259
0.703701 100399
0.703701 101399
0.703708 64470
0.703714 20944
0.703731 35076
0.703743 91580
0.703748 16320
0.70376 52787
0.703763 56723
0.703773 87242
0.703776 63136
0.703782 37443
0.703789 87761
0.703794 67102
0.703816 84805
0.703821 5609
0.70383 27406
0.703833 78439
0.703874 15838
0.703898 13150
0.703904 24399
0.703909 68674
0.703915 36298
0.703915 54712
0.703915 71261
0.703934 11856
0.703936 90365
0.703961 88725
0.703977 54675
0.703978 89008
0.703992 9876
0.704007 88011
0.704017 44947
0.704048 26973
0.704061 54352
0.704064 49722
0.704086 72115
0.704088 76746
0.704091 81986
0.704097 23450
0.704136 54913
0.704136 62703
0.704164 84578
0.704183 49124
0.704203 87532
0.704216 11080
0.70422 37801
0.704224 94106
0.704232 31056
0.704249 8944
0.70427 21080
0.704277 63885
0.704289 60738
0.704294 68302
0.704295 81061
0.704296 57086
0.704298 49499
0.704309 37816
0.704326 96647
0.704349 38539
0.704366 59004
0.704368 53697
0.70438 52109
0.704389 25647
0.704396 100810
0.704396 101810
0.704397 58543
0.704438 60616
0.704445 12005
0.704445 35069
0.704449 73201
0.704451 24056
0.704466 90196
0.704471 19137
0.704484 34383
0.704487 100634
0.704487 101634
0.704487 26708
0.704488 76994
0.704499 20541
0.704499 84373
0.704502 40195
0.704515 52386
0.704522 57008
0.704528 22873
0.704556 58695
0.70456 84872
0.704563 24231
0.704584 37126
0.704605 58096
0.704606 26334
0.704634 92538
0.704638 64928
0.704641 16665
0.704644 78832
0.704656 23188
0.704676 30850
0.704693 69257
0.704707 8317
0.704718 59790
0.704722 13486
0.704722 42972
0.704724 51437
0.704761 623
0.704767 7257
0.704772 26235
0.704776 27805
0.704777 6454
0.704804 90840
0.704806 90574
0.704807 1080
0.704808 94750
0.704811 98781
0.704829 72293
0.704843 87047
0.704858 73091
0.704865 55224
0.704871 90145
0.704926 49297
0.704942 80972
0.704949 90596
0.704951 27993
0.704952 53984
0.704952 94802
0.704956 92849
0.704959 34768
0.704962 84039
0.704964 14255
0.704969 32354
0.704971 21486
0.704974 100490
0.704974 101490
0.704985 86808
0.705016 70701
0.705021 74350
0.705024 78453
0.705037 66961
0.705051 65490
0.705052 99691
0.705082 15215
0.705094 82222
0.705102 13228
0.705113 4218
0.705122 7860
0.705148 95268
0.705154 47155
0.705158 31984
0.705168 39189
0.705186 36304
0.705225 60865
0.705231 58601
0.705245 67402
0.705272 25060
0.705273 73635
0.705275 51174
0.705298 32265
0.705316 37521
0.705334 44263
0.70534 61999
0.705347 42036
0.705349 24254
0.705352 55614
0.705353 71761
0.705354 46420
0.705367 87692
0.705372 7849
0.705377 69848
0.70538 41612
0.705383 31620
0.705388 70380
0.70539 6243
0.705395 11497
0.70545 536
0.705461 34659
0.70547 21207
0.705471 41537
0.705477 34818
0.705516 752
0.705517 6043
0.70552 1651
0.705525 87090
0.705546 86099
0.705559 31006
0.705561 5376
0.705564 95341
0.705611 82657
0.705615 79049
0.705623 1332
0.705645 74635
0.705653 44372
0.705697 63483
0.705702 45317
0.705727 54824
0.70573 89379
0.705737 82867
0.70575 1878
0.705762 38322
0.705766 84762
0.705767 52563
0.705772 77175
0.705776 33500
0.705777 97976
0.705783 88836
0.70579 17302
0.705792 82367
0.705802 55861
0.705803 41838
0.705813 13659
0.705815 84059
0.705834 68996
0.705839 50300
0.705859 36942
0.705871 22800
0.705891 65417
0.705893 34093
0.705895 18886
0.705895 22513
0.705896 51917
0.705897 45530
0.7059 84474
0.705902 72186
0.705905 6288
0.705919 38907
0.705923 65845
0.705931 43579
0.705951 97781
0.705958 97937
0.705961 58381
0.705961 60158
0.705973 23383
0.705978 61261
0.706021 45352
0.706025 29594
0.706026 65499
0.706041 14576
0.706044 68854
0.706068 17176
0.706091 38015
0.706095 2074
0.706097 93061
0.70611 31551
0.706112 40266
0.706115 76319
0.706124 68098
0.706137 10091
0.706137 91717
0.706141 29290
0.706146 20943
0.706149 92067
0.706163 51882
0.706175 29241
0.706198 55651
0.706199 61550
0.706204 69921
0.706218 50162
0.706248 28177
0.706256 49803
0.706271 10658
0.706279 31592
0.706289 36311
0.706294 41214
0.706307 6237
0.706346 47835
0.706347 24534
0.706356 27646
0.706362 93116
0.706368 19969
0.706368 23142
0.706376 23463
0.706386 55523
0.706404 95614
0.706414 8449
0.706436 40772
0.70644 96839
0.706442 34116
0.706454 81994
0.706493 3230
0.706494 54214
0.706497 8298
0.706501 78366
0.706515 97866
0.706517 39559
0.706518 33682
0.706539 91277
0.706564 7746
0.706581 5041
0.706595 55056
0.706643 78687
0.706652 26227
0.706663 19497
0.70667 44377
0.706684 17736
0.706698 53922
0.70671 43934
0.706723 29362
0.706731 68272
0.706737 3349
0.706748 6217
0.706772 10691
0.706798 74111
0.706809 35758
0.706821 38211
0.706841 10748
0.706844 49520
0.706845 88637
0.706847 98020
0.70686 27899
0.706861 92816
0.706862 42004
0.706864 45339
0.706866 19163
0.706868 60629
0.706869 44633
0.706881 43655
0.706909 86376
0.706926 30337
0.706938 30331
0.706938 55832
0.706942 65977
0.706947 21977
0.706962 6588
0.706964 69759
0.706979 25268
0.706993 3002
0.706993 33843
0.706998 87798
0.707002 3532
0.707005 2954
0.70703 10472
0.707045 52651
0.707065 32297
0.707066 97081
0.707071 9648
0.707089 56066
0.707112 33594
0.707116 11563
0.707134 94744
0.707147 47026
0.707176 14751
0.707195 38257
0.707202 19501
0.707206 32482
0.70722 27082
0.707229 60992
0.707279 88955
0.707282 68331
0.707287 65808
0.707307 71401
0.70731 86558
0.707322 11337
0.707325 73892
0.707326 45168
0.707334 89627
0.707339 67574
0.707347 30491
0.707354 90879
0.707367 23150
0.70737 52759
0.707385 11938
0.707385 61817
0.707419 6204
0.707423 10289
0.707425 2999
0.70744 40556
0.70744 74272
0.707451 80842
0.707453 42561
0.707462 12034
0.707463 63162
0.707485 42649
0.707499 94009
0.707507 183
0.707511 61458
0.707515 14441
0.707523 63257
0.707531 33397
0.707538 64550
0.70754 42636
0.707554 52451
0.707574 32425
0.707583 18988
0.707601 41846
0.707607 99601
0.70762 61186
0.707635 21574
0.707661 44728
0.707663 38591
0.707683 75594
0.707685 67868
0.70769 98022
0.707703 60312
0.707706 39570
0.707723 42657
0.707736 61779
0.707743 38523
0.707753 86288
0.707761 59413
0.707775 71687
0.707788 66119
0.70779 44874
0.707801 19812
0.707822 35425
0.707829 15006
0.70783 37478
0.707835 82379
0.707835 82731
0.707842 42080
0.707851 58367
0.707854 17732
0.707879 54814
0.707884 97089
0.707886 81790
0.707918 89850
0.70792 47697
0.70795 89877
0.707955 84357
0.707957 96043
0.707959 6308
42 83