1 2
454
0.283139 3291
0.283143 64180
0.283144 97321
0.283146 66044
0.283153 28454
0.283155 35228
0.283163 2608
0.283171 29705
0.28318 43862
0.283192 16702
0.28321 66369
0.283257 97416
0.283275 54612
0.283277 43888
0.283277 81110
0.283287 92266
0.283304 90836
0.283308 65459
0.283315 4221
0.283316 72680
0.283318 2894
0.283323 11516
0.283327 10803
0.283351 74313
0.283355 37505
0.283358 29397
0.283363 22841
0.283378 50583
0.283395 100162
0.283409 34866
0.28342 24532
0.283422 60881
0.283435 53795
0.283451 70195
0.283457 36847
0.283463 30643
0.283466 9207
0.283468 57858
0.28349 84699
0.283491 15105
0.283492 36646
0.283507 26310
0.283507 42882
0.283518 86989
0.283531 35196
0.283549 61586
0.283555 46204
0.283558 47602
0.283576 85562
0.283579 91380
0.283583 85481
0.283602 54280
0.283602 97193
0.283603 33984
0.283615 41138
0.283636 1642
0.283643 63537
0.283647 5947
0.283654 59777
0.283656 42046
0.283658 87694
0.283665 75738
0.283691 10622
0.283697 31720
0.283714 47481
0.283722 59204
0.283736 68766
0.28374 66486
0.283755 60961
0.283756 77477
0.283771 71793
0.283772 79608
0.283787 89962
0.283791 96756
0.283793 64168
0.283795 24291
0.283829 76654
0.283836 71060
0.283867 46194
0.283876 17862
0.283876 73871
0.283882 45681
0.28389 82338
0.28391 28582
0.28391 90848
0.283931 27887
0.283944 81869
0.283947 10431
0.283955 93749
0.283961 84920
0.283966 21890
0.283985 48805
0.283986 89121
0.283993 45365
0.283999 54069
0.284011 24696
0.284013 68296
0.284013 94962
0.284024 63755
0.284024 80252
0.284036 31216
0.284045 11090
0.284049 41644
0.284052 10147
0.284062 42338
0.284063 90953
0.284078 30082
0.284081 29802
0.284086 80163
0.284095 66819
0.284097 1512
0.284106 47125
0.28411 40185
0.284112 2703
0.284119 49269
0.284142 94478
0.284159 60754
0.284163 76729
0.284173 75496
0.284184 74489
0.284187 98892
0.284191 39262
0.284197 42357
0.284201 100987
0.284219 12416
0.284225 94575
0.284266 84084
0.284267 7647
0.284275 66606
0.284275 67732
0.284279 21079
0.284283 62517
0.284287 87843
0.284315 66417
0.284322 100690
0.284326 49017
0.284333 55139
0.284379 99607
0.284395 61161
0.284444 29220
0.284451 72824
0.28447 41749
0.284482 3336
0.28449 1443
0.284494 410
0.284496 11721
0.284496 40301
0.284499 32575
0.284511 64559
0.284517 62350
0.284517 68865
0.284539 5957
0.284545 1438
0.284559 79154
0.284564 19914
0.28458 77565
0.2846 57958
0.284617 95174
0.284619 5494
0.284625 34017
0.284642 94868
0.284645 62077
0.284649 28593
0.284649 65794
0.284659 89464
0.284662 18010
0.284669 41831
0.284691 83857
0.284696 41089
0.284702 74664
0.284725 54338
0.284734 49835
0.284735 32170
0.284736 56881
0.284769 88594
0.284775 16193
0.284797 14396
0.284806 82820
0.284806 87211
0.284831 77779
0.284833 37641
0.284847 48082
0.284852 83233
0.284857 77292
0.284864 34500
0.284875 89457
0.284883 30346
0.284893 99173
0.284895 43886
0.284898 99393
0.284906 43094
0.284914 21654
0.284923 7342
0.284928 82281
0.284941 100833
0.284948 56015
0.284951 77876
0.284969 12267
0.284975 25436
0.284978 17510
0.284978 93118
0.284983 65509
0.28499 63332
0.284993 52964
0.284993 57776
0.284994 15334
0.285032 58630
0.285034 16908
0.285037 92144
0.285042 78477
0.285046 42102
0.285051 1799
0.285055 6938
0.285082 100234
0.285094 18042
0.285106 16752
0.285106 4689
0.285109 50005
0.285112 63741
0.28512 10410
0.285132 75141
0.285138 35242
0.285151 23401
0.285153 80466
0.285157 3981
0.285158 68740
0.285164 90992
0.285169 42634
0.285169 70669
0.285175 32556
0.285195 61889
0.285198 11
0.285202 60852
0.285215 73843
0.285239 15077
0.285248 42805
0.285267 49004
0.285312 24145
0.285323 73616
0.285337 10374
0.285348 45062
0.285366 40339
0.285379 80520
0.285402 96538
0.285408 59838
0.28541 30483
0.285413 51784
0.28542 67014
0.285482 24977
0.285506 63189
0.285526 64096
0.285535 82437
0.285539 100263
0.28554 97211
0.28555 92743
0.285558 80740
0.28556 93539
0.285562 74238
0.285568 40528
0.285579 8580
0.28559 87292
0.2856 75388
0.285614 65430
0.28562 74563
0.285644 94896
0.285654 27168
0.285657 44606
0.285664 85454
0.285667 17771
0.285671 71765
0.28572 100084
0.285721 55993
0.285724 50419
0.285734 91923
0.285761 25851
0.285794 99918
0.285811 45667
0.285814 64919
0.285818 801
0.285831 27247
0.285834 52396
0.285854 22466
0.285864 8107
0.285901 89224
0.28591 48127
0.285935 34528
0.285945 5497
0.285946 96423
0.28595 92299
0.286005 61571
0.286007 21143
0.286007 26064
0.286011 98270
0.286026 97016
0.286038 67914
0.286045 20077
0.28606 61361
0.286066 6372
0.286068 20346
0.286074 50647
0.286077 45978
0.286077 97810
0.286085 80311
0.286088 73339
0.286097 43607
0.286097 98453
0.2861 40896
0.28611 47877
0.286118 393
0.286127 62284
0.286136 43717
0.286143 15985
0.286155 79980
0.286159 2484
0.286179 81839
0.286183 50995
0.286184 20571
0.2862 96773
0.286204 41581
0.286219 75016
0.286228 23954
0.28623 78732
0.286235 46025
0.286245 61577
0.286276 78802
0.286292 39283
0.286305 87304
0.286312 49047
0.286316 84134
0.286329 93976
0.286332 45197
0.286342 36548
0.286355 24971
0.286367 8212
0.286369 9956
0.286401 31388
0.286405 98783
0.286407 76728
0.286416 47856
0.28642 56665
0.286423 51977
0.286439 3787
0.286442 62000
0.286447 12072
0.286456 8373
0.286459 7540
0.286482 4033
0.286485 33702
0.286492 32819
0.286524 64571
0.286528 52354
0.286539 36949
0.286543 64007
0.28656 88220
0.286566 10986
0.286571 61449
0.286575 52555
0.286588 51402
0.286588 94574
0.286597 58120
0.286598 91105
0.286616 40870
0.286617 88482
0.286636 81521
0.286638 27020
0.286671 35181
0.286679 1815
0.286685 55871
0.286698 57881
0.286717 79810
0.286721 94339
0.286735 55228
0.286738 96220
0.286745 78081
0.286753 3475
0.286763 11139
0.286814 96080
0.28682 38204
0.286824 67171
0.286834 8866
0.286848 55716
0.28685 70904
0.286861 84209
0.286865 53222
0.286865 63111
0.286871 10529
0.286899 80362
0.286912 35305
0.286914 12636
0.286915 3732
0.286965 70929
0.286976 49114
0.286979 40533
0.286988 78660
0.286989 10719
0.287001 4592
0.287002 21735
0.28704 91048
0.287045 36930
0.287045 65591
0.287054 57774
0.287057 585
0.287058 58525
0.287069 53418
0.287091 8636
0.287099 28644
0.287111 83933
0.287141 25074
0.287151 66833
0.287151 71574
0.287155 19486
0.287164 163
0.287167 20515
0.287177 21860
0.287184 28086
0.287219 87372
0.287222 87257
0.287242 54432
0.287245 16398
0.287273 18632
0.28728 59120
0.28729 30204
0.287293 37795
0.287294 94595
0.287297 47380
0.287307 17980
0.287313 29338
0.287325 87970
0.287328 38965
0.287333 81818
0.287342 18084
0.287344 1144
0.287344 64120
0.287345 8156
0.287356 54596
0.287356 66388
0.287367 69471
0.287375 38729
0.287377 55756
0.287378 53501
0.287391 8338
0.287394 46004
0.287404 99384
0.287405 61842
0.287416 17604
0.287426 73937
0.28743 89829
0.287433 46059
0.287455 29650
0.287461 45653
0.287468 41527
0.287468 71927
0.287471 86437
0.287485 75424
18 86