1 2
446
0.228101 2532
0.228107 16375
0.228115 30921
0.228119 37115
0.228124 73257
0.228127 70848
0.228144 100317
0.228144 101317
0.228147 61104
0.228148 15660
0.228152 66742
0.228156 71720
0.228161 66313
0.228183 75731
0.228194 84183
0.228226 44713
0.228229 74949
0.228245 65826
0.228246 54356
0.228255 56397
0.228257 66641
0.228262 47675
0.228278 17431
0.228278 73972
0.228308 48379
0.228324 7798
0.228342 63703
0.228343 5255
0.228347 81335
0.228383 81235
0.2284 88724
0.228414 71708
0.228431 7607
0.228448 65342
0.228474 67065
0.22848 56988
0.228491 41324
0.228494 44533
0.228502 47755
0.22853 99502
0.228545 51069
0.228567 24868
0.228606 8870
0.228616 70833
0.228622 71637
0.22863 84312
0.228633 77296
0.228644 50037
0.22865 79509
0.22866 60335
0.228706 30713
0.228707 91573
0.228724 8766
0.228737 1128
0.228754 14153
0.228754 1765
0.228767 82675
0.22878 9723
0.228781 70599
0.228791 84804
0.228802 42152
0.228813 19367
0.228818 79630
0.228819 82212
0.228828 4893
0.228833 31244
0.228848 64259
0.228851 6094
0.228855 49791
0.228874 65903
0.228884 99659
0.2289 33856
0.228931 50988
0.228958 69615
0.228976 57539
0.228985 94942
0.228986 94688
0.229029 33011
0.229032 33285
0.229047 80979
0.22907 32969
0.229087 92862
0.22909 52829
0.229091 79910
0.229099 96568
0.22911 67101
0.229112 28095
0.229113 42121
0.229113 76269
0.229123 29086
0.229129 66378
0.229135 37734
0.229143 30083
0.229143 42823
0.229159 63307
0.229172 6837
0.229176 6439
0.229187 72299
0.229202 63318
0.229204 66373
0.22921 30649
0.229214 71366
0.229225 58572
0.229232 58064
0.229239 84448
0.229243 50032
0.229251 91940
0.22926 42773
0.229263 40219
0.229272 53905
0.229289 85415
0.229294 51279
0.229295 38782
0.229308 23106
0.229317 55895
0.229343 54970
0.229354 49740
0.229382 42314
0.229391 80095
0.229393 89724
0.229413 57579
0.229436 79889
0.229456 4071
0.229461 40796
0.229464 4623
0.229471 65243
0.229478 56914
0.229482 21388
0.229482 39192
0.229489 33717
0.22949 5618
0.229511 59559
0.229519 52785
0.229535 50170
0.229542 22300
0.229547 43327
0.229553 43260
0.229574 97263
0.229592 2076
0.229598 92950
0.229599 44447
0.2296 23102
0.229605 96771
0.229625 97834
0.229627 53993
0.229637 5802
0.229642 7336
0.229671 89462
0.229677 75173
0.229688 2066
0.229739 200
0.229743 65487
0.229746 18868
0.229755 53674
0.229757 17832
0.229762 1496
0.229763 29607
0.22977 12022
0.229771 81309
0.229785 11174
0.229787 80749
0.229805 52907
0.229818 64521
0.229834 67280
0.229855 98990
0.229864 37206
0.229879 77151
0.229884 41921
0.229897 4612
0.229904 49695
0.22992 88243
0.229922 8728
0.229943 35731
0.229962 44722
0.229963 12508
0.229982 12727
0.229985 21584
0.229988 7980
0.22999 90238
0.229995 5163
0.229995 90052
0.230001 34401
0.230006 79879
0.230017 81348
0.23003 5994
0.230041 99354
0.230047 1150
0.230065 97683
0.230069 20483
0.230082 100238
0.230082 101238
0.230137 83998
0.230175 31541
0.230186 93826
0.230187 50198
0.230197 46876
0.230208 56171
0.230216 29921
0.230217 63052
0.230217 92423
0.230225 13725
0.230229 6367
0.23023 61376
0.230235 2292
0.230238 36479
0.230239 25200
0.230239 56269
0.23024 28273
0.230252 89618
0.23026 70832
0.230266 39122
0.230267 46468
0.230274 48365
0.230274 67526
0.230278 77524
0.230278 86970
0.230279 21706
0.230282 3227
0.230285 39527
0.230292 21789
0.230294 64209
0.230296 68244
0.230351 90305
0.230352 97152
0.230353 62821
0.23036 97903
0.230366 80147
0.230371 31138
0.23038 35047
0.230405 66727
0.230412 29502
0.230414 43648
0.230417 83976
0.230444 43517
0.230449 37304
0.230483 51966
0.230485 30339
0.230488 63236
0.230492 83376
0.230498 69825
0.230501 33926
0.230517 44972
0.230531 5247
0.230542 40140
0.23055 12932
0.230551 79521
0.230558 99427
0.230574 92203
0.230593 76515
0.230618 33917
0.230619 71172
0.230622 20503
0.230633 3415
0.230636 83146
0.230645 58540
0.23065 13763
0.230662 45098
0.230664 84759
0.230686 43057
0.230689 10519
0.230711 8340
0.230752 29795
0.230752 70896
0.230756 63129
0.230772 28919
0.230802 66173
0.23085 18606
0.23085 28308
0.23086 58466
0.23087 18872
0.230876 48793
0.230877 84400
0.230878 60136
0.230881 91425
0.230888 9711
0.230895 5414
0.230895 86109
0.230906 22007
0.230908 11034
0.23092 83324
0.230923 65863
0.230924 94156
0.230926 18506
0.230927 23185
0.230928 24769
0.230931 55130
0.230938 97754
0.230951 96304
0.230952 91370
0.230962 4249
0.230965 7188
0.230977 51352
0.23098 15544
0.23099 77817
0.230992 89611
0.231007 6839
0.231018 20319
0.231019 77053
0.231027 54054
0.231034 56754
0.23105 7576
0.231073 89793
0.231076 67451
0.231079 36226
0.231079 42127
0.231083 82569
0.231091 54963
0.231126 37547
0.231141 11546
0.231155 41365
0.23117 98358
0.23119 78577
0.231194 2687
0.231199 987
0.2312 46138
0.231236 72419
0.23124 3145
0.231243 49605
0.231244 5641
0.231244 97400
0.231257 16589
0.231291 62614
0.231293 37971
0.231293 4925
0.231295 61829
0.231318 67998
0.231322 54380
0.23133 97841
0.231344 23296
0.231345 46131
0.231349 32667
0.231356 22885
0.231358 3472
0.231359 96323
0.231369 91198
0.231377 57835
0.231384 7972
0.231406 85835
0.231418 88869
0.231428 58170
0.231431 4969
0.23145 67448
0.231455 71482
0.231458 83798
0.231471 52332
0.23148 89621
0.231483 31611
0.231484 4530
0.231488 97845
0.231494 14304
0.231497 64619
0.231503 44520
0.231506 85498
0.231519 20462
0.231523 33399
0.231529 36268
0.23153 77756
0.231531 62223
0.23154 94475
0.231543 47847
0.231548 83987
0.231564 24386
0.231567 48180
0.231568 38593
0.231572 81886
0.231579 66136
0.23158 2766
0.231605 5011
0.231616 35101
0.23163 37374
0.231634 75183
0.231658 18011
0.231659 96623
0.231695 74376
0.231724 62006
0.231729 22933
0.231732 66383
0.231738 95654
0.231755 17069
0.231766 100834
0.231766 101834
0.231767 27151
0.231767 5991
0.231773 24662
0.231787 25688
0.231789 7223
0.231794 89467
0.231803 97499
0.231809 46213
0.231815 32046
0.231829 66005
0.231836 35842
0.231847 31161
0.231868 72745
0.231876 74897
0.231877 71001
0.231882 97368
0.231891 80039
0.231916 9080
0.231932 5512
0.231934 97536
0.23197 32365
0.232017 3937
0.232023 36869
0.232023 71557
0.232028 74244
0.232036 3964
0.232088 49842
0.232093 84280
0.232105 24540
0.232105 59858
0.232131 50725
0.232133 3867
0.232137 83670
0.232141 62704
0.232142 16324
0.232145 70052
0.232148 67430
0.232165 404
0.232168 13278
0.23218 38415
0.232198 64628
0.232198 814
0.232205 4224
0.232219 21159
0.232222 32452
0.232223 42068
0.232227 12590
0.23223 79372
0.232231 46842
0.232231 62022
0.232244 81505
0.232253 38725
0.232261 98605
0.232299 98800
0.232307 84220
0.23232 9828
0.232322 32538
0.232324 92729
0.232358 99494
0.232367 89863
0.232369 41604
0.23237 22097
0.232379 90745
0.232399 40489
0.232408 29579
70 17