1 2
408
0.38275 8276
0.382751 95177
0.382762 83696
0.382763 54633
0.382773 56333
0.382776 89508
0.382777 58775
0.382778 91643
0.382794 34584
0.382859 71057
0.382863 20617
0.382867 99037
0.382872 98072
0.382874 22712
0.382917 5938
0.382943 87241
0.382963 80729
0.382965 100427
0.38297 3512
0.382985 2073
0.38299 11121
0.382991 49102
0.382995 66127
0.382999 44591
0.383034 87700
0.383054 100864
0.383054 45356
0.38307 9187
0.3831 60139
0.38311 9292
0.383112 43190
0.383117 80032
0.383119 25233
0.38312 97776
0.383135 77800
0.383137 24894
0.383141 84842
0.383145 81584
0.383165 32198
0.383176 47157
0.383193 28285
0.383195 29622
0.383227 17744
0.383243 55961
0.383254 66528
0.383274 1523
0.383274 46837
0.383287 83428
0.383309 7577
0.383319 78938
0.383327 86952
0.383329 80456
0.383343 91170
0.383351 42546
0.383353 71241
0.383361 14257
0.383383 49783
0.383386 87744
0.383394 99892
0.383399 69513
0.383413 39403
0.383441 37436
0.383443 93248
0.383456 68816
0.383457 57183
0.38346 51800
0.383461 49936
0.383461 73681
0.383462 35522
0.383466 8419
0.383476 49977
0.383479 61728
0.383484 33970
0.383486 55054
0.383497 65064
0.38351 3901
0.383517 46585
0.383523 78212
0.383541 63861
0.383563 36410
0.383601 73896
0.383607 21957
0.383609 21440
0.38361 80579
0.383615 63354
0.383617 54268
0.383628 54207
0.383641 35149
0.383645 45262
0.38367 75449
0.383672 92919
0.383685 76397
0.383686 42253
0.383701 84010
0.383739 3154
0.383746 26651
0.38375 34369
0.383767 77865
0.383784 69100
0.383804 34348
0.383821 75165
0.383823 27056
0.383826 81943
0.383831 1344
0.383831 90919
0.383869 30348
0.383902 18695
0.38391 66009
0.383919 75890
0.383922 4157
0.383927 36817
0.383944 11081
0.383944 83091
0.383949 68411
0.383961 14295
0.383965 5535
0.383966 44684
0.383971 43380
0.383975 15910
0.383979 51715
0.38398 60203
0.383987 18372
0.383995 23869
0.383999 68123
0.384002 66631
0.384012 87613
0.384018 38480
0.384045 16236
0.384046 68431
0.384084 14978
0.384085 22164
0.384087 74895
0.384087 9160
0.384095 93096
0.38411 70314
0.384115 10235
0.384116 93514
0.384119 26618
0.384174 51821
0.384176 17380
0.384178 53778
0.384185 13120
0.384204 63989
0.384211 9936
0.384221 29616
0.384228 35666
0.38423 86839
0.384251 9336
0.384258 69579
0.384261 45551
0.384262 24337
0.384271 18946
0.384272 46326
0.384285 70573
0.384289 99123
0.384303 4100
0.384327 57775
0.384328 10109
0.384337 94992
0.384345 20609
0.384352 8169
0.384358 20824
0.384366 32190
0.384369 74726
0.384392 90552
0.384396 79609
0.384402 12412
0.384407 49496
0.384417 42213
0.384426 32333
0.384435 2498
0.384444 74645
0.384445 23619
0.384456 51346
0.384464 57071
0.384478 36179
0.384481 20889
0.384489 15854
0.384494 75953
0.384495 22240
0.384496 90070
0.384505 48289
0.384505 63621
0.384515 38682
0.384517 16756
0.384518 59572
0.384524 77604
0.384525 14881
0.384554 27325
0.384572 19452
0.384597 22491
0.384625 17462
0.384645 32620
0.384685 32264
0.384692 2729
0.3847 99312
0.384714 38759
0.384723 58735
0.384741 35005
0.384764 48709
0.384777 45506
0.384789 35225
0.384796 59299
0.384797 82423
0.384806 50178
0.384813 88810
0.384813 99952
0.384829 50716
0.384837 82384
0.384845 40522
0.384848 52909
0.384854 24320
0.384867 91925
0.384883 11499
0.384887 14659
0.384888 4741
0.384904 27832
0.38491 15563
0.384912 92228
0.38496 17697
0.384975 91448
0.384979 93578
0.384986 9687
0.385005 24708
0.385006 21849
0.385009 69443
0.385015 39275
0.385018 44928
0.385023 58407
0.385028 34297
0.385029 81518
0.385043 97842
0.385064 78690
0.385091 10386
0.385095 77668
0.385125 10283
0.385126 35790
0.385159 9980
0.385179 80543
0.385191 84203
0.385192 52633
0.385196 79542
0.385225 24283
0.385237 45680
0.385237 59554
0.385245 69104
0.385278 63767
0.385278 94395
0.385282 14669
0.385294 84568
0.385297 68207
0.3853 17224
0.385304 2133
0.385309 33182
0.385321 59281
0.385331 48525
0.385333 14062
0.385342 61190
0.385352 64948
0.385356 40838
0.385403 47531
0.385408 68310
0.385428 79527
0.385436 18513
0.385445 10704
0.385452 82313
0.385453 6334
0.385462 40835
0.38548 65697
0.385492 47745
0.38551 54935
0.385531 15874
0.385534 89945
0.385539 30502
0.385547 79128
0.385556 49500
0.385562 59599
0.385584 25718
0.385585 43665
0.385589 77059
0.38559 91897
0.385592 12541
0.385606 22509
0.385606 49303
0.385607 66729
0.385632 21125
0.385638 66327
0.38564 90959
0.385663 70570
0.385667 11054
0.385679 59068
0.385694 78313
0.38573 91890
0.385744 92482
0.385748 96175
0.385771 50596
0.385775 54162
0.385781 18319
0.385785 34851
0.3858 10700
0.385815 24758
0.38582 98353
0.385823 4139
0.38583 13804
0.385834 62428
0.385841 73006
0.385846 84501
0.385848 52351
0.38589 97628
0.385905 54721
0.385906 42069
0.38593 12645
0.385939 15800
0.385942 81852
0.385959 31768
0.385971 26115
0.385975 20992
0.385979 94667
0.385981 6346
0.385996 93167
0.386002 37948
0.386006 74447
0.386011 12397
0.386028 6499
0.386028 9614
0.386035 100124
0.386045 34524
0.386051 14607
0.386056 21681
0.386067 37278
0.386087 57535
0.386099 47661
0.386101 26280
0.386113 21688
0.386119 18673
0.38612 3201
0.386127 24826
0.386127 63770
0.386143 11927
0.386152 46974
0.386171 1035
0.386206 80965
0.386208 60519
0.38621 48463
0.386241 5233
0.386249 10660
0.386256 51995
0.386262 20445
0.38628 6529
0.386286 39172
0.386291 56830
0.386311 70710
0.386317 8487
0.386329 32973
0.386335 66706
0.38635 77648
0.386373 39311
0.386381 98707
0.386389 12738
0.386414 3139
0.386418 36245
0.386431 4225
0.386439 85990
0.386446 21364
0.386449 46860
0.386465 87656
0.386475 11196
0.386479 86948
0.386491 39966
0.386526 58072
0.386532 27617
0.386533 96998
0.386538 52150
0.386618 36561
0.386627 2857
0.386632 84170
0.386638 5306
0.386646 83400
0.386647 47007
0.386647 47300
0.386705 72053
0.386711 76918
0.386719 63134
0.386725 86625
0.386728 100098
0.386729 43945
0.386732 43518
0.386738 5431
0.386743 100628
0.386743 65793
0.386757 88805
0.386761 6541
0.386765 70132
0.386771 56169
0.386794 31091
0.386801 16723
0.386807 12579
0.386817 12063
0.38682 48960
0.386825 55973
0.386837 89798
0.386838 68384
0.386841 82821
0.38685 21310
0.386857 38677
0.386862 59373
0.386866 74773
0.386873 2230
7 66