1 2
429
0.236965 11718
0.236965 2620
0.236976 74638
0.236986 72261
0.237001 67570
0.237009 37153
0.237014 36799
0.237019 49674
0.23702 46239
0.237038 81787
0.237044 72724
0.237045 30010
0.237049 64149
0.237064 98289
0.237068 30590
0.237073 4477
0.237074 69655
0.237078 3197
0.237087 64117
0.237095 25347
0.23711 58151
0.237111 76454
0.237113 4241
0.237126 25029
0.23713 83426
0.23716 24548
0.237169 38169
0.23718 37758
0.23721 13146
0.237214 77641
0.237223 58767
0.237228 89070
0.237232 87100
0.237244 28227
0.237254 68907
0.237255 26243
0.237262 80608
0.237267 86939
0.237271 92128
0.237297 100731
0.237297 101731
0.237297 4279
0.237318 44830
0.237322 79959
0.23733 7816
0.237337 94121
0.237354 9900
0.237359 67697
0.237371 100371
0.237371 101371
0.237394 63229
0.237398 22223
0.237419 27589
0.237428 82008
0.237428 88893
0.237432 34600
0.237436 78245
0.237456 17391
0.237461 54744
0.237462 57957
0.237472 59162
0.237485 14233
0.237488 46139
0.237506 37897
0.237507 41308
0.237509 86863
0.237534 28744
0.237536 659
0.237536 7295
0.237543 58257
0.237554 94919
0.237562 54809
0.237568 71655
0.237579 90924
0.237589 40956
0.237591 73745
0.2376 39609
0.237612 62403
0.237613 72302
0.237614 47358
0.237631 85097
0.23764 29748
0.237648 75028
0.237649 30739
0.237653 72385
0.237663 33923
0.237673 98031
0.237675 56859
0.237678 29326
0.237679 88521
0.23768 51982
0.237684 24428
0.23769 7326
0.237691 79569
0.237702 36294
0.237702 59579
0.237707 58959
0.237711 2968
0.237718 64858
0.237727 1793
0.237734 13185
0.237748 3625
0.237754 87880
0.237761 70520
0.237772 55398
0.237779 76387
0.237793 31115
0.237808 39581
0.237827 31875
0.237838 33073
0.237847 18494
0.237847 63297
0.237851 30090
0.237858 2559
0.237864 51712
0.237871 28184
0.237877 88787
0.237879 59091
0.237885 55119
0.237889 6991
0.23789 63938
0.237911 79873
0.237921 64385
0.237926 36648
0.237931 99879
0.237948 72484
0.23798 24090
0.237992 95794
0.237994 59607
0.238008 64013
0.238036 53489
0.238049 93707
0.238058 17072
0.238062 20568
0.238063 51458
0.238106 43757
0.238123 51669
0.238131 32809
0.238143 11258
0.238148 33368
0.238151 22897
0.238175 40124
0.238177 82590
0.23818 88396
0.238192 22440
0.238197 98080
0.2382 22183
0.238209 38574
0.238224 18074
0.23825 75325
0.238259 24069
0.238266 41440
0.238274 88176
0.238276 27479
0.238277 59141
0.238282 2327
0.238283 13268
0.238299 43876
0.238311 99414
0.238329 10299
0.23833 64530
0.238338 22764
0.238344 66755
0.23835 49973
0.238367 5961
0.238376 50629
0.238376 68146
0.238381 89179
0.238388 95058
0.23839 78286
0.2384 34304
0.238412 71556
0.238417 40701
0.238443 71537
0.238463 74553
0.238485 19505
0.238486 3529
0.238492 91484
0.238541 87732
0.238544 66003
0.238544 90056
0.238546 1928
0.238554 89215
0.238555 63884
0.238558 49287
0.238581 20641
0.238583 63321
0.238587 50923
0.238614 59435
0.238615 14973
0.238617 46210
0.238642 37047
0.238647 67304
0.238647 85825
0.238658 47280
0.238661 48838
0.238663 63247
0.238677 5501
0.238692 7953
0.238694 67038
0.238709 4757
0.238731 42428
0.238733 27923
0.238737 30380
0.23876 83507
0.238773 42481
0.238776 77576
0.238796 34091
0.238806 34778
0.238815 93733
0.238819 44653
0.238834 25499
0.238836 75625
0.238836 88399
0.238859 46961
0.238865 27580
0.238891 95486
0.238903 91343
0.238905 83283
0.238907 74832
0.23891 76810
0.238927 72271
0.238935 59114
0.238941 29260
0.238951 8679
0.238952 36487
0.238954 9219
0.23896 13637
0.238967 100878
0.238967 101878
0.238991 54649
0.238994 33842
0.238997 33698
0.239 12475
0.239007 30024
0.239016 96345
0.239017 28862
0.23904 17894
0.239049 72608
0.239049 96201
0.239061 97677
0.239063 51030
0.239072 15600
0.239089 75297
0.239098 73991
0.239119 46865
0.239127 71782
0.23913 66892
0.239133 40703
0.239134 16606
0.239134 98640
0.239139 89629
0.239142 36333
0.23916 85574
0.239238 98479
0.239266 91371
0.239271 68379
0.239273 47091
0.239273 94791
0.239288 56111
0.239289 70435
0.239305 40510
0.239307 78485
0.239324 43944
0.239325 72198
0.239326 14323
0.239328 54357
0.239336 44853
0.239349 38788
0.239351 16585
0.239373 79390
0.239378 92085
0.239393 36536
0.239398 16700
0.239474 91510
0.239533 75130
0.239537 96461
0.239542 45208
0.239551 33848
0.2396 10432
0.239642 19579
0.239646 3346
0.239652 803
0.239656 55862
0.239674 40673
0.239698 98208
0.239699 53449
0.239713 94677
0.239732 53055
0.239746 50354
0.23975 41816
0.239755 59502
0.239772 17815
0.239775 63008
0.239828 67275
0.239835 7075
0.239843 38838
0.239844 54414
0.23985 57842
0.239855 75940
0.239859 66454
0.239879 11407
0.23993 24057
0.239931 66519
0.239931 93902
0.239932 61843
0.23994 21166
0.239945 57747
0.239956 18440
0.239965 44519
0.239967 41849
0.239985 85550
0.240011 36458
0.240017 9351
0.24002 4606
0.240041 86980
0.240051 28094
0.240068 18144
0.240081 47094
0.240087 36284
0.240095 58591
0.240111 28642
0.240116 57125
0.240124 65880
0.240133 26657
0.240154 80238
0.240165 68072
0.240169 43950
0.24017 33453
0.240174 48627
0.240184 39940
0.240192 80745
0.240208 18964
0.240216 45340
0.240216 46563
0.240226 60182
0.240229 60058
0.240231 29058
0.24024 15524
0.240243 12423
0.240243 7192
0.240252 100181
0.240252 101181
0.240254 77786
0.240265 27418
0.240284 29628
0.240293 94630
0.240303 18960
0.240306 36984
0.240327 42593
0.240333 17484
0.240342 98069
0.240348 2332
0.240357 12249
0.240358 96809
0.240374 7917
0.240375 100176
0.240375 101176
0.240379 68085
0.240397 48836
0.2404 45191
0.240411 7949
0.240412 61484
0.240424 23205
0.240424 58421
0.240443 60543
0.240448 62065
0.240449 91242
0.240454 44052
0.24046 55586
0.240471 96898
0.240473 36570
0.240494 5256
0.240506 54873
0.240516 98076
0.240533 2569
0.24055 77054
0.240582 30149
0.240594 22265
0.240597 66348
0.240597 96141
0.240618 35984
0.240629 14191
0.240632 6335
0.240638 89140
0.240647 26944
0.240663 3083
0.240677 100013
0.240677 101013
0.240677 102013
0.240689 61367
0.240692 85233
0.2407 55207
0.240701 46401
0.240704 23531
0.24071 52319
0.240732 59164
0.240743 64747
0.240746 3281
0.240757 100905
0.240757 101905
0.240761 37372
0.240768 94878
0.240779 1387
0.240799 15663
0.240811 21424
0.240813 39676
0.240823 37859
0.24086 84583
0.240889 59931
0.240896 85362
0.240915 22922
0.240923 2652
0.240927 81686
0.24093 38533
0.240931 82722
0.240939 21819
0.240969 67469
0.240988 32796
0.240989 17053
0.24099 4072
0.24099 68157
0.240995 61971
0.241007 49099
0.241025 45942
0.24104 15691
0.241052 65081
0.241065 98381
0.241077 7028
38 70