1 2
419
0.613445 28292
0.613445 29940
0.61345 85279
0.613464 70220
0.613471 62690
0.613475 3550
0.613503 36723
0.613508 43679
0.613514 43777
0.613518 16933
0.613519 13771
0.613519 28172
0.613522 31998
0.613524 80345
0.613551 49866
0.613574 56076
0.613595 50031
0.613613 15750
0.61365 4875
0.613666 21893
0.613686 97188
0.6137 58056
0.613706 93206
0.613707 62452
0.613746 80737
0.613755 45884
0.613774 28792
0.613778 65443
0.61381 81077
0.613811 50624
0.613816 74691
0.613817 79089
0.61383 28955
0.613851 38582
0.613855 5585
0.613863 27305
0.613872 1174
0.613878 94057
0.613889 30933
0.613919 1683
0.613921 88616
0.613926 71917
0.613939 30418
0.613948 7125
0.613963 94875
0.613993 99734
0.613995 13848
0.613998 4141
0.614 32281
0.614005 35899
0.614011 52954
0.614017 78070
0.614023 54361
0.614025 90583
0.614034 47466
0.614046 12105
0.614049 27429
0.614049 55144
0.614059 56506
0.614063 53523
0.614069 16384
0.61408 29438
0.614085 40996
0.614096 12132
0.614102 70678
0.61411 10695
0.61412 2512
0.614138 50293
0.614138 86846
0.614139 83948
0.61415 24747
0.61415 87518
0.614154 22850
0.614156 6808
0.614159 41219
0.61416 26571
0.614168 11144
0.614188 74903
0.614214 59107
0.614216 81891
0.614221 2071
0.614228 40436
0.614236 30730
0.614244 39045
0.614248 42094
0.614251 50465
0.614254 88516
0.614269 95361
0.614279 90935
0.614286 56032
0.614292 47166
0.614304 84123
0.614314 18911
0.614328 22375
0.614329 13583
0.614334 65083
0.614339 78886
0.614364 77710
0.614369 37656
0.614373 52792
0.614386 88319
0.614387 3797
0.614405 51473
0.614417 45455
0.614421 14917
0.61444 44944
0.614444 93958
0.614453 45399
0.614459 56694
0.614463 22857
0.614465 12643
0.614467 61768
0.614468 34210
0.614471 53950
0.614471 5688
0.614488 99181
0.614491 76020
0.6145 38541
0.614512 84968
0.614544 48600
0.614548 21313
0.614561 39867
0.614566 23661
0.614568 20748
0.614569 93021
0.614575 83770
0.614584 45179
0.614603 82907
0.61462 75266
0.614624 42049
0.614625 42507
0.614644 34720
0.614658 75032
0.614663 35224
0.614663 40897
0.614664 90731
0.614674 42277
0.614675 56814
0.614703 25875
0.614707 32125
0.614724 54786
0.614731 10405
0.614762 19684
0.614764 37296
0.61477 19304
0.614789 63093
0.614795 6550
0.614797 60863
0.614801 9511
0.614822 43883
0.614822 68850
0.614822 87652
0.614826 57036
0.614828 44268
0.614833 53018
0.614834 24152
0.614878 13944
0.614893 6581
0.614896 17657
0.614903 64986
0.614914 47804
0.614929 44855
0.614943 83150
0.614948 39732
0.614958 65773
0.614974 3533
0.614984 92464
0.614992 39586
0.614999 5463
0.615006 29095
0.615014 36718
0.615016 75517
0.615022 87771
0.615035 29441
0.615035 57189
0.615058 33352
0.615058 82896
0.615074 41502
0.615082 47929
0.615085 57259
0.615088 78034
0.615094 72935
0.615106 18116
0.615114 3662
0.615121 38142
0.615122 53081
0.615124 66143
0.615134 2867
0.615153 59465
0.61516 64201
0.615164 68396
0.615176 5667
0.615185 22276
0.615187 15641
0.61519 82134
0.615193 81889
0.615203 94687
0.615208 43578
0.615216 26057
0.615219 70030
0.615232 64938
0.615233 19891
0.615235 53744
0.615237 72700
0.615241 80145
0.615243 12686
0.615252 44195
0.615263 48661
0.615278 27332
0.615284 39518
0.615295 44979
0.615314 95189
0.615343 25907
0.615347 693
0.615354 79189
0.615355 36741
0.615366 86147
0.615369 55015
0.615381 61271
0.615397 42729
0.615421 7394
0.615429 70921
0.615442 98407
0.615449 70299
0.615492 57720
0.615518 15149
0.615542 31128
0.615549 69765
0.615555 42844
0.615602 11962
0.615605 79349
0.615614 21258
0.61562 7459
0.615622 1873
0.615628 70471
0.615635 6270
0.615644 82261
0.615649 84930
0.615651 53201
0.615652 10782
0.615674 81827
0.615692 76608
0.615697 7873
0.615706 82251
0.615711 85120
0.615714 12858
0.615716 31971
0.615722 36836
0.615725 47805
0.615728 84929
0.615737 94735
0.615739 18934
0.615747 64503
0.615757 31180
0.615821 69733
0.615822 81320
0.615828 67757
0.615832 28770
0.615838 1840
0.615839 64821
0.615843 88158
0.61585 14812
0.615863 19415
0.615864 75676
0.615867 66732
0.615869 57771
0.615869 81249
0.615911 73178
0.615919 72845
0.615942 35849
0.615942 55317
0.615944 76848
0.615946 61780
0.615947 17794
0.615952 35797
0.615963 71426
0.615968 35740
0.615984 93361
0.616009 4602
0.616013 69953
0.616022 19126
0.616023 43452
0.616034 2459
0.616035 84686
0.616038 40399
0.616039 24322
0.616075 43083
0.616081 26052
0.616086 75796
0.616143 32434
0.616145 796
0.61615 95934
0.616166 100309
0.61617 13796
0.616174 40972
0.616175 58639
0.616204 13980
0.61622 94734
0.616221 30285
0.616227 69565
0.616233 31808
0.616233 70157
0.616267 3878
0.616268 62480
0.616287 72644
0.616291 95555
0.616292 76356
0.616296 79295
0.616307 35843
0.616315 66569
0.616317 97365
0.616327 91177
0.61633 72776
0.616341 94464
0.616363 35291
0.616388 81011
0.616397 75919
0.616398 53513
0.616402 79944
0.616417 68713
0.616429 888
0.616436 58082
0.616436 65615
0.616459 100813
0.61647 51899
0.616479 75763
0.616496 82042
0.616499 32770
0.616504 79774
0.616519 76528
0.61652 64701
0.616528 51969
0.616536 68297
0.616544 32015
0.61655 60907
0.616559 25319
0.616568 46854
0.616573 30836
0.616587 76632
0.61659 27928
0.616592 10111
0.616605 13427
0.616624 67238
0.616628 12926
0.616637 36663
0.616651 19683
0.61666 36058
0.616676 94304
0.616686 46087
0.616702 3699
0.616703 48137
0.616721 28621
0.616723 13251
0.616738 73173
0.616758 92595
0.616771 71647
0.616789 73184
0.616798 71
0.616803 95136
0.61681 80025
0.616823 9331
0.616829 83131
0.616832 32044
0.616833 19539
0.61684 25089
0.616844 31086
0.616846 78501
0.616853 5262
0.616874 35565
0.616884 61413
0.616895 100981
0.616902 86287
0.616906 74951
0.616909 61381
0.61693 84626
0.61694 43907
0.616944 60716
0.616975 7666
0.616993 94998
0.617002 39600
0.617012 18112
0.617036 77191
0.617039 43187
0.61704 21140
0.617044 70448
0.617058 75091
0.617059 49573
0.617067 93730
0.617092 39952
0.61711 49271
0.617116 49637
0.617125 63060
0.617129 49286
0.617148 47724
0.61717 90673
0.617204 51395
0.617205 21519
0.617207 40079
0.61721 36662
0.617219 67652
0.617219 88120
0.617246 23759
0.617255 19945
0.617256 98657
0.617259 44858
0.617267 20563
0.61728 9195
0.617281 10478
0.617306 25332
0.617308 45158
0.617322 97176
0.617329 66955
0.617334 64700
0.617339 22138
0.61734 13422
0.617345 22977
0.617364 90254
0.617365 9119
0.617371 2037
49 90