1 2
420
0.597027 22956
0.597034 38397
0.597039 12444
0.59704 56406
0.597044 65445
0.597049 93187
0.597055 93226
0.59709 86093
0.597093 65795
0.597097 69731
0.597098 99442
0.597106 94724
0.597135 37423
0.597162 48616
0.597167 97182
0.597186 92034
0.597208 17899
0.597208 29822
0.597219 50424
0.597235 91762
0.597256 23658
0.597257 70140
0.597257 80125
0.597279 22868
0.597279 53886
0.597281 80951
0.597299 84130
0.597303 52782
0.597322 18784
0.59733 65294
0.597343 17213
0.597345 35545
0.597355 57185
0.597364 22891
0.597396 317
0.597401 74157
0.597435 72942
0.597441 66049
0.597462 6065
0.59747 98229
0.597475 32753
0.597478 3657
0.597481 96921
0.597494 18142
0.597494 274
0.597535 82478
0.597565 91151
0.59757 62190
0.597631 23674
0.59764 55649
0.597655 55772
0.597664 22309
0.597665 20138
0.597677 53252
0.597687 16256
0.597696 39291
0.597701 15430
0.597711 70051
0.597714 47264
0.597724 87672
0.597725 10486
0.597726 35926
0.597744 49201
0.597751 21509
0.597753 32736
0.597754 42626
0.597759 69657
0.597769 33262
0.59777 14833
0.597784 5087
0.597812 41883
0.597813 36944
0.597813 95991
0.597816 92435
0.597821 49786
0.597822 47975
0.597838 92002
0.597842 3304
0.597846 37314
0.597847 47626
0.59785 14651
0.597882 31631
0.597889 24866
0.597893 7157
0.597904 21605
0.597909 85889
0.597909 9564
0.597924 70416
0.597936 14058
0.597941 99675
0.597949 97613
0.597967 84867
0.597968 40851
0.597971 58849
0.597977 34136
0.597978 88504
0.597981 33747
0.597989 72467
0.597991 37680
0.597995 73780
0.597996 86111
0.59801 63043
0.598011 1785
0.598017 55765
0.598054 75368
0.598061 34047
0.598073 34701
0.59808 21662
0.598087 41869
0.59809 45292
0.598097 14241
0.598107 66312
0.598107 79420
0.598152 49115
0.598154 48884
0.598154 63806
0.598162 35270
0.598202 17653
0.598209 27330
0.598224 85698
0.598226 46650
0.598266 93404
0.598282 89195
0.598284 30787
0.598296 94909
0.598296 99871
0.598317 55136
0.598342 90356
0.598354 48013
0.598372 86342
0.598403 4228
0.598415 62933
0.598416 53879
0.598427 21646
0.598442 69815
0.598466 81765
0.598467 76860
0.598469 60162
0.59848 54086
0.598497 91147
0.598542 49986
0.598544 94205
0.598545 43489
0.598546 24955
0.598568 5121
0.598576 48252
0.598591 27773
0.598598 172
0.598601 45524
0.598614 26441
0.598617 16838
0.598619 73854
0.59863 62865
0.598642 61514
0.598643 75470
0.598654 75223
0.598664 71802
0.598675 9635
0.598679 50138
0.598687 26841
0.598712 61469
0.59873 31522
0.598737 66260
0.598753 90447
0.598786 6733
0.598788 78588
0.598799 15122
0.598819 20556
0.598821 13412
0.598829 44873
0.598837 30181
0.598845 40141
0.598854 7072
0.598875 55706
0.59891 85315
0.598921 8219
0.598926 75831
0.598938 25224
0.598945 47218
0.598962 84001
0.598974 65423
0.598987 39912
0.598995 60105
0.599007 52490
0.599015 39487
0.599017 90133
0.599018 22952
0.599023 55055
0.59905 49195
0.599055 50403
0.599063 72821
0.599082 747
0.599086 34394
0.599087 35623
0.59909 53653
0.599093 76795
0.599112 26120
0.59912 1461
0.599149 11484
0.599167 98828
0.599172 48724
0.599172 76915
0.599178 43161
0.599178 5349
0.59918 8396
0.599195 27228
0.599201 10407
0.599204 38301
0.599239 18857
0.599278 60481
0.599281 45996
0.599291 65756
0.599297 76941
0.599343 97225
0.599348 85146
0.599379 2026
0.5994 91731
0.599407 71012
0.59941 51333
0.59941 75524
0.599411 77502
0.599417 91851
0.599422 45028
0.599428 23894
0.599436 98868
0.599441 65847
0.599465 85468
0.599468 24799
0.599478 75385
0.599484 27403
0.599493 14117
0.599505 41733
0.599506 39674
0.599507 58519
0.599516 81909
0.599524 74153
0.599531 81212
0.599541 82161
0.599544 49656
0.599565 43975
0.599568 80056
0.599581 35753
0.599592 11552
0.59961 95494
0.599627 39110
0.599636 54166
0.599644 92393
0.599687 69928
0.599706 72900
0.599707 30182
0.599709 13235
0.599722 18191
0.599739 69415
0.59975 12457
0.599753 62479
0.599773 87514
0.599776 79407
0.599784 90952
0.599785 36053
0.599795 36085
0.599895 76847
0.599901 93609
0.599903 31389
0.599908 50400
0.599909 28663
0.599912 87914
0.599914 28130
0.599919 54235
0.599921 3785
0.599944 39665
0.599979 84336
0.599979 90267
0.600004 31012
0.600036 47739
0.600048 96377
0.600058 25452
0.600061 38830
0.600077 60056
0.600078 4414
0.600079 17037
0.60009 27257
0.600091 35046
0.600103 31394
0.600114 18071
0.600117 5983
0.600122 99662
0.600143 62387
0.600145 7020
0.600179 8322
0.600219 34750
0.600225 55133
0.600232 7837
0.600267 15443
0.600277 38985
0.600278 85547
0.600291 66256
0.600313 13286
0.600321 20032
0.600329 28166
0.600331 57552
0.600344 62381
0.600349 18029
0.600357 59184
0.600362 56320
0.600376 68803
0.600388 11544
0.600391 66579
0.600408 89354
0.600411 5223
0.600418 60026
0.600452 19620
0.600469 94173
0.600472 47782
0.600478 95449
0.600483 32610
0.600495 65267
0.600504 69661
0.600517 75460
0.600522 34876
0.600522 71964
0.600543 5232
0.600543 84014
0.600545 57358
0.600553 95613
0.600557 99751
0.600559 50981
0.600572 3238
0.600577 85867
0.60058 69120
0.600591 2294
0.60061 20519
0.600629 67562
0.600644 95271
0.600649 78460
0.600656 38621
0.600659 80411
0.600679 64533
0.600688 13040
0.600692 76564
0.6007 75383
0.600702 39569
0.600702 55085
0.60071 80001
0.600711 15955
0.600716 20212
0.600731 57446
0.600762 49976
0.60078 79341
0.600781 63845
0.600801 3411
0.600802 51707
0.600805 78773
0.60081 93161
0.600811 48636
0.600819 37739
0.600827 26180
0.600828 53099
0.600831 7450
0.60084 50851
0.600844 23930
0.600847 92230
0.600858 70851
0.600862 49885
0.600863 17007
0.600864 52303
0.600871 13387
0.600871 6458
0.60088 27338
0.600882 75915
0.600906 23040
0.600907 24318
0.600911 86013
0.60092 44304
0.600921 6525
0.600922 58448
0.600934 34083
0.600947 82283
0.600949 74613
0.600991 15417
0.601001 20230
0.601013 91993
0.601021 93059
0.601025 5676
0.601028 67796
0.601029 4778
0.601044 4208
0.601059 11829
0.601069 72232
0.601071 25784
0.601076 37303
0.601076 71796
0.601084 71304
0.601104 73758
0.601105 28659
0.601107 25658
0.601143 44019
0.601144 20296
0.601144 49870
0.601147 82639
0.601149 95647
0.601152 28418
0.601153 42309
0.601166 17183
0.601182 26461
0.601184 34561
0.601188 97022
0.6012 18588
0.60121 73673
0.601255 51225
0.601256 52078
0.601256 98645
0.601264 74442
0.601285 63971
0.601287 62680
0.601292 59263
0.60131 90465
0.601313 49465
0.601328 51741
0.60134 19893
0.601355 95432
20 87