1 2
435
0.014779 8019
0.014796 40702
0.014806 34182
0.014826 99762
0.014852 28343
0.014857 48143
0.014861 67296
0.01487 31177
0.014874 73326
0.01488 46762
0.014884 90384
0.014892 66242
0.014903 7338
0.014904 48154
0.01491 20196
0.01492 2028
0.014928 12125
0.01493 2757
0.014937 18366
0.014954 23290
0.014965 65685
0.014971 20799
0.014994 66099
0.014996 25902
0.014997 36382
0.015013 57966
0.015025 20912
0.015041 2055
0.015043 30488
0.015046 6368
0.015052 90140
0.015059 81662
0.015068 60370
0.015079 44412
0.015082 71849
0.015094 97681
0.015095 65628
0.015102 92587
0.015112 18624
0.015129 46820
0.015132 79642
0.015138 87006
0.01514 93748
0.015154 30203
0.015178 60610
0.015189 40088
0.01519 79094
0.01521 34546
0.015232 5149
0.015237 57926
0.015243 444
0.015248 63826
0.015261 54048
0.015276 48764
0.015286 91884
0.015287 37587
0.015288 34717
0.015323 79078
0.015323 82942
0.015332 44284
0.015334 32509
0.015336 90041
0.015337 67142
0.015344 31532
0.015349 96433
0.015372 4347
0.015375 23384
0.015385 50389
0.015391 5842
0.015394 48494
0.015409 15747
0.015413 58326
0.015434 56784
0.015456 97583
0.015459 32358
0.015468 37291
0.015468 45727
0.01548 79507
0.015481 50972
0.015512 78987
0.015517 84807
0.015526 82237
0.015542 96930
0.015555 13907
0.015568 81957
0.01557 90173
0.015571 26957
0.015573 51315
0.015578 98019
0.01559 62567
0.015602 83019
0.015606 32066
0.015606 95488
0.015616 92695
0.015639 83241
0.015652 94711
0.015659 56181
0.015666 45120
0.015679 10441
0.01568 24744
0.015698 51992
0.015699 46404
0.015721 90168
0.015746 83662
0.015759 49734
0.015764 58995
0.015769 13993
0.01581 4248
0.015818 9329
0.015833 24942
0.015838 17940
0.015856 64406
0.015859 66624
0.015859 80078
0.015913 92815
0.015926 60829
0.015929 64444
0.015937 89321
0.015938 74344
0.015947 26668
0.015951 78289
0.015979 98604
0.015981 77543
0.015989 80616
0.015994 46152
0.015995 98102
0.016009 27737
0.016009 93044
0.01601 37591
0.016012 72511
0.01602 66773
0.01603 25081
0.016034 10603
0.016042 96398
0.016044 54876
0.016049 31512
0.016059 6610
0.016074 89589
0.016079 94016
0.016091 88758
0.016101 35109
0.016115 74724
0.016117 78066
0.016122 15298
0.016125 12297
0.016136 6332
0.016141 22285
0.016145 80326
0.016151 51780
0.016156 28388
0.016193 41516
0.016195 77173
0.016203 8491
0.016209 87119
0.016224 1099
0.016249 30938
0.016263 24466
0.016263 60355
0.016274 44273
0.016319 19644
0.016324 72449
0.016337 11011
0.016338 80412
0.016347 52339
0.01636 78217
0.016363 69168
0.016366 68432
0.016372 78502
0.016389 32740
0.016392 75084
0.016413 48221
0.016423 82356
0.016425 11459
0.01644 48231
0.016445 29754
0.016448 39392
0.016455 62666
0.016455 69580
0.016456 83552
0.016469 63123
0.016474 57827
0.016483 76297
0.016488 10080
0.016513 7994
0.016529 80742
0.016549 79405
0.016557 95037
0.016566 15687
0.016572 37187
0.016581 69785
0.01659 13353
0.016596 28597
0.016607 19594
0.01663 72656
0.016635 33585
0.016639 73070
0.016649 57411
0.016655 88515
0.016667 577
0.016678 33546
0.016698 37112
0.016726 1165
0.016733 19774
0.016771 3119
0.016775 61019
0.016792 39929
0.016797 36353
0.016798 32204
0.016804 93184
0.016806 95450
0.016812 16159
0.016812 51549
0.016822 89977
0.016823 18111
0.016827 8691
0.01684 5292
0.016876 58837
0.016882 35833
0.016889 70202
0.016897 48083
0.016923 65062
0.016923 72826
0.016928 5182
0.016944 19513
0.016979 51018
0.016982 90806
0.01699 93006
0.01699 95418
0.016991 54245
0.017002 85992
0.017004 96630
0.017017 84874
0.017019 36641
0.017041 41476
0.017043 1830
0.017069 60113
0.017074 68861
0.017076 1591
0.017083 83866
0.017094 11709
0.017097 18107
0.017101 47799
0.017126 35747
0.017139 69854
0.017149 59270
0.017161 88907
0.017164 74736
0.017186 78354
0.01719 8223
0.017219 22145
0.01722 37480
0.017238 68131
0.017239 86677
0.01724 94831
0.01726 3858
0.017271 81353
0.017272 28701
0.017272 56534
0.017287 12971
0.017298 10073
0.017317 67907
0.017325 56075
0.017331 68113
0.017373 43949
0.017395 80201
0.017406 84588
0.017415 55265
0.017448 15153
0.017474 3644
0.017481 59397
0.017485 13981
0.017486 52819
0.017486 92136
0.01749 16813
0.01749 88139
0.01751 49886
0.017515 39718
0.017524 91381
0.017527 20758
0.017531 42879
0.017532 39562
0.017532 54209
0.017536 37359
0.017539 49678
0.017547 76690
0.017551 93625
0.017559 11743
0.017559 16175
0.017578 25723
0.017587 38824
0.017595 57103
0.017601 22048
0.017633 53429
0.017654 74871
0.017659 88819
0.017669 39825
0.017669 79603
0.017673 15173
0.017688 31890
0.017695 35677
0.017698 16893
0.017732 82156
0.017735 60150
0.017754 61220
0.017764 25535
0.017765 80249
0.01778 39088
0.017785 90193
0.017795 56025
0.017802 38363
0.017804 38278
0.017804 58987
0.017815 72093
0.017817 63440
0.017843 60223
0.017845 383
0.01787 60858
0.017872 54113
0.017931 21873
0.017955 81868
0.017973 44550
0.017994 3395
0.017997 8745
0.017998 95475
0.018 2368
0.018013 47586
0.018014 60017
0.01802 74559
0.018043 98477
0.018049 27552
0.018064 45801
0.018065 43501
0.018067 63210
0.01808 47708
0.018084 5454
0.018094 99619
0.018101 74271
0.018116 1175
0.018137 91109
0.018141 36208
0.018142 65929
0.018149 60354
0.018153 65025
0.018156 12721
0.01816 38613
0.018163 91383
0.018169 96445
0.018177 38849
0.018224 14052
0.018253 6902
0.01828 48540
0.01833 86947
0.018351 62897
0.018353 17668
0.018365 85176
0.018375 53390
0.018377 13030
0.018407 37102
0.018414 63037
0.018429 59191
0.018435 55072
0.01844 72130
0.018441 958
0.018443 36020
0.018447 79655
0.018456 84618
0.018461 72345
0.018469 38039
0.018493 71795
0.018498 13335
0.018498 63212
0.018514 14746
0.018517 46193
0.018522 84616
0.018525 16887
0.018525 55118
0.018548 99365
0.01855 68624
0.018563 84825
0.018572 49501
0.018573 77627
0.018574 95439
0.018577 1725
0.018581 79162
0.018588 55703
0.018589 61289
0.018593 61938
0.018596 73514
0.018599 78703
0.018637 68736
0.01864 63569
0.018641 95668
0.018642 36866
0.018652 47050
0.018652 8959
0.018655 96476
0.018673 16476
0.018676 17280
0.018699 28048
0.018702 6767
0.018705 99114
0.018709 37586
0.018716 74024
0.01872 51068
0.018743 28402
0.018746 55709
0.018748 23629
0.018762 23624
0.018769 40970
0.018801 81648
0.018827 30978
0.01883 29712
0.018831 14143
0.018848 20858
0.018887 39278
0.018897 48780
0.018908 56789
0.018921 37549
0.018923 66790
0.018931 97825
0.018947 63872
0.018953 81494
0.018959 89841
0.018973 42012
0.018977 47796
0.01902 53431
0.019029 78499
0.01903 13085
0.019033 13400
0.019035 36716
0.019038 62135
0.019054 75184
0.019056 85678
0.019057 52955
0.019067 31930
105 36