1 2
421
0.458131 1727
0.458146 45817
0.458153 77162
0.458185 7985
0.458203 90502
0.458206 28842
0.458212 26313
0.458237 25895
0.458246 25038
0.458246 7178
0.458248 61285
0.458252 25524
0.458259 58807
0.458261 68837
0.458266 45675
0.458266 72417
0.45828 14594
0.458284 98979
0.458289 73826
0.458294 83741
0.458311 25123
0.458325 43900
0.458338 73084
0.458354 13501
0.458354 35232
0.458366 80200
0.458369 77136
0.458372 88505
0.458386 57922
0.458389 34527
0.45839 37899
0.458405 47892
0.458444 59296
0.458447 56285
0.458468 74137
0.458492 70935
0.458503 43447
0.458513 50791
0.458519 7838
0.458544 50049
0.458554 52814
0.45856 94631
0.45857 90652
0.458588 73454
0.458597 18046
0.458612 25215
0.458619 39629
0.458624 51968
0.45863 16593
0.45864 93767
0.458643 68152
0.458657 78572
0.458668 53715
0.458676 83405
0.458682 23210
0.458682 71671
0.458698 53604
0.458714 22014
0.45873 76761
0.458733 28550
0.458741 16621
0.458752 18620
0.458771 96114
0.458777 14849
0.458777 99459
0.458779 45361
0.458804 83269
0.45881 76021
0.45882 11963
0.458858 23953
0.458864 5698
0.45888 59992
0.458885 43698
0.458901 74072
0.458955 66737
0.45899 99582
0.459 47406
0.459005 74614
0.459019 91368
0.459023 26292
0.459055 83978
0.45906 49136
0.459061 66424
0.459065 1333
0.459066 46341
0.459085 90861
0.459106 26848
0.459109 65387
0.45911 55141
0.459124 45954
0.459132 95922
0.459152 48175
0.459164 27480
0.459165 26069
0.459184 84064
0.459218 64836
0.45924 52257
0.459244 38530
0.459259 82272
0.459268 25600
0.459271 36756
0.459278 24409
0.459318 26074
0.45933 98125
0.459334 79239
0.459338 28234
0.459338 59670
0.459338 94690
0.459372 92064
0.459373 68673
0.459378 88488
0.45938 51645
0.459388 26350
0.459407 7513
0.459427 63272
0.459428 62773
0.459458 59504
0.459469 58293
0.459474 25636
0.459547 37158
0.459581 22631
0.459588 33001
0.459592 54798
0.459599 74781
0.459614 80629
0.459624 96539
0.459629 17706
0.459651 21063
0.459664 24373
0.459665 4685
0.459719 48381
0.459739 23614
0.459777 99474
0.459793 90497
0.459796 74277
0.459797 34891
0.459809 99807
0.459823 28235
0.459826 86131
0.459827 61918
0.45984 16599
0.459848 57717
0.459858 57061
0.459864 60811
0.459865 33377
0.459868 12121
0.459869 11045
0.459873 44146
0.459875 52522
0.459884 58698
0.459917 32095
0.459921 41335
0.45993 73256
0.45994 93556
0.459942 89313
0.459942 92750
0.459948 35791
0.459955 28661
0.459959 17977
0.459962 94571
0.459966 72767
0.459982 18088
0.459986 98830
0.459999 83420
0.46 22549
0.460017 25252
0.460029 50539
0.460039 7088
0.460045 10322
0.46006 39905
0.460062 49393
0.460071 20338
0.460108 16105
0.460117 10192
0.460145 56645
0.460145 68925
0.460152 5689
0.460162 63646
0.460163 20396
0.460163 63249
0.460176 44647
0.460196 58727
0.460215 37510
0.460216 68248
0.46022 86343
0.460233 24742
0.460236 52719
0.460246 65122
0.460264 61996
0.460264 80468
0.460275 92474
0.460281 23886
0.460281 38385
0.46029 79442
0.460312 12438
0.460331 92181
0.460332 69468
0.460345 6987
0.460345 74561
0.460348 69720
0.46035 17135
0.460363 25386
0.460374 4456
0.460388 58549
0.460396 56943
0.460408 36628
0.460422 89005
0.460445 70114
0.460453 8721
0.460463 94930
0.460466 67397
0.460477 6460
0.460508 45660
0.460509 48171
0.460545 13967
0.460559 14202
0.460566 76787
0.460579 16082
0.460595 90227
0.460636 96991
0.460644 37525
0.460649 21874
0.460654 84065
0.460676 58423
0.460688 68284
0.460708 46442
0.460708 85409
0.46071 21432
0.460711 61718
0.460713 73907
0.46075 71457
0.460759 71149
0.460777 71447
0.46078 19755
0.460817 63496
0.460817 68427
0.460819 74129
0.46082 9236
0.460823 6128
0.460823 99622
0.460828 25365
0.460831 23736
0.460845 57177
0.460854 1639
0.460854 72969
0.460882 43228
0.460891 33039
0.460895 94851
0.460915 3816
0.460926 15169
0.460936 41496
0.460936 46515
0.460941 3611
0.460949 74864
0.460957 42559
0.460971 6394
0.460972 11508
0.460975 92285
0.460977 50484
0.460979 76553
0.460988 8981
0.461001 78913
0.461015 89655
0.461023 79373
0.461037 36989
0.461045 71571
0.461054 17939
0.461054 88853
0.461055 28811
0.46106 63308
0.461079 63390
0.46108 12208
0.461082 21809
0.461111 51736
0.461113 21071
0.461129 93465
0.461138 95484
0.461146 93238
0.461213 98467
0.461214 76497
0.461216 84477
0.461216 88400
0.461218 90060
0.461221 75029
0.461244 99382
0.461265 20254
0.461266 16392
0.461309 32401
0.461313 82752
0.46133 62915
0.461331 78905
0.461334 40159
0.461335 4016
0.461342 52994
0.461349 56268
0.461351 8184
0.461355 45598
0.461356 1483
0.46136 95843
0.461364 7242
0.461368 48931
0.461369 67686
0.461382 5733
0.461389 99215
0.461404 26545
0.461437 30902
0.461438 47162
0.461478 1846
0.461484 27576
0.461484 5655
0.461487 39700
0.461487 57642
0.461496 70794
0.461499 89164
0.461509 32835
0.461521 99008
0.461533 2850
0.461565 12228
0.461565 49430
0.461581 8885
0.461588 94496
0.46159 56116
0.461605 12292
0.461624 83532
0.461624 94967
0.461627 48383
0.461627 64012
0.461649 49756
0.461654 16468
0.461658 1660
0.461659 84252
0.461705 19577
0.461741 34434
0.461745 96020
0.461749 70549
0.461788 37411
0.46179 23151
0.461798 8179
0.461801 34691
0.461822 8414
0.461825 42891
0.461831 78644
0.461833 73690
0.461835 30139
0.461836 9418
0.461847 85222
0.461854 47810
0.46187 5561
0.46188 56940
0.461882 68165
0.461887 48668
0.461889 67109
0.46189 30226
0.461898 93903
0.4619 29569
0.461903 59438
0.461922 29024
0.461928 65983
0.461929 94645
0.461933 38581
0.461936 40145
0.461937 95378
0.461938 19894
0.461942 36594
0.461965 39514
0.462009 57991
0.462009 8146
0.462016 33898
0.462046 36522
0.462047 46758
0.462119 73113
0.462139 53060
0.462142 48195
0.462155 48932
0.46216 24408
0.46216 83780
0.462163 27205
0.462165 73975
0.462175 30493
0.462204 30070
0.462211 11696
0.462212 36982
0.462234 15864
0.462241 27725
0.462242 90489
0.462254 61356
0.462265 48777
0.462266 58321
0.462271 13377
0.462276 2203
0.462278 85511
0.462286 70883
0.462311 48142
0.462321 84266
0.462365 16381
0.462394 75837
0.462403 39179
0.462409 88959
0.462413 73704
0.462417 97897
0.462422 37892
0.462429 54937
0.462436 83210
0.462505 4798
0.462529 18830
0.462543 61185
0.462548 2443
0.462588 54567
0.462591 23375
0.462592 74215
0.462593 96018
0.462626 22972
0.462643 52549
0.462651 89203
0.462662 53287
0.462686 57374
0.462694 67457
0.462697 19119
0.462706 69098
0.462713 70197
0.462713 8867
43 68