1 2
406
0.182466 10495
0.182521 91557
0.182523 91066
0.18253 38213
0.182556 17278
0.182574 82589
0.182586 34115
0.182602 63497
0.182612 99140
0.182631 13828
0.182636 90017
0.18268 96515
0.182685 28341
0.182748 87005
0.182751 13597
0.182758 6995
0.182763 27127
0.182764 73167
0.182766 22782
0.182766 34175
0.182775 27848
0.182808 14863
0.18282 31696
0.18282 49277
0.182822 541
0.182824 25693
0.182825 43470
0.182833 23570
0.182839 47111
0.18285 94945
0.182862 10651
0.182878 99980
0.182881 22601
0.1829 59959
0.182903 55205
0.182905 38648
0.182955 36624
0.182968 7886
0.182984 79893
0.182996 96454
0.183005 6422
0.183009 5967
0.183017 84085
0.183066 76179
0.183081 90943
0.1831 358
0.183118 53878
0.183125 68934
0.183134 95616
0.183164 13370
0.183199 96905
0.183208 4013
0.183209 23790
0.183215 41643
0.183222 6345
0.183223 32494
0.18323 10043
0.183253 5244
0.183258 23510
0.18327 26189
0.183272 98680
0.183275 69816
0.183277 53594
0.183278 29854
0.183279 13596
0.18329 96847
0.183295 22511
0.183301 41686
0.183314 54813
0.183314 97504
0.183355 67220
0.183358 78860
0.183369 2633
0.183387 47395
0.183391 55609
0.183402 19213
0.183402 96441
0.183403 83382
0.183427 96533
0.183443 73023
0.183448 53842
0.183455 12134
0.183474 50489
0.183489 68232
0.183496 21544
0.183523 70400
0.183524 52032
0.18353 6092
0.183535 41170
0.183536 65264
0.183537 98572
0.183549 76085
0.183552 36893
0.183591 10716
0.183595 48512
0.183598 72828
0.183604 21204
0.183617 93438
0.183635 54978
0.183645 45066
0.18365 38721
0.183651 3255
0.183661 74792
0.183668 95331
0.183688 29492
0.18369 29945
0.183693 27373
0.183713 39776
0.183747 100576
0.183747 101576
0.183761 34510
0.183771 47937
0.183772 57175
0.183773 27742
0.183784 64450
0.183784 65775
0.183801 48157
0.183802 32278
0.183805 2777
0.183815 60209
0.183819 59542
0.183823 10207
0.183827 13382
0.18383 41803
0.183835 74607
0.183842 29664
0.183842 3186
0.183848 63727
0.183851 70872
0.183867 63523
0.183869 99445
0.183877 52722
0.183895 17453
0.183896 22795
0.183906 72088
0.183906 76650
0.183922 19733
0.183925 30684
0.183949 28988
0.18395 44482
0.183951 85431
0.183959 57670
0.184004 88573
0.184014 78960
0.184017 94793
0.184029 65781
0.184038 40927
0.184061 36670
0.184063 92415
0.184064 39439
0.184067 100034
0.184067 101034
0.184067 102034
0.184068 37310
0.18407 87191
0.184086 9814
0.184088 90512
0.184128 41832
0.184132 74753
0.184168 22049
0.184181 50764
0.184182 65104
0.184185 17201
0.184188 30919
0.184188 49449
0.184207 67841
0.184223 56027
0.184226 22815
0.184246 42311
0.18425 61951
0.184253 67886
0.184266 79985
0.184282 43816
0.184284 5846
0.184285 67161
0.184289 146
0.184305 28097
0.184306 60480
0.184306 80995
0.184307 2404
0.18431 40587
0.184325 92300
0.184329 93054
0.184335 4159
0.184335 7536
0.184355 12695
0.184358 1173
0.18436 84433
0.184376 64477
0.184381 82744
0.184394 4465
0.1844 69972
0.184419 55084
0.184437 45030
0.184445 48122
0.184451 38968
0.18446 23093
0.184464 30794
0.184482 46732
0.184489 3333
0.184503 87941
0.184504 10634
0.184504 70033
0.184526 45003
0.184527 99948
0.184528 89030
0.184546 72140
0.184553 40997
0.184557 12908
0.184568 50693
0.184569 63763
0.184577 2985
0.184616 11127
0.184631 93908
0.184634 28479
0.184637 84911
0.184658 66514
0.18467 43939
0.184673 4357
0.184685 33018
0.18469 6351
0.184702 34073
0.184703 81278
0.184704 44228
0.184711 18922
0.184714 14474
0.184719 67193
0.184735 97218
0.184736 11364
0.184739 33535
0.184739 39099
0.184751 11073
0.184753 86021
0.184754 21004
0.184755 32989
0.184767 23011
0.184767 36237
0.184769 30554
0.184776 57206
0.184784 46230
0.184796 61044
0.184803 83932
0.184807 58476
0.184809 98416
0.184821 75309
0.184823 19902
0.184869 60701
0.184886 48875
0.184893 54851
0.184903 974
0.184924 11410
0.184956 32654
0.184961 22766
0.184961 91997
0.184974 7531
0.18498 78032
0.184996 68683
0.185013 72388
0.185019 56921
0.185022 58292
0.18503 55708
0.185036 14514
0.185049 7957
0.185053 83498
0.185054 22280
0.185061 42744
0.185067 98165
0.185084 2770
0.185117 15907
0.185138 81649
0.185151 24579
0.185152 52504
0.185187 20159
0.185208 71674
0.185212 45709
0.185213 67969
0.185219 30293
0.185219 74288
0.185224 66257
0.185252 9634
0.185267 73209
0.185278 66190
0.185287 54983
0.185295 73105
0.185297 30300
0.185301 14906
0.185307 15887
0.185309 33687
0.18531 67773
0.18531 70721
0.18533 31528
0.185334 27507
0.185346 24424
0.185352 33295
0.185354 93607
0.185358 25119
0.185358 938
0.185376 15013
0.185379 55183
0.185397 3911
0.185407 16607
0.185422 26041
0.185426 97054
0.185431 35988
0.185436 53159
0.18544 60282
0.185459 59689
0.18546 63413
0.185473 53435
0.185486 25685
0.185488 57225
0.185488 87644
0.185489 95901
0.185492 65754
0.185497 54655
0.185507 57078
0.185509 41441
0.185509 68377
0.185542 19020
0.185545 67671
0.185553 53916
0.185566 41503
0.185567 82117
0.185579 4360
0.185586 47208
0.185589 35729
0.185593 58029
0.185601 73807
0.185602 4552
0.185604 98221
0.185622 35459
0.185629 8685
0.185631 75171
0.185633 43474
0.185639 98986
0.185642 62296
0.185656 31968
0.185662 81771
0.185673 65150
0.185692 92310
0.185713 100170
0.185713 101170
0.185716 67417
0.185727 55295
0.185747 47210
0.185782 79476
0.185802 66560
0.185805 37970
0.185835 41968
0.185871 15095
0.18588 26814
0.18588 91563
0.185886 22730
0.185898 44706
0.185911 73059
0.185911 94223
0.185922 96814
0.185939 73637
0.185954 9154
0.185956 99118
0.185978 89599
0.185985 85657
0.185993 78565
0.186007 52526
0.186016 15093
0.186042 50123
0.186051 90158
0.186072 33273
0.186083 18538
0.186084 65343
0.186088 37
0.18609 51913
0.186122 97707
0.186134 20841
0.186159 66302
0.186169 4152
0.186182 12517
0.186196 51975
0.186212 82002
0.186228 92901
0.186239 21530
0.186247 43563
0.186254 31554
0.186254 55513
0.186256 43791
0.186262 58723
0.186274 10104
0.186277 13991
0.18628 52019
0.186293 61638
0.186293 94315
0.1863 60689
0.1863 94060
0.186305 56659
0.186307 18022
0.186308 40847
0.186308 91529
0.186322 32783
0.186368 61456
0.18637 9345
0.186371 20101
0.186386 97485
0.186388 46411
0.186394 90607
0.186401 49741
0.186411 22661
10 77