1 2
256
0 0.60928
0.003187 3649
0.003827 3516
0.008376 3535
0.009146 3527
0.017474 3644
0.01934 3507
0.023139 3628
0.024682 3506
0.027236 3665
0.033428 3683
0.037842 3468
0.042898 3455
0.050608 3599
0.050987 3690
0.055216 3613
0.057263 3572
0.05949 3567
0.067124 3669
0.079677 3639
0.080442 3542
0.082274 3664
0.083403 3651
0.083671 3558
0.087355 3623
0.088277 3508
0.091655 3672
0.099479 3480
0.107594 3521
0.116613 3458
0.117669 3568
0.119022 3471
0.121935 3456
0.124338 3580
0.12884 3589
0.130709 3655
0.131673 3555
0.139621 3574
0.147281 3697
0.149469 3640
0.150778 3668
0.15883 3485
0.166244 3536
0.179415 3523
0.187589 3617
0.187815 3564
0.189421 3566
0.197214 3592
0.198888 3525
0.202539 3591
0.211205 3603
0.215243 3631
0.216252 3522
0.217399 3691
0.219192 3482
0.223941 3645
0.225578 3641
0.226005 3474
0.231358 3472
0.237748 3625
0.238486 3529
0.241165 3626
0.24322 3605
0.253452 3666
0.253946 3554
0.256248 3635
0.257528 3547
0.262447 3571
0.263544 3624
0.268011 3549
0.27106 3650
0.275027 3702
0.279378 3514
0.280311 3659
0.283053 3677
0.286753 3475
0.289106 3487
0.296224 3541
0.308871 3540
0.30984 3553
0.312805 3464
0.318684 3671
0.319389 3601
0.320239 3510
0.321262 3505
0.331293 3466
0.333624 3675
0.333889 3695
0.337308 3548
0.337617 3609
0.338478 3492
0.341018 3615
0.34623 3494
0.351074 3681
0.351509 3627
0.35271 3501
0.354695 3493
0.359293 3643
0.359733 3465
0.368014 3621
0.369983 3453
0.373988 3596
0.375938 3646
0.38297 3512
0.389956 3687
0.390028 3700
0.394777 3587
0.399596 3486
0.400852 3454
0.403476 3460
0.406708 3686
0.407639 3648
0.414465 3538
0.420792 3551
0.434328 3545
0.440769 3606
0.441197 3534
0.45126 3479
0.460941 3611
0.46476 3530
0.468049 3489
0.469028 3678
0.476651 3604
0.478497 3673
0.484292 3685
0.485712 3498
0.489281 3585
0.489563 3680
0.492365 3552
0.49742 3696
0.502842 3608
0.503426 3524
0.503958 3528
0.508938 3469
0.51257 3491
0.514791 3636
0.51828 3684
0.531323 3450
0.535522 3461
0.536933 3652
0.543359 3588
0.545916 3578
0.546729 3598
0.551147 3602
0.551312 3654
0.552288 3693
0.552731 3633
0.55507 3610
0.561568 3593
0.563264 3526
0.570051 3632
0.570383 3701
0.576079 3463
0.579737 3703
0.580333 3517
0.581289 3647
0.583024 3620
0.585021 3579
0.596497 3629
0.596757 3638
0.597478 3657
0.602028 3658
0.603174 3483
0.603252 3698
0.604527 3502
0.610105 3457
0.611565 3663
0.612542 3679
0.613475 3550
0.614974 3533
0.615114 3662
0.616702 3699
0.621221 3642
0.626081 3561
0.630104 3513
0.632721 3504
0.634347 3462
0.63493 3576
0.651431 3539
0.652851 3477
0.654557 3670
0.660659 3496
0.66215 3488
0.663853 3581
0.665148 3570
0.668156 3544
0.668688 3694
0.673676 3537
0.67508 3509
0.675385 3607
0.679259 3565
0.683919 3582
0.694468 3573
0.695148 3559
0.6956 3499
0.699656 3519
0.700308 3476
0.707002 3532
0.710475 3584
0.718854 3595
0.733812 3500
0.740144 3560
0.743601 3630
0.746376 3503
0.747748 3481
0.757562 3467
0.759113 3656
0.75927 3470
0.759277 3583
0.760378 3622
0.772592 3600
0.774683 3557
0.783797 3518
0.7904 3473
0.794486 3452
0.806993 3661
0.814416 3612
0.814701 3451
0.816629 3543
0.817681 3688
0.821364 3653
0.826298 3689
0.830399 3577
0.843642 3575
0.858769 3618
0.85941 3660
0.864277 3459
0.864396 3594
0.864751 3497
0.865521 3490
0.875404 3531
0.891919 3586
0.89227 3484
0.894089 3667
0.894411 3614
0.895343 3634
0.897078 3616
0.898102 3590
0.909877 3520
0.919249 3546
0.923893 0.924175
0.923893 199
0.924885 2972
0.925254 2799
0.925752 2297
0.925844 1288
0.926101 1706
0.926427 1884
0.926486 854
0.926587 2038
0.926605 982
0.927059 1797
0.927125 3237
0.927556 2020
0.927679 2591
0.92781 290
2