1 2
410
0.365188 14159
0.365188 32570
0.365197 94259
0.365215 72128
0.365221 32886
0.365222 76054
0.36524 85490
0.365247 88019
0.365255 33469
0.365267 46873
0.365267 6440
0.365273 42251
0.365274 33156
0.365275 84983
0.365283 16205
0.36529 54883
0.365299 7201
0.365302 53440
0.365303 71088
0.365318 4906
0.365323 52121
0.365323 71045
0.365351 46847
0.365386 90646
0.365394 65480
0.365413 34092
0.36545 86395
0.365473 61331
0.365476 72424
0.365521 85541
0.365529 88760
0.365535 41255
0.365539 32656
0.365546 45408
0.365547 45533
0.365547 54745
0.365547 7081
0.365555 87728
0.365558 76220
0.365566 18340
0.365584 11086
0.365592 29261
0.365604 34970
0.365606 63733
0.365621 86819
0.365625 15701
0.365637 22632
0.365638 42283
0.365644 8473
0.365645 22459
0.365654 13998
0.365672 98570
0.365676 19382
0.36568 28664
0.36569 39058
0.365698 53963
0.365703 582
0.365706 24096
0.365727 93739
0.365738 89812
0.36574 99511
0.365755 60625
0.365766 63619
0.365772 2967
0.365776 47901
0.365781 26902
0.365786 31938
0.365786 75003
0.365788 31295
0.365793 91758
0.365804 66452
0.365804 8776
0.365812 20718
0.365812 86253
0.365841 15627
0.365862 33572
0.365866 66475
0.365872 90373
0.365882 78736
0.365885 26614
0.365889 82740
0.36589 16983
0.365892 96265
0.365904 12553
0.365918 84124
0.365944 77089
0.366035 11761
0.366041 21438
0.366041 36525
0.366052 21517
0.366071 68886
0.366072 96901
0.366073 2035
0.366075 57817
0.366103 34490
0.366114 77253
0.366135 43158
0.366152 84102
0.366193 22527
0.366197 44000
0.366205 21859
0.366214 26587
0.366234 73740
0.366235 27279
0.366262 20221
0.366306 92985
0.366312 47307
0.36632 75652
0.366328 5697
0.366328 59927
0.366351 62960
0.366371 69176
0.366379 18743
0.366388 41281
0.366389 91674
0.366401 18288
0.366412 60641
0.366413 87429
0.366431 73786
0.366434 5540
0.366441 77635
0.366453 74031
0.366466 20828
0.366471 42568
0.3665 43786
0.366512 63898
0.366516 4411
0.366517 65012
0.366535 56590
0.366536 61280
0.366544 71973
0.36656 31196
0.366576 27169
0.366587 65135
0.366593 50348
0.366611 67106
0.366617 50814
0.366618 15134
0.366624 47425
0.366634 50261
0.366651 69003
0.366656 89365
0.366659 20852
0.366666 48696
0.366675 9320
0.366681 77192
0.366707 11999
0.366708 39434
0.366718 28734
0.366726 30015
0.366732 64184
0.366741 84685
0.366749 16558
0.366767 5486
0.366775 14234
0.366781 37366
0.366806 52609
0.366837 89312
0.366848 25603
0.366848 67294
0.366851 33961
0.366861 5635
0.366881 51231
0.366899 19857
0.366905 47513
0.366934 40877
0.366937 85559
0.366949 60301
0.366951 85949
0.366952 62828
0.366958 62214
0.366964 59404
0.366971 99346
0.366988 66147
0.367004 37745
0.367011 81557
0.367015 2446
0.367016 96883
0.367021 10722
0.367033 63022
0.367036 14864
0.367043 16158
0.367057 29236
0.367068 912
0.367083 45518
0.367088 16503
0.367094 38032
0.367138 68378
0.367149 43461
0.367149 79404
0.367153 26772
0.367153 73356
0.367156 42172
0.367157 65995
0.367164 2447
0.367171 98620
0.367174 55718
0.367186 85316
0.367195 45882
0.367214 19441
0.367219 12049
0.367253 91548
0.367287 51548
0.367303 88816
0.367316 5061
0.367354 88948
0.367357 16880
0.367367 91275
0.367381 11422
0.367386 45325
0.367401 75962
0.367412 48603
0.367416 69542
0.367417 92819
0.367421 33876
0.367421 51032
0.367421 75362
0.367456 37458
0.367462 65653
0.367465 11124
0.367493 76353
0.367497 34402
0.367503 96446
0.367512 5261
0.367536 24597
0.367571 56383
0.367585 41414
0.36761 13131
0.367614 51681
0.367616 49467
0.367643 46179
0.367644 13987
0.367663 87229
0.367674 24891
0.367676 23880
0.367679 39341
0.367687 46229
0.367695 8103
0.367709 41020
0.367709 87673
0.367721 22365
0.367741 8928
0.367747 4298
0.367751 87886
0.367764 91176
0.367769 62906
0.367777 31914
0.367785 43225
0.367798 88040
0.367831 58971
0.36784 82190
0.367841 43853
0.367841 7963
0.367853 27654
0.367868 8649
0.36788 92813
0.367896 99876
0.367901 1356
0.367905 65234
0.367918 91662
0.367921 54404
0.367933 31185
0.367934 26415
0.367951 21542
0.367969 50816
0.36797 86307
0.367975 71015
0.367977 12966
0.367991 23159
0.368014 3621
0.36802 56137
0.368032 68959
0.368033 36151
0.368037 46825
0.368056 79449
0.368066 36412
0.368107 62353
0.368128 9862
0.368134 98259
0.368146 35593
0.368147 40944
0.368178 57079
0.368181 88748
0.368188 56517
0.368191 74471
0.368193 8336
0.368196 26476
0.368197 10818
0.368207 11653
0.368227 33058
0.368234 61131
0.368241 69189
0.368243 58059
0.368277 65805
0.368278 80553
0.368294 33525
0.368319 57899
0.368321 92580
0.368332 50828
0.368347 69321
0.368356 30455
0.368359 38513
0.368363 54967
0.368371 84954
0.368378 23193
0.368399 65667
0.36842 53512
0.36844 95175
0.368456 90850
0.368469 97497
0.36849 91562
0.368492 9902
0.368497 79748
0.368502 21868
0.368517 45789
0.368517 82936
0.368535 41303
0.368538 77049
0.36854 14105
0.368543 89433
0.36856 94093
0.368561 9328
0.368565 82486
0.368577 93036
0.368581 59582
0.368582 8195
0.368598 59390
0.368602 15958
0.368624 70100
0.36863 95531
0.368639 55504
0.368647 905
0.368653 36097
0.368657 70968
0.368709 74966
0.36871 92837
0.368713 40735
0.368723 89461
0.368727 17774
0.368765 46768
0.368767 86692
0.368775 21287
0.368777 92573
0.36878 24381
0.36879 9284
0.368791 69285
0.368802 28584
0.368822 60599
0.368824 40887
0.368853 87387
0.36886 92577
0.36891 48080
0.368913 96151
0.368918 64911
0.368924 13197
0.368925 28359
0.368926 60685
0.368939 13629
0.36894 95871
0.368959 32444
0.368965 48037
0.368977 12496
0.368979 37743
0.368979 95108
0.368992 75504
0.369002 29638
0.369019 55173
0.369024 3023
0.369028 31049
0.369059 45877
0.369072 42620
0.369082 44043
0.369087 74845
0.369091 25021
0.369094 18935
0.369116 17346
0.36912 51912
0.369124 12322
0.36913 48392
0.369133 12960
0.369137 46551
0.369148 38901
0.36915 76328
0.369153 36135
0.369187 4835
0.369188 91264
0.369197 92929
0.369202 68163
0.369205 47109
0.369206 38042
0.36921 57837
0.369213 2433
0.369228 44139
0.36923 50670
0.36923 86018
0.369231 34981
0.369232 22856
0.369233 85544
0.369239 79784
0.369253 75174
0.369259 46561
0.369267 94939
0.369271 76512
0.369276 35966
0.369308 60972
0.36931 14829
0.369315 96105
0.369333 73881
0.369337 9932
0.369348 11201
34 74