1 2
429
0.100579 352
0.100584 78869
0.100588 92692
0.100592 29880
0.100629 86721
0.100644 51667
0.100653 39246
0.100659 96244
0.100663 82411
0.100672 12993
0.100673 5309
0.100683 35133
0.100705 95025
0.100716 77780
0.100726 66216
0.100728 22749
0.100729 17784
0.10073 96070
0.100758 55834
0.100772 43439
0.100776 25022
0.100801 5737
0.100802 75771
0.100807 4656
0.10081 20650
0.100831 93422
0.10084 93636
0.100856 27553
0.100856 66817
0.100876 51828
0.100896 90485
0.100909 27444
0.100918 83534
0.100925 14192
0.100939 65442
0.100941 10621
0.100944 48333
0.10095 56646
0.100958 63976
0.10097 75242
0.100977 1819
0.100982 94701
0.100999 37576
0.100999 39344
0.101014 49146
0.101021 4403
0.101021 88015
0.101024 95034
0.101034 15489
0.10105 60387
0.101051 32759
0.101053 96318
0.101054 207
0.101062 65235
0.101084 25064
0.101087 21870
0.101088 68343
0.101108 18253
0.10111 40320
0.10111 4976
0.101119 35739
0.101138 6805
0.101141 33353
0.101142 16148
0.101157 49197
0.101165 85560
0.101168 77808
0.101213 81357
0.101233 77785
0.101258 87183
0.101266 2552
0.101268 51958
0.101272 73721
0.101274 35651
0.10128 44650
0.101296 45313
0.101298 43440
0.101313 46424
0.101314 73768
0.101324 85639
0.101358 2004
0.101366 97424
0.101375 17890
0.101387 72142
0.1014 96436
0.101435 44434
0.10145 49429
0.101465 98992
0.101467 56167
0.101476 47647
0.101477 76245
0.101483 80071
0.101484 49855
0.101509 30441
0.101509 78952
0.101523 63618
0.101543 59350
0.101548 5458
0.101602 69039
0.101604 46902
0.101614 67694
0.101633 51336
0.101637 19831
0.101638 75422
0.101643 38668
0.101645 65916
0.101649 95311
0.101669 85708
0.101693 44764
0.101723 8346
0.101767 27787
0.101774 100257
0.101792 32971
0.1018 12024
0.101803 87426
0.101809 77669
0.101813 86308
0.101816 49345
0.101823 94343
0.101852 36735
0.101868 51387
0.101869 56615
0.101872 40032
0.101874 2510
0.101875 20161
0.101879 74413
0.101889 36857
0.101897 87575
0.101904 13588
0.101917 52153
0.101918 48938
0.101924 66810
0.101929 55607
0.101937 39299
0.101949 15726
0.101961 97593
0.102007 10229
0.10201 43846
0.102033 66869
0.102056 61204
0.102062 57018
0.102067 49364
0.102071 14214
0.102071 83852
0.102078 56920
0.102078 75179
0.102084 5
0.102103 23511
0.102123 68762
0.102124 51385
0.102135 1987
0.102141 55375
0.102146 22553
0.10215 68496
0.10216 56402
0.102187 82666
0.102187 96044
0.102193 30986
0.102213 78341
0.102227 96834
0.102229 39125
0.102231 71913
0.102248 81641
0.102256 54273
0.102275 82208
0.102284 97626
0.102297 34882
0.1023 22496
0.102305 84140
0.102312 45826
0.102313 71826
0.102322 50190
0.102324 40011
0.102326 39884
0.102364 31280
0.102401 95766
0.102406 96769
0.102437 35054
0.102474 35793
0.102516 100736
0.102525 57249
0.102541 54270
0.102561 46557
0.102564 53966
0.102568 60475
0.102572 1561
0.102581 44307
0.102603 15699
0.102625 77168
0.102644 95898
0.102693 47459
0.102694 13098
0.102694 84869
0.102699 60225
0.102703 76920
0.102704 69827
0.102706 98012
0.102713 6515
0.102714 69319
0.102722 93156
0.102729 78683
0.102736 82906
0.10274 84394
0.102742 81015
0.102744 68835
0.102779 40350
0.102786 58113
0.102792 68660
0.102796 53545
0.102799 29266
0.102809 81579
0.102811 12213
0.102811 65322
0.102816 2629
0.102842 22901
0.102851 23739
0.102852 24937
0.102867 85536
0.102883 93033
0.10289 72817
0.102902 70632
0.102925 23503
0.102931 58733
0.102941 50442
0.102952 86366
0.102953 65268
0.102964 46362
0.102965 60485
0.102976 45348
0.102976 46889
0.103019 82244
0.103023 77700
0.103049 79222
0.103078 40326
0.10308 34555
0.103083 11701
0.103101 1997
0.103108 99144
0.103113 2010
0.103126 73034
0.103137 26527
0.103154 9791
0.103184 62910
0.103218 61650
0.103227 85023
0.103244 67046
0.103252 41024
0.10326 10082
0.103266 13515
0.103288 12089
0.103289 30361
0.10329 2419
0.103305 75613
0.103308 53283
0.10331 26594
0.103321 82801
0.103325 22418
0.103332 89177
0.103337 5054
0.103342 96014
0.103354 44545
0.103359 67350
0.103379 65982
0.10339 51297
0.103441 65743
0.103444 53061
0.103448 77256
0.103475 58874
0.103482 43206
0.10349 65679
0.103491 71054
0.103499 91050
0.103525 69787
0.103536 48179
0.103554 87043
0.103587 12142
0.103603 21427
0.103617 32414
0.103619 28146
0.103631 90551
0.10365 82148
0.103661 7762
0.103672 6709
0.103675 63053
0.103675 80073
0.103678 21112
0.10368 65966
0.103681 29891
0.103704 46036
0.10371 14481
0.103713 26090
0.103714 61949
0.103715 51964
0.103718 58710
0.103719 51187
0.103723 51795
0.103732 47036
0.10374 50171
0.103759 57464
0.103763 33577
0.10377 57231
0.103781 28501
0.103784 18146
0.103784 32245
0.103806 90400
0.103816 43349
0.103817 59381
0.103821 97891
0.103833 73004
0.103835 91382
0.103845 66195
0.103846 52012
0.103848 72514
0.103851 37941
0.103859 33836
0.103863 71238
0.103865 28387
0.103881 68771
0.103886 55080
0.103899 774
0.103914 30955
0.10392 92103
0.103926 74179
0.103939 74372
0.103945 68358
0.103949 94720
0.103956 15909
0.103964 19196
0.103972 36945
0.103981 42940
0.10401 16889
0.104018 57199
0.104044 17573
0.104044 96695
0.104057 77662
0.104065 50406
0.104067 26137
0.104068 42880
0.104086 87299
0.104097 80676
0.104105 38137
0.104134 56343
0.104144 68589
0.104147 15161
0.104175 80042
0.104179 5478
0.104188 46248
0.104202 78261
0.104228 83990
0.104241 74492
0.104276 51183
0.104281 93780
0.104285 49711
0.104291 57057
0.104295 94700
0.104301 58955
0.104322 85692
0.104327 71201
0.104338 35430
0.104355 40236
0.10436 30796
0.10437 42300
0.104373 9306
0.104374 14834
0.104379 10809
0.10438 25164
0.104384 61972
0.104396 33463
0.1044 26602
0.10441 61160
0.104429 21169
0.104446 26098
0.104447 20545
0.104451 21092
0.104451 54914
0.104453 99234
0.104475 37615
0.104488 17442
0.104491 93292
0.104493 69144
0.104493 78444
0.104498 18077
0.104529 13091
0.104531 89915
0.104557 82798
0.104569 26289
0.104586 37178
0.104586 90395
0.104588 39969
0.104599 61812
0.104617 31276
0.10462 86704
0.104633 54426
0.104638 81329
0.104638 89856
0.104648 58263
0.104659 53364
0.104679 57727
0.104683 23247
0.104686 50355
0.104716 87008
0.104729 21192
0.104734 23007
0.104743 95442
0.104746 64414
0.104778 82992
0.104789 54761
0.104792 4918
0.104794 87622
0.104796 59018
0.104801 69911
0.104804 77316
0.104808 53319
0.104818 25020
0.104832 43561
0.104834 74020
0.104856 4495
0.104866 74464
0.104869 29278
0.104881 27982
0.104915 16779
0.104946 88656
0.104962 39363
0.104995 47511
0.105014 56816
0.105044 49943
0.105047 29009
0.10505 89065
0.105066 30238
53 99