1 2
430
0.695137 1298
0.695146 79088
0.695147 10477
0.695148 3559
0.695149 74186
0.695161 62996
0.695166 30036
0.695168 61321
0.695186 39635
0.695194 11666
0.695198 12746
0.695198 74027
0.695219 97547
0.69523 39354
0.695239 58107
0.695259 24082
0.695259 47287
0.695273 80853
0.695285 53923
0.695287 54657
0.695295 56047
0.695302 76203
0.695303 16574
0.695327 55167
0.695335 81451
0.695339 2210
0.695358 61489
0.695362 67554
0.695365 50497
0.695372 10757
0.695379 11149
0.695384 88208
0.695396 24630
0.695402 61250
0.695406 86140
0.69541 39717
0.695426 66225
0.695429 32503
0.695434 72145
0.695435 45499
0.69544 54566
0.695442 90566
0.695447 97790
0.69545 12528
0.695473 49549
0.695474 9175
0.695487 48350
0.69549 82005
0.695491 37736
0.695491 48507
0.695497 49090
0.695501 48703
0.695505 81663
0.695525 34359
0.69553 15978
0.695538 30154
0.695548 11281
0.695556 70223
0.695564 39352
0.69557 36344
0.695575 4889
0.695585 18027
0.695597 99970
0.6956 3499
0.695607 17080
0.695611 53845
0.695611 93630
0.695639 3108
0.69565 52103
0.695662 6273
0.695664 22101
0.69568 28337
0.695689 82328
0.695692 23363
0.695714 13561
0.695716 20087
0.695717 6832
0.695722 20574
0.695722 26079
0.695722 41039
0.695736 100968
0.695745 1471
0.695756 46553
0.695814 1015
0.695815 55361
0.695829 71141
0.69586 7612
0.695893 28889
0.695908 9732
0.695918 29323
0.695936 14811
0.695937 65134
0.695939 60922
0.695942 83427
0.695948 46463
0.69595 13959
0.695954 6341
0.695966 9382
0.695988 15587
0.695997 27209
0.696012 19780
0.696019 40273
0.69602 10480
0.696029 75014
0.696033 82448
0.69604 77895
0.696044 27029
0.696052 50869
0.696055 30027
0.696061 31639
0.696085 77201
0.696086 42748
0.696088 33240
0.696101 22416
0.696115 18001
0.696122 91288
0.69613 92933
0.696144 62722
0.696158 70126
0.696166 98003
0.6962 62988
0.696205 80580
0.696215 68574
0.696217 21014
0.696231 50966
0.696233 22821
0.696241 4102
0.69626 42390
0.69628 66669
0.696292 86907
0.696301 36134
0.696314 41594
0.696314 85057
0.696316 46833
0.696326 17315
0.696326 71794
0.696333 28557
0.69634 70804
0.696356 66267
0.696357 5534
0.696362 59172
0.696412 66828
0.696421 73602
0.696425 61687
0.696453 78950
0.696467 8809
0.696491 34049
0.696503 12493
0.696519 90708
0.696531 20775
0.696532 91038
0.696549 52481
0.696549 8444
0.696558 42184
0.696572 84676
0.696591 56515
0.696591 92163
0.696599 83902
0.696618 50571
0.696646 17252
0.696663 34435
0.696681 95284
0.696727 75575
0.696732 52810
0.696747 1391
0.696765 13266
0.696775 31312
0.6968 91247
0.696809 58443
0.696812 72110
0.696813 9448
0.696815 25969
0.696824 74242
0.696828 87200
0.696831 72354
0.696837 79658
0.696854 13925
0.696864 30956
0.696871 18376
0.696879 12648
0.696879 34234
0.696879 55082
0.696886 74522
0.696891 27005
0.696891 42007
0.696914 32203
0.696924 90350
0.696929 68005
0.69695 90792
0.696961 94212
0.69698 15924
0.696984 57191
0.696999 20326
0.697013 18543
0.697025 11475
0.697038 32307
0.697045 35826
0.697049 40670
0.69707 42671
0.697075 97979
0.697081 44475
0.697084 12293
0.697086 83666
0.697092 48620
0.697106 53618
0.697109 56888
0.697114 19654
0.697116 6329
0.697132 42458
0.697146 82999
0.697157 86949
0.697183 85534
0.697198 53445
0.697203 24256
0.697211 93401
0.697243 41578
0.697246 56773
0.697251 62852
0.697256 6222
0.697259 62542
0.69727 50088
0.697271 46147
0.697286 509
0.697289 45198
0.697291 5302
0.697294 25057
0.697319 31089
0.69732 11765
0.697329 20790
0.69733 91031
0.697332 52201
0.697335 21346
0.697355 42221
0.697361 29137
0.697366 65965
0.697371 59746
0.697389 40191
0.697396 81972
0.69741 71512
0.697415 11976
0.697447 38761
0.697447 72940
0.697462 100167
0.697464 45736
0.697466 33985
0.697475 18736
0.697491 90302
0.697507 93123
0.69751 56014
0.697541 57088
0.697547 69167
0.697548 1904
0.697562 46444
0.697567 93249
0.697583 55467
0.697584 48584
0.697586 90375
0.697591 97857
0.697595 59463
0.697598 86033
0.697618 52200
0.69762 42466
0.697626 99890
0.697638 30281
0.697642 86184
0.697657 26196
0.697687 70845
0.697692 80861
0.697695 89570
0.697739 81652
0.697744 36786
0.697751 9272
0.697752 30822
0.697757 48191
0.697769 70211
0.697782 92868
0.697798 86701
0.697804 100267
0.697812 32977
0.697817 66637
0.697817 94139
0.697821 46096
0.697847 69354
0.697862 17720
0.697866 74217
0.697874 51023
0.697879 32219
0.697886 91569
0.69793 87472
0.697944 86115
0.697946 10334
0.697947 42997
0.697947 56209
0.69795 92853
0.697961 92641
0.697966 98648
0.697978 37073
0.698001 35061
0.698012 88116
0.698022 45396
0.698036 9837
0.698039 11251
0.69804 476
0.698048 1829
0.698055 81195
0.698067 24216
0.698076 42800
0.69809 74429
0.698096 34426
0.698122 54563
0.698127 18778
0.69813 93553
0.698135 33145
0.698135 74632
0.698148 5670
0.698154 76498
0.698157 9753
0.69816 62341
0.698163 468
0.698178 5472
0.698179 24542
0.698187 60265
0.698187 95577
0.69819 90780
0.698191 7213
0.698197 26672
0.698209 74611
0.69821 97904
0.698227 40810
0.698247 74810
0.698269 83510
0.698283 85777
0.698288 58854
0.698291 27660
0.698299 65059
0.698301 5875
0.698307 47482
0.698309 89941
0.698311 79275
0.698311 84927
0.698314 91920
0.69832 75420
0.698321 80981
0.698324 75430
0.698347 85619
0.698363 15309
0.69837 9367
0.698392 68532
0.698408 89260
0.69841 71695
0.698414 90315
0.698424 35781
0.698429 8226
0.698434 29177
0.69844 70160
0.698441 96511
0.698444 27183
0.69846 52798
0.698461 68615
0.698465 80219
0.698467 87174
0.698473 26604
0.698478 44720
0.698486 57733
0.698523 81831
0.698533 70072
0.698535 76618
0.698541 58361
0.698546 13762
0.698552 26258
0.698565 69179
0.698576 26204
0.698585 69432
0.698604 63931
0.698617 43910
0.698617 80149
0.698632 67927
0.69865 12082
0.698663 99033
0.698687 78640
0.698692 9412
0.6987 28838
0.698707 10993
0.698714 281
0.698732 91511
0.698747 36573
0.698751 68283
0.698783 99553
0.698787 54709
0.6988 41629
0.698803 83711
0.698814 2449
0.698815 63968
0.698841 30946
0.698844 33080
0.698863 47227
0.698868 85367
0.698872 83623
0.698873 33114
0.698898 58577
0.698906 82953
0.69891 91233
0.69892 23443
0.698933 99121
0.698935 59187
0.698939 21274
0.698945 1118
0.698949 2566
0.698966 4671
0.698966 68325
0.698971 58086
0.698974 45385
0.698979 63996
0.698979 82029
0.698981 91344
0.699003 56214
0.699023 67647
0.699042 67179
0.699046 90978
0.69905 95061
0.699073 85832
0.699075 81213
0.699091 18769
0.69911 81958
0.699161 80751
0.699166 34045
0.699176 20818
0.699183 98644
0.699186 97419
0.699188 4118
83 15