1 2
418
0.733672 6756
0.733681 95897
0.733686 35191
0.733695 86228
0.73371 51835
0.733713 73507
0.733729 73081
0.733741 24315
0.733758 53231
0.733786 88731
0.733794 78728
0.733802 28411
0.733803 46801
0.733812 3500
0.733818 49652
0.733829 7772
0.733861 50329
0.733861 66738
0.733862 37471
0.733875 9046
0.733886 44709
0.733895 17913
0.733898 49925
0.7339 58471
0.733902 33120
0.733918 73544
0.733922 51265
0.733929 70433
0.733969 54626
0.73397 66646
0.733985 80330
0.733985 88417
0.734003 59265
0.734013 38221
0.734016 63579
0.734016 83814
0.734017 69070
0.734023 38167
0.734024 18676
0.734062 89668
0.73411 88750
0.734131 97472
0.73414 72080
0.734154 20807
0.734168 3030
0.734186 14127
0.734192 19356
0.734197 28778
0.734199 69132
0.734208 80611
0.734211 82556
0.734237 36463
0.734285 51350
0.734294 68281
0.734299 53266
0.73431 21028
0.734313 87526
0.734315 62620
0.734324 40781
0.734326 34574
0.734329 58820
0.73434 27360
0.734342 7060
0.73435 55595
0.734352 92217
0.73436 62447
0.734364 82678
0.734372 32093
0.734383 92351
0.734402 7311
0.734426 29742
0.734427 84682
0.73443 53914
0.734457 12639
0.73446 81931
0.734464 37319
0.734464 72027
0.734489 40654
0.7345 9045
0.734507 49433
0.734527 24729
0.734533 88106
0.734534 38483
0.734534 83290
0.734535 55891
0.734537 55921
0.734546 27365
0.734549 16034
0.734555 55195
0.734581 62155
0.734593 100174
0.734604 15803
0.734615 71285
0.734619 97965
0.734638 5330
0.734648 66101
0.734658 50896
0.734667 39478
0.734669 19461
0.734674 20388
0.734677 6602
0.734688 37323
0.734696 21485
0.734711 32276
0.734715 21090
0.734722 35184
0.734723 75439
0.734727 58662
0.734739 40169
0.734749 42531
0.734773 16194
0.734776 27723
0.734783 15895
0.734783 23465
0.734805 82739
0.734808 57649
0.734816 6023
0.734824 19159
0.734838 40391
0.734846 96449
0.734859 15106
0.734893 44942
0.734907 51786
0.734916 20947
0.734923 92509
0.734932 94301
0.734952 69512
0.734963 40811
0.73497 90521
0.734974 77916
0.73498 80961
0.734999 10834
0.735001 83122
0.735007 57746
0.735008 19410
0.735019 8813
0.735033 86977
0.735037 30495
0.735048 55267
0.735058 49877
0.73508 34736
0.735081 77586
0.735098 55254
0.735107 94559
0.73513 3276
0.735133 96109
0.735134 42943
0.735142 36680
0.735155 12314
0.735186 48235
0.735187 38826
0.735204 5337
0.735205 5834
0.735208 22666
0.735223 4542
0.735226 55828
0.735236 54630
0.735266 22155
0.735275 69052
0.735277 12206
0.735277 39318
0.735291 33899
0.735299 81039
0.735308 35140
0.735317 95685
0.735326 3174
0.73534 39789
0.735349 50689
0.735359 80601
0.73536 74389
0.735364 77793
0.735369 28497
0.735374 79374
0.735376 7747
0.735407 57919
0.735412 63554
0.735413 43506
0.735415 52336
0.735415 87435
0.735427 98888
0.735446 18140
0.735446 82370
0.735467 31430
0.735473 16951
0.735482 43129
0.735505 59283
0.735507 56051
0.73552 13698
0.735534 35421
0.735535 87415
0.735537 40651
0.735542 39447
0.735554 49872
0.735564 71286
0.735574 16197
0.735593 26193
0.735599 38617
0.735609 17680
0.735633 12184
0.735655 15522
0.735684 40795
0.735715 70353
0.735715 87048
0.735738 72542
0.735746 71800
0.735747 26737
0.735749 29060
0.735751 50696
0.735757 9097
0.735763 23365
0.735771 27537
0.735787 71025
0.735796 21720
0.735799 61865
0.73581 67636
0.735826 78634
0.73583 83143
0.735834 93205
0.735866 16195
0.73587 79074
0.735894 96136
0.735903 99788
0.735967 86215
0.735967 88781
0.73598 66667
0.735981 81808
0.736008 48678
0.736008 99286
0.736018 92785
0.736019 1319
0.736026 36176
0.736035 61393
0.736051 39374
0.736094 31642
0.736111 8345
0.736116 10231
0.736116 45224
0.736123 84868
0.736125 17386
0.736128 24209
0.736172 17539
0.736177 73003
0.73618 58193
0.736185 84322
0.736205 74534
0.736212 96331
0.736226 63978
0.736228 2116
0.736228 60403
0.736237 100304
0.736253 3312
0.736254 99483
0.73626 86740
0.736268 18496
0.736272 63500
0.736276 66872
0.736292 98015
0.736298 34403
0.736308 91399
0.736337 43837
0.73634 25424
0.736345 49554
0.736347 77090
0.736392 57681
0.736394 46925
0.7364 4169
0.736403 55988
0.736407 39930
0.736413 98595
0.736428 75043
0.736448 9472
0.736455 10064
0.736475 66583
0.73649 29968
0.736491 91416
0.736494 92457
0.736504 26795
0.73651 40161
0.736516 397
0.73654 60061
0.736552 71454
0.736595 12268
0.736607 7132
0.736624 63404
0.736637 80093
0.73664 25106
0.736642 43415
0.736644 85031
0.736645 12672
0.73666 49620
0.73666 50367
0.736689 29145
0.7367 24915
0.7367 31282
0.736703 89680
0.736705 49166
0.736715 32009
0.736765 5633
0.736798 28548
0.736801 8734
0.736808 85014
0.736818 76230
0.736821 8052
0.736829 89690
0.736836 50976
0.736839 77395
0.736844 63209
0.736845 1690
0.736855 42786
0.736858 69043
0.736933 34367
0.73694 73651
0.736948 43980
0.736959 4887
0.736964 77371
0.73697 17125
0.736972 25642
0.736979 25114
0.736979 32698
0.737012 90989
0.737032 49814
0.737034 100520
0.737035 16617
0.737047 60885
0.737057 43557
0.73706 61910
0.73706 98266
0.737061 32531
0.737083 75605
0.737092 34473
0.73711 38732
0.737133 94985
0.737134 46282
0.737171 27520
0.737182 30907
0.737193 7763
0.737205 80805
0.737233 39924
0.737237 68327
0.737238 78036
0.737269 89696
0.737287 4369
0.737298 26477
0.737301 48527
0.737314 18311
0.737322 11554
0.73733 77685
0.737334 31146
0.737375 34252
0.737377 77432
0.73739 78927
0.737391 86663
0.737403 97726
0.737405 47134
0.737406 71754
0.737408 5522
0.73741 85713
0.737412 58129
0.73744 99282
0.737469 84138
0.737472 33776
0.737475 4176
0.737479 33576
0.737482 64401
0.737483 39230
0.737511 32724
0.737533 49404
0.737536 18675
0.737539 18825
0.737551 77373
0.737552 59106
0.737553 83590
0.73756 69524
0.737572 91654
0.737585 24993
0.737597 56378
0.737605 25257
0.73761 20125
0.737612 16462
0.737624 61557
0.737627 67921
0.737628 75457
0.737629 57481
0.737629 80074
0.737634 78519
0.737654 50095
0.737665 66332
0.737683 33882
0.737689 34596
0.73769 83418
0.737718 2615
0.73773 49373
0.737737 99645
0.737748 52588
0.737758 65331
0.737786 92315
0.737793 11817
0.737794 64099
0.737796 90874
0.737804 6400
0.737806 90810
0.737807 69108
0.737816 4113
0.73784 77172
0.737862 52057
0.737862 80386
0.737886 11763
0.737907 33622
0.737929 47136
0.737947 45737
0.737956 1844
0.737958 23403
0.73797 100851
0.737979 94288
0.737981 72258
0.737994 90310
0.737998 83090
0.738003 51854
55 106