1 2
410
0.356945 2715
0.356947 32059
0.356948 21470
0.356951 10751
0.356952 94590
0.356962 23256
0.356962 93559
0.356965 7955
0.356967 40963
0.356985 22668
0.356985 51152
0.356993 50101
0.356998 26979
0.357019 18233
0.357024 28961
0.357025 88529
0.357047 21196
0.357047 87753
0.357076 96570
0.357084 35211
0.357087 98647
0.357088 36588
0.357101 2611
0.357128 48279
0.357139 40247
0.35714 83821
0.357145 36794
0.357158 57451
0.357168 31693
0.35717 70881
0.357173 32988
0.357173 55335
0.357179 14328
0.357184 64974
0.357201 46433
0.357272 99507
0.357284 9309
0.357286 65613
0.357299 2198
0.357317 29289
0.357326 29383
0.357333 90800
0.357343 24907
0.357358 54474
0.357385 154
0.357392 100510
0.357392 101510
0.357402 10419
0.357406 24952
0.357429 75624
0.357459 2016
0.357462 96497
0.357468 56090
0.357499 18623
0.357505 99200
0.357525 38575
0.357533 42037
0.357537 93620
0.357543 16407
0.357557 92463
0.357578 70586
0.357578 78603
0.357588 87015
0.357594 57087
0.357595 41001
0.357596 21643
0.357606 23209
0.357629 62872
0.35763 51481
0.357631 48314
0.357636 83749
0.357646 34769
0.357654 38254
0.35766 52731
0.357675 77085
0.357682 100885
0.357682 101885
0.357685 50008
0.357702 22519
0.357709 96024
0.357712 83562
0.357714 40733
0.35772 89256
0.357722 66498
0.357755 19475
0.357755 66266
0.357771 12090
0.35778 67287
0.35778 67312
0.357791 25368
0.357816 71056
0.357822 81108
0.357825 39251
0.35784 41729
0.357843 32606
0.357851 15674
0.357856 15367
0.357857 6561
0.357868 97507
0.357874 35080
0.357921 22328
0.357921 80691
0.357923 67313
0.357926 97086
0.357933 13874
0.357952 7770
0.357955 73014
0.357966 88265
0.357968 6531
0.357992 46456
0.357992 82628
0.357999 61931
0.358006 79805
0.358038 29104
0.358052 73904
0.358078 97768
0.358085 94403
0.358104 33390
0.35811 21803
0.358111 76431
0.358131 61634
0.358133 8315
0.358152 32174
0.358158 48770
0.358161 89425
0.358164 93473
0.358183 77450
0.358204 81153
0.358205 26378
0.358223 42697
0.358228 77119
0.358235 83046
0.358254 23597
0.358259 57426
0.358278 39691
0.358282 94562
0.358287 68524
0.358296 76346
0.358303 98699
0.358305 91874
0.358306 35505
0.358309 73779
0.358319 99221
0.358344 77259
0.358358 44403
0.358373 99916
0.358378 48202
0.358384 87872
0.358389 59450
0.358414 45757
0.358415 17376
0.35842 46928
0.358422 57964
0.358442 58342
0.358448 42804
0.358462 26699
0.358469 67235
0.358472 4480
0.358473 11155
0.358482 12372
0.358496 14399
0.358498 92147
0.358502 63338
0.358503 33501
0.358504 51701
0.358523 4817
0.358539 72069
0.358549 96239
0.358564 54606
0.358578 47100
0.358587 58838
0.358587 95660
0.358591 53400
0.358597 21155
0.358613 64598
0.358617 59359
0.358638 89178
0.358651 47041
0.358675 15408
0.358675 80448
0.358676 60549
0.358696 26627
0.358718 74623
0.358735 23602
0.358737 27859
0.35875 51304
0.358763 35131
0.358797 33150
0.358809 70018
0.358811 25719
0.358822 31071
0.358826 35441
0.358836 53496
0.358842 58861
0.358855 94723
0.35886 15012
0.358871 5481
0.358881 100193
0.358881 101193
0.358884 24733
0.358889 64679
0.358891 39135
0.358893 83240
0.358895 82917
0.358929 96421
0.358932 48166
0.358953 65770
0.358954 84617
0.358961 22725
0.358962 88875
0.358963 10830
0.358974 40332
0.358975 96995
0.358984 34907
0.358988 12506
0.359001 37479
0.359019 83492
0.359025 23879
0.359026 63697
0.359038 74171
0.359039 81226
0.359042 48158
0.359062 13362
0.359067 23682
0.359069 50615
0.359082 95882
0.359107 36575
0.359112 66587
0.359125 58009
0.359135 15813
0.359148 33282
0.359158 21068
0.35918 60086
0.359193 81270
0.359194 59748
0.359207 90283
0.359227 10255
0.35923 34616
0.359235 6604
0.359244 55309
0.359253 33047
0.359263 29602
0.359263 58100
0.359277 88352
0.35928 61354
0.359284 46380
0.359291 28050
0.359291 63197
0.359293 3643
0.3593 52672
0.359316 93909
0.359328 47090
0.359338 79734
0.359351 12304
0.359351 89347
0.359365 52893
0.35938 68895
0.359386 3997
0.359397 34345
0.359417 34146
0.359456 62084
0.359457 89694
0.359459 6216
0.359462 8582
0.359466 53556
0.359498 86407
0.359514 24518
0.359514 57016
0.359519 59564
0.359523 13424
0.359553 16965
0.359585 93694
0.359614 77878
0.359619 12638
0.359631 24308
0.359634 85768
0.359638 22377
0.359672 37360
0.359675 86204
0.359678 55277
0.359696 96041
0.359722 10499
0.359731 47446
0.359733 3465
0.359736 53667
0.359757 28509
0.359762 48331
0.359762 56743
0.359771 61955
0.35979 91262
0.359807 54976
0.35981 91835
0.359814 14090
0.359831 79330
0.359834 66647
0.359845 54142
0.359846 37199
0.359857 21033
0.359878 77257
0.359895 75114
0.359899 9843
0.359901 25609
0.359907 55888
0.359908 77483
0.35992 76613
0.359928 12787
0.359929 97592
0.359943 3760
0.359956 16469
0.359983 30358
0.360012 21825
0.360021 83461
0.360027 30551
0.360038 66169
0.360048 81229
0.360049 26506
0.360058 10885
0.36006 72274
0.360063 8807
0.360064 59231
0.36007 29632
0.360073 4997
0.360082 14220
0.360084 50955
0.360108 51706
0.360109 6654
0.36011 63486
0.360122 100202
0.360122 101202
0.360125 43140
0.360151 62139
0.360158 34235
0.360178 45059
0.360187 29317
0.360196 26760
0.360208 86352
0.36021 32429
0.360219 14367
0.360219 32373
0.36022 57853
0.360221 19316
0.36024 96519
0.36025 52520
0.360273 80348
0.360275 14853
0.360293 76748
0.360298 13081
0.360309 43339
0.360311 43454
0.36032 19343
0.36032 58301
0.360335 95396
0.360337 59933
0.360351 16223
0.360354 10258
0.360363 52
0.360365 70001
0.360371 40029
0.360379 65566
0.360387 26126
0.3604 5614
0.360402 78757
0.360419 85216
0.360422 71803
0.360428 79440
0.360464 36493
0.360489 90397
0.360496 48049
0.360502 68492
0.360504 76536
0.36052 59556
0.360524 55769
0.360528 95709
0.36054 96786
0.360548 58085
0.360549 45407
0.36055 23786
0.360556 49105
0.360567 63684
0.360611 96661
0.360627 43625
0.360637 36072
0.360666 5499
0.360671 15043
0.360683 8921
0.36072 78107
0.360735 15866
0.360735 57132
0.360739 79679
0.360741 4702
0.360745 7390
0.360752 18708
0.36076 10314
0.360784 40830
0.36079 90452
0.360798 81436
0.360805 53298
0.360821 75498
0.360834 16932
0.360846 64935
0.360852 92598
0.360861 45112
0.360899 27163
0.360901 37829
0.360911 59255
0.36092 6919
0.360934 26535
0.360958 27460
0.360967 48072
0.360969 93792
74 19