1 2
447
0.883195 3311
0.883199 41425
0.883204 44283
0.883217 16141
0.883219 25457
0.883225 24334
0.88323 11261
0.88326 65182
0.883272 22759
0.883285 900
0.883292 79140
0.883307 68765
0.883308 78029
0.883315 27112
0.883333 83864
0.883334 18205
0.883354 28045
0.883359 33137
0.883385 71846
0.883418 50848
0.883437 94757
0.883439 33880
0.883447 19775
0.883459 88487
0.883468 71276
0.883475 56719
0.883481 40444
0.883486 39705
0.88349 100259
0.883495 51976
0.883497 36260
0.883499 58832
0.883513 21850
0.883533 73146
0.883547 60221
0.883585 24270
0.883587 86577
0.883592 21067
0.883601 31202
0.883625 97246
0.883629 8072
0.883632 48244
0.883643 41737
0.883644 71520
0.883652 18227
0.883652 32400
0.88371 5587
0.883713 79797
0.883716 15520
0.883722 44864
0.883722 44902
0.883739 47006
0.883762 52917
0.883766 81461
0.883767 14757
0.883781 62908
0.883794 8805
0.883807 86918
0.883815 51512
0.883822 93714
0.883825 96357
0.883831 90279
0.883838 86860
0.883841 18841
0.883844 75518
0.883849 45728
0.883855 66066
0.883856 84270
0.883859 75370
0.883861 43153
0.883865 70733
0.883866 86143
0.883874 17973
0.883876 31066
0.883884 60739
0.883889 96573
0.883893 20021
0.883896 71071
0.883899 61239
0.883914 72901
0.883915 46953
0.883918 97824
0.883931 4502
0.883934 60280
0.883939 73772
0.883943 20278
0.883963 55685
0.883965 82649
0.88397 69140
0.883975 95343
0.883981 99909
0.884008 74977
0.884019 80263
0.884061 14468
0.88407 56584
0.884073 20957
0.884079 44508
0.884084 66803
0.884098 35549
0.884098 455
0.884102 4317
0.884116 33524
0.884116 90915
0.884123 43122
0.884125 62030
0.884127 13076
0.884132 58575
0.884144 78340
0.884153 83155
0.884155 96275
0.884166 79254
0.884179 14961
0.884179 46040
0.884191 62767
0.884202 79974
0.884202 92797
0.884206 50492
0.884213 15539
0.884229 61616
0.884235 55892
0.884238 85969
0.884243 19820
0.884252 69614
0.884253 15434
0.884257 69199
0.884266 57656
0.88427 43256
0.884275 32958
0.884275 3354
0.884293 64232
0.884309 77625
0.884337 100113
0.884351 76903
0.884417 72166
0.88443 48555
0.884432 59278
0.884468 16788
0.884472 86254
0.88452 86051
0.884531 14866
0.884531 70076
0.884535 59170
0.884554 78799
0.884556 21450
0.884556 95467
0.884573 74001
0.884574 13397
0.884594 92010
0.884616 95183
0.884625 68421
0.884626 56453
0.88463 94359
0.884631 71786
0.884639 39508
0.884641 40269
0.884657 22653
0.884673 40622
0.884676 23929
0.884679 86713
0.884686 66423
0.884686 95110
0.884689 665
0.8847 58923
0.884735 78527
0.884736 26766
0.884751 24004
0.88476 30357
0.884781 14731
0.884821 89420
0.884843 43451
0.884846 38818
0.884846 63514
0.884849 73079
0.884856 35476
0.884869 88916
0.88488 64338
0.884897 54248
0.884911 1235
0.88492 54272
0.88493 4274
0.884935 1892
0.88495 84518
0.884965 91098
0.884967 5810
0.884971 76827
0.884972 72819
0.884979 98484
0.885008 36961
0.885027 43997
0.885028 27884
0.885033 86993
0.885041 46302
0.885052 66276
0.885054 93840
0.885069 26365
0.885083 32484
0.885095 47917
0.885112 8588
0.885117 65717
0.88513 36635
0.885139 61746
0.885169 90540
0.885177 79024
0.885179 76494
0.885185 62874
0.885192 20013
0.885192 98796
0.885205 84328
0.885206 80719
0.885213 55440
0.885225 24676
0.885227 27302
0.885281 73985
0.885292 48487
0.885299 82494
0.885322 70841
0.885353 34897
0.885387 35237
0.885393 90461
0.885397 41665
0.885398 12342
0.885399 51322
0.885404 84731
0.885421 11107
0.885423 25206
0.885432 17058
0.885434 87722
0.885443 49625
0.885465 47822
0.885466 62474
0.88547 3751
0.885472 98735
0.885477 25781
0.885481 39077
0.885488 79480
0.885513 66364
0.885514 33953
0.885514 5520
0.88553 67214
0.885538 20362
0.885538 30426
0.88555 41634
0.885557 64833
0.885564 66657
0.885569 49712
0.885593 33783
0.885607 75984
0.885609 80866
0.885612 60401
0.885615 89440
0.885618 31380
0.885629 26750
0.885631 49912
0.885653 82510
0.885672 63566
0.885686 21231
0.885687 45209
0.885694 19315
0.885694 23347
0.885699 83537
0.885709 33694
0.885719 21460
0.88572 79840
0.885725 49415
0.885735 94407
0.885744 38835
0.885747 44570
0.885752 17848
0.885752 31263
0.885755 71701
0.885762 87595
0.885776 4941
0.885792 28199
0.885794 70494
0.885796 30508
0.8858 39887
0.885803 80753
0.885823 7393
0.885825 26663
0.885826 28105
0.885826 71226
0.885826 73246
0.885829 98023
0.885888 96007
0.885906 52241
0.885924 99225
0.885936 96948
0.885944 58025
0.885983 64323
0.88599 7476
0.88601 85127
0.886027 40425
0.886029 51209
0.886029 79463
0.88603 44731
0.886042 29863
0.886047 54221
0.886068 11986
0.88608 33497
0.886094 76842
0.886094 95855
0.8861 16991
0.8861 61995
0.886102 95760
0.886103 88262
0.886108 79870
0.886112 1856
0.886125 93616
0.886128 37685
0.886131 83470
0.886135 49169
0.886137 6549
0.886139 88447
0.886149 7294
0.886165 96659
0.886167 10805
0.886171 35985
0.886181 91765
0.886211 83176
0.886229 39575
0.886229 52993
0.886232 95200
0.886241 93235
0.88626 66853
0.886292 7288
0.886294 62538
0.886297 40986
0.886301 63019
0.886312 61636
0.886323 29303
0.886327 31548
0.886356 100775
0.886385 90427
0.886411 5009
0.886415 81778
0.88642 45192
0.886431 75597
0.886432 18883
0.886436 79718
0.886453 65719
0.886454 4336
0.886463 90109
0.886465 57260
0.886473 13905
0.886512 3437
0.88654 2530
0.886549 70127
0.886559 81606
0.886565 24556
0.886575 6387
0.886584 61172
0.886587 34973
0.886598 11572
0.886619 39195
0.886626 45422
0.886634 89955
0.886645 95337
0.886646 82880
0.886647 83608
0.886658 71420
0.886677 18383
0.886689 73875
0.886721 99372
0.886738 84045
0.886751 28120
0.886752 66239
0.886753 92783
0.886778 18987
0.886785 38851
0.886797 12153
0.886815 18579
0.88682 9212
0.886834 43013
0.886839 37433
0.886842 14262
0.886847 92123
0.886855 71069
0.886877 28605
0.886877 96579
0.886885 83783
0.886905 49931
0.886918 56178
0.886919 57321
0.886924 74381
0.886929 98081
0.886937 86020
0.886939 72317
0.88694 94277
0.886946 14005
0.88696 12442
0.886961 1021
0.886988 60905
0.886989 75178
0.886994 61845
0.88701 4576
0.887034 56731
0.887045 17659
0.887076 6255
0.887086 28555
0.88715 34044
0.887151 5423
0.887152 97916
0.887161 14364
0.88717 61336
0.88717 86588
0.887181 96576
0.887187 45540
0.887188 97180
0.887192 85757
0.887197 4808
0.887213 13001
0.887232 8777
0.887253 2172
0.887274 69240
0.887292 53841
0.887298 53786
0.887317 15441
0.887318 27735
0.887327 76347
0.887331 68043
0.887347 94051
0.887365 65560
0.887368 1261
0.887372 35124
0.887403 15849
0.887405 18564
0.887416 120
0.887449 75928
0.887462 33187
0.887463 59621
0.8875 30529
0.8875 39627
0.887502 50218
0.887509 71127
0.887541 34442
0.887548 45116
0.887551 44726
0.887573 6430
0.887576 34985
0.887604 28999
0.887607 25616
0.887609 6168
0.887618 35479
0.887622 66338
0.887638 93025
0.887666 25179
0.887675 86922
46 82