1 2
422
0.133206 31319
0.133215 52291
0.133231 8349
0.133237 70360
0.133244 97875
0.133258 93956
0.133272 63655
0.133296 40940
0.13331 35065
0.133316 40275
0.133317 51979
0.133325 96625
0.133338 99119
0.133343 58716
0.133348 23433
0.133353 90418
0.133363 15590
0.133365 33484
0.133379 39622
0.13338 76326
0.133384 4081
0.133392 73489
0.133397 30944
0.133408 96468
0.133409 51510
0.133413 43069
0.133417 38437
0.13344 13419
0.13345 84126
0.133455 57285
0.133462 18293
0.133478 27627
0.13348 84830
0.133483 45114
0.133497 46939
0.133502 36936
0.133502 56911
0.133503 21553
0.133508 46342
0.133537 76940
0.13357 76908
0.133571 73802
0.133578 88512
0.133587 64541
0.133599 55273
0.133623 16281
0.133625 80511
0.13363 58988
0.133638 75789
0.133643 2370
0.133678 57054
0.133681 2279
0.133681 75250
0.13369 86266
0.133693 71757
0.133699 68990
0.133714 60751
0.133718 62212
0.133727 12509
0.13374 49182
0.133741 97625
0.133751 26438
0.133766 92218
0.133778 21239
0.133787 18814
0.133789 81660
0.133806 76598
0.133821 66329
0.133845 48249
0.133869 100173
0.133869 101173
0.133885 38667
0.133895 40213
0.133904 75521
0.13391 92822
0.133917 46864
0.133919 56136
0.133935 42361
0.133946 37076
0.133951 16746
0.133966 61677
0.133986 46811
0.134003 12273
0.134013 57524
0.134014 58334
0.13404 45856
0.134041 43102
0.134065 17500
0.134065 41748
0.134067 73551
0.134071 17559
0.134079 44557
0.134093 46954
0.134098 19030
0.134113 4424
0.13412 47516
0.13412 66741
0.134124 22026
0.134124 51420
0.134127 62138
0.134146 100336
0.134146 101336
0.134149 68333
0.134167 90483
0.134169 70427
0.134182 22683
0.134182 73851
0.134189 98334
0.134194 66023
0.134197 67002
0.134198 37454
0.134234 57544
0.134242 78413
0.134298 32154
0.134319 60268
0.13432 9719
0.134342 97251
0.134405 2960
0.134421 22709
0.134432 71215
0.134438 57654
0.134468 68328
0.13447 54639
0.134476 99383
0.134481 37157
0.134487 25279
0.134497 94576
0.134501 80746
0.134508 80959
0.134531 81403
0.134545 16319
0.13455 43608
0.134554 50427
0.134561 6282
0.134564 66930
0.134578 66458
0.134579 60034
0.134592 47903
0.134596 85372
0.1346 1865
0.134605 62112
0.134615 58071
0.134622 54812
0.13468 81932
0.134706 90144
0.134719 94306
0.134727 94812
0.134733 83903
0.13474 39126
0.134748 1410
0.134766 48090
0.134768 1469
0.134768 54378
0.13477 68183
0.134774 21976
0.134777 94772
0.134785 251
0.134787 10297
0.1348 90432
0.134807 42032
0.134808 45994
0.13481 96669
0.134819 38348
0.134844 77368
0.134855 47086
0.134879 89546
0.13489 99726
0.134894 37446
0.134905 36546
0.134924 72097
0.134934 17295
0.134942 54604
0.134959 38822
0.134965 23557
0.134985 64296
0.134999 41367
0.135 23917
0.135005 21751
0.135005 79834
0.135028 11570
0.135033 2104
0.135035 41206
0.135039 27377
0.135042 85805
0.135054 33636
0.135054 76131
0.135078 98227
0.135087 21879
0.135096 85914
0.1351 10724
0.135125 36139
0.135133 45523
0.135161 59975
0.135169 45852
0.135176 78797
0.135196 40476
0.135198 13693
0.13522 27820
0.135222 12815
0.135229 88178
0.135232 81894
0.135243 33007
0.135246 61670
0.135253 70141
0.13526 36879
0.135263 67932
0.135264 99409
0.135265 12453
0.135278 96108
0.135282 23579
0.135302 35671
0.135311 72090
0.135315 30890
0.135327 26696
0.135339 26839
0.13534 33957
0.13534 88693
0.135347 19381
0.13538 41574
0.135381 48211
0.135386 90916
0.13539 38229
0.135395 37662
0.135403 53176
0.135405 44354
0.135412 86151
0.135419 62325
0.135442 58969
0.135445 34268
0.135445 84420
0.135446 79845
0.135471 6338
0.135479 85048
0.135503 89888
0.135504 93734
0.135512 83594
0.13553 30536
0.13553 40413
0.135535 27760
0.135536 56060
0.135536 88104
0.135546 8832
0.135547 38231
0.135547 61145
0.135558 99392
0.135577 12471
0.135584 738
0.135585 79699
0.135589 24001
0.135599 657
0.135607 26460
0.135611 72520
0.135619 5761
0.135621 63648
0.135627 12263
0.135652 27196
0.135664 53980
0.135679 61612
0.135679 71063
0.135694 73285
0.135713 87252
0.135714 77495
0.135719 64179
0.135729 49958
0.135735 22216
0.135744 68061
0.135749 37550
0.135762 62346
0.135769 29178
0.135786 31157
0.13579 86275
0.135795 86451
0.13581 5547
0.135812 92922
0.135817 69508
0.135827 7139
0.135831 38833
0.135836 10250
0.135863 25686
0.135864 31002
0.135868 69410
0.13587 61158
0.135876 98173
0.135897 39590
0.135901 87797
0.135911 51238
0.135914 27467
0.135942 29548
0.135951 3811
0.13598 56200
0.135983 29377
0.135991 31234
0.136022 36781
0.136023 77788
0.136027 46649
0.136032 42813
0.136035 9762
0.13607 50635
0.13608 41982
0.136112 98727
0.136121 15639
0.136146 56935
0.136151 7248
0.136152 98660
0.136155 50496
0.136155 51998
0.136167 57212
0.136169 73169
0.136183 64294
0.136189 77242
0.136203 70147
0.136205 31451
0.136209 372
0.136214 7936
0.13622 7057
0.136236 41768
0.136238 49270
0.136251 59287
0.136258 52545
0.136276 62685
0.136284 68224
0.136284 76087
0.136296 20402
0.136303 51666
0.136311 880
0.13632 92192
0.136327 15711
0.136329 7415
0.136337 88347
0.136344 19269
0.136351 99552
0.13636 4338
0.136363 61970
0.136366 45231
0.136376 72545
0.13638 95864
0.136381 66760
0.13639 32716
0.136397 5532
0.136421 11133
0.136427 75299
0.136433 47826
0.136441 84924
0.136456 43105
0.136461 46808
0.136473 85920
0.136475 76482
0.136476 88708
0.136497 61608
0.136516 21512
0.136544 467
0.136547 96578
0.136567 9429
0.13657 100958
0.13657 101958
0.136572 66361
0.136578 52394
0.136596 53473
0.136605 52657
0.136606 17515
0.136617 89026
0.136623 57403
0.136648 76127
0.136677 18740
0.136692 35706
0.136698 90169
0.136705 57166
0.13671 31802
0.136721 82096
0.136723 38071
0.136727 28707
0.136739 38113
0.136742 100683
0.136742 101683
0.136743 62316
0.136754 36835
0.136767 63925
0.136773 82863
0.136786 71958
0.136802 26729
0.136815 30290
0.136815 3873
0.13682 6202
0.136845 98311
0.136849 13348
0.136852 24509
0.136854 8537
0.136856 44497
0.136856 73900
0.136864 67933
0.136886 47763
0.136897 21482
0.136912 30194
0.136931 24824
0.136946 64963
0.136957 30874
0.136963 32483
0.136972 38383
0.136975 4523
0.136978 47988
0.136979 16846
0.136986 69284
0.136986 79978
0.136988 100844
0.136988 101844
0.136989 15867
0.13699 60206
0.136995 63039
0.137003 3926
0.137059 394
0.137068 70168
0.137073 22799
0.137076 83557
0.137081 79568
0.137095 100865
0.137095 101865
0.137099 59677
0.137108 56845
0.137112 92395
0.137113 58489
0.137115 83499
0.137123 1671
50 91