1 2
407
0.16497 11250
0.164973 28615
0.164978 60733
0.164978 932
0.165005 89659
0.165007 18330
0.165007 41728
0.165008 93644
0.16502 39255
0.16504 22909
0.165047 45873
0.165068 29101
0.165069 68142
0.16507 12891
0.165092 55049
0.165094 45075
0.165103 20460
0.165103 66558
0.165107 49259
0.165115 48398
0.165125 62105
0.165132 24370
0.165142 65802
0.165162 20244
0.165186 8661
0.165204 71931
0.165236 28987
0.165245 97494
0.165251 42986
0.165263 72712
0.165266 36450
0.165275 76572
0.165277 51942
0.165278 93567
0.165281 87504
0.165284 39893
0.165295 38841
0.165304 55114
0.165322 93426
0.165329 72835
0.165347 75256
0.165354 26867
0.16538 40691
0.165396 77903
0.165398 47102
0.165422 25329
0.165423 11590
0.16545 11142
0.16546 40337
0.165461 95697
0.165468 78880
0.165477 11813
0.165479 77212
0.1655 58947
0.165511 79297
0.165513 53958
0.165519 53581
0.165522 77894
0.165526 51293
0.165527 19373
0.16554 21613
0.165547 31438
0.165549 57461
0.165553 35646
0.165557 30725
0.165559 77670
0.165559 92625
0.165571 86779
0.165572 88965
0.165573 32515
0.165575 17752
0.165581 33761
0.165583 85522
0.165585 46577
0.165611 60228
0.16562 56330
0.16562 82453
0.16562 93541
0.165621 70755
0.165631 98911
0.165636 54307
0.165644 72844
0.165646 74011
0.165647 78645
0.165655 9934
0.165657 30819
0.165665 60052
0.165668 38498
0.165704 27072
0.165706 40809
0.165721 32552
0.165734 98457
0.165738 99448
0.16574 3337
0.165741 4985
0.165775 33699
0.165777 67858
0.165822 2011
0.165833 30283
0.16584 63678
0.16585 60626
0.165862 55450
0.165868 6252
0.165882 60713
0.165888 29829
0.16589 31354
0.165894 42162
0.165903 27592
0.165923 32266
0.165933 76084
0.165956 40922
0.16596 41953
0.165968 90146
0.165975 26764
0.165988 53286
0.166005 46898
0.166024 60101
0.166043 29885
0.166044 30680
0.166068 74988
0.166075 98063
0.166079 93986
0.166159 83970
0.166162 58846
0.166178 97427
0.166196 1090
0.166201 95649
0.166209 83140
0.166223 2351
0.166227 78584
0.166235 94982
0.166236 59657
0.166244 3536
0.166262 6721
0.166264 27722
0.166271 11698
0.166272 20371
0.166273 5027
0.16629 61366
0.166297 36001
0.166302 47845
0.166316 40792
0.166317 11560
0.166321 70103
0.166322 53622
0.166323 11056
0.166361 93901
0.166382 79104
0.166386 27370
0.166407 23827
0.166411 13935
0.166413 53409
0.166463 11582
0.166472 60561
0.166485 63910
0.166486 32475
0.166499 605
0.166512 48170
0.16654 76666
0.166543 39267
0.166561 78947
0.166564 81548
0.166595 17574
0.166622 22140
0.166634 85049
0.166638 29467
0.166642 50206
0.166652 80788
0.166653 17999
0.166655 670
0.166659 84218
0.166669 4107
0.16668 94681
0.16669 64362
0.166692 84841
0.1667 88169
0.166709 58314
0.166739 99713
0.166746 66295
0.166749 70241
0.166759 52908
0.16676 42403
0.166771 81824
0.166774 56044
0.166784 74339
0.166798 8032
0.166801 71335
0.166802 12774
0.166832 5921
0.166844 10975
0.166847 22098
0.166859 36454
0.166871 69386
0.166873 7309
0.166889 9764
0.16689 53961
0.166901 69463
0.166908 50284
0.16691 79201
0.166936 38918
0.166955 94227
0.166961 49140
0.166964 89447
0.166972 9633
0.166985 29022
0.166994 21611
0.166999 46576
0.167023 64380
0.167025 72386
0.167026 77913
0.167027 98431
0.167052 25996
0.167081 81912
0.167089 27538
0.167095 44500
0.167099 8208
0.167101 1282
0.167109 91075
0.167115 74554
0.167117 38333
0.167128 31100
0.167129 96509
0.167135 79325
0.167139 31329
0.16714 59553
0.167149 84454
0.16715 16190
0.167151 88800
0.167165 32919
0.167179 93758
0.167196 64775
0.167205 48990
0.167207 98792
0.167222 72566
0.167229 93257
0.16724 79597
0.16725 79898
0.167256 42511
0.167257 4124
0.16727 19519
0.167287 14803
0.167294 47819
0.167301 75471
0.167308 46206
0.167309 49015
0.167309 99972
0.167319 7349
0.167324 42613
0.16733 74373
0.167338 33033
0.16734 85512
0.167344 50107
0.167347 49387
0.167356 25778
0.167371 75343
0.167382 28923
0.167387 71884
0.167415 69323
0.167431 69514
0.167435 37401
0.167438 32909
0.167459 98333
0.167473 21997
0.167476 2513
0.16748 6323
0.16749 98190
0.167509 29157
0.167509 64481
0.16752 82493
0.167531 3979
0.16754 11711
0.167543 47541
0.167548 4695
0.167552 43169
0.16756 80622
0.16757 1535
0.167577 4825
0.167582 8709
0.167591 37302
0.167599 86827
0.167611 49869
0.167611 96664
0.167612 55826
0.167614 62216
0.167618 95575
0.167619 12300
0.167632 24156
0.167634 34255
0.167653 35058
0.167665 6084
0.167689 82503
0.16769 1724
0.16769 7122
0.167699 65985
0.167714 16415
0.16772 86870
0.167745 67855
0.167751 9919
0.167763 17190
0.167777 75921
0.16779 59142
0.167798 96486
0.167802 30465
0.167804 54134
0.167831 23500
0.167836 7003
0.167861 52331
0.167864 28832
0.167883 59624
0.167892 44585
0.167892 97361
0.167901 73682
0.167927 61031
0.167929 75678
0.167933 30275
0.167937 69217
0.167938 24248
0.167946 84744
0.167954 46633
0.167955 40807
0.16797 54927
0.167974 99996
0.167976 5844
0.167982 77386
0.167986 12258
0.168001 56190
0.168007 91840
0.168025 23942
0.168031 98942
0.168036 88395
0.168042 57457
0.168059 78074
0.168062 96877
0.168074 93407
0.168089 91074
0.168108 97764
0.168118 69592
0.168129 21263
0.168134 10398
0.168159 13148
0.168183 41329
0.168188 96697
0.168209 21183
0.168209 6219
0.168216 27315
0.168225 40730
0.168244 48198
0.168258 95557
0.168261 9512
0.168266 23773
0.168266 35820
0.168279 13941
0.168287 24440
0.168317 79746
0.168318 95608
0.168319 15402
0.168322 52571
0.168331 46883
0.168331 97635
0.168355 61191
0.168405 58135
0.168407 19444
0.168413 47228
0.168415 39202
0.168443 68840
0.168454 79063
0.16846 97186
0.168486 33218
0.168491 47963
0.168496 1337
0.16853 50137
0.168531 74707
0.168541 79012
0.168544 11888
0.168554 25736
0.168573 90658
0.168585 86504
0.168597 12977
0.168598 45628
0.168606 63868
0.168614 71236
0.168627 95674
0.16863 79002
0.16865 81651
0.168654 40616
0.168703 5310
0.168717 61435
0.168739 72390
0.168743 87243
0.168747 12578
0.168748 21967
0.168764 47737
0.168765 38565
0.168772 50864
0.168804 32225
0.168829 35508
0.168829 51323
0.168832 59093
0.168837 94798
0.16885 62814
0.168852 75127
0.168856 51725
0.168869 52245
0.168879 50892
0.168895 7808
0.168906 50765
0.168912 15384
45 92