1 2
416
0.483964 4830
0.483969 17204
0.483972 15752
0.483973 36933
0.483975 82608
0.483976 71968
0.483978 68998
0.484003 37258
0.484008 29507
0.484012 43199
0.484012 65332
0.484026 66597
0.48405 100831
0.48405 101831
0.484061 18718
0.484098 1103
0.484115 23893
0.484117 34127
0.48416 32498
0.484188 77656
0.484189 41293
0.484193 62410
0.484205 98653
0.484213 16056
0.484231 70602
0.484232 99693
0.484233 73100
0.484234 27976
0.484254 76610
0.484278 99170
0.484292 3685
0.484292 60796
0.484301 547
0.48431 96051
0.484315 63379
0.48432 57046
0.484322 83721
0.484327 4793
0.484331 60096
0.484336 28752
0.484336 38076
0.484359 37574
0.48436 84517
0.484366 95896
0.484387 7405
0.484391 8718
0.484398 28237
0.484404 33973
0.484413 36205
0.48443 82622
0.484442 40287
0.484451 79055
0.484454 61601
0.484469 9608
0.484483 57328
0.484493 27780
0.484496 39290
0.484543 61136
0.484556 13933
0.484563 39800
0.484575 78282
0.484576 19310
0.484582 55972
0.484583 33855
0.484583 6860
0.48459 37388
0.484595 30074
0.48461 15328
0.484645 34582
0.484653 41427
0.484665 64298
0.484677 82772
0.484679 17619
0.484702 92387
0.484707 41572
0.484717 96652
0.484719 7251
0.484721 40768
0.484725 25986
0.484735 5327
0.484764 89515
0.484784 85423
0.484785 25314
0.484788 99791
0.484809 96958
0.484831 4402
0.48484 25560
0.484847 16804
0.484847 70656
0.484847 96056
0.484854 28494
0.484918 78179
0.484939 42669
0.484944 79816
0.484952 26642
0.484968 83355
0.484973 922
0.48498 8034
0.484999 71212
0.48502 72210
0.485021 10232
0.485034 95786
0.485038 65914
0.485039 16368
0.485043 97652
0.485051 80595
0.485054 22742
0.485077 40364
0.485095 10655
0.485111 31104
0.485126 52905
0.485137 16969
0.485139 36527
0.48515 91286
0.485157 44082
0.485188 16782
0.485205 71021
0.485208 42343
0.485209 20456
0.48521 56070
0.485216 83120
0.485219 92611
0.48523 8842
0.48524 28141
0.485244 58580
0.485245 93434
0.485262 24091
0.485264 79854
0.485265 7212
0.485275 44729
0.485288 78405
0.485289 69419
0.485294 6081
0.485298 16020
0.485301 51414
0.485311 1385
0.485326 3994
0.485328 9864
0.485332 61078
0.485353 64937
0.485365 15929
0.485365 44676
0.485372 37983
0.4854 23938
0.485429 52716
0.48543 3351
0.485432 36141
0.485433 51629
0.485436 68161
0.485476 83415
0.485491 20284
0.485493 54830
0.485496 34246
0.485501 31595
0.485508 33093
0.485527 52715
0.485532 52017
0.485546 18826
0.485549 100369
0.485549 101369
0.485554 7050
0.485571 19395
0.485574 74000
0.48559 94433
0.485621 9112
0.485629 8023
0.485642 100213
0.485642 101213
0.485643 64865
0.485644 55412
0.485658 66202
0.485687 13175
0.485699 62642
0.485701 43969
0.485712 3498
0.485732 19900
0.485755 43336
0.485768 40223
0.485788 76611
0.485798 84066
0.485812 18092
0.485832 56765
0.485839 13426
0.485839 77847
0.485847 74100
0.485848 97705
0.485848 98053
0.485849 69300
0.485858 79965
0.485869 71431
0.485873 45834
0.48588 65750
0.485883 94615
0.485888 57989
0.485909 52675
0.485914 98341
0.485919 39242
0.485938 23974
0.48596 80426
0.485963 59682
0.485966 99797
0.48597 98894
0.485979 45554
0.48598 64761
0.485989 41930
0.48599 52570
0.485993 56761
0.486011 740
0.486022 45604
0.486033 14228
0.486042 48985
0.486056 7990
0.486068 69153
0.486069 61389
0.486084 13394
0.486096 75529
0.486125 30690
0.486146 40955
0.486184 45766
0.486192 40163
0.486193 21464
0.486195 27581
0.486202 56212
0.486207 91832
0.486208 37541
0.48621 38041
0.486224 51619
0.486236 29436
0.486272 36901
0.486296 55336
0.486297 74693
0.48634 58037
0.486341 98581
0.486354 17228
0.486361 719
0.486363 73899
0.48638 16259
0.486397 94901
0.4864 10037
0.486414 43204
0.486419 13889
0.486435 99146
0.486444 5716
0.486448 71259
0.486467 13805
0.486476 57729
0.486494 23769
0.486529 45804
0.486543 13850
0.486543 69920
0.486566 49672
0.48657 63653
0.486575 20494
0.4866 8643
0.486603 31076
0.486606 82553
0.486609 20757
0.48662 86513
0.48662 95050
0.48663 16104
0.486635 42855
0.486641 95829
0.486645 23687
0.486655 64589
0.486656 82987
0.486659 94726
0.486666 84733
0.486681 64795
0.486683 50652
0.486694 64301
0.486702 15199
0.486708 45875
0.486722 96125
0.486759 4419
0.486769 40663
0.486804 48380
0.486825 58692
0.486829 12691
0.486835 97026
0.486875 8230
0.486896 82755
0.486904 33460
0.486907 100215
0.486907 101215
0.48691 81364
0.486912 11992
0.486925 87450
0.486938 27456
0.486944 72138
0.486945 60235
0.486949 18162
0.486957 82548
0.486974 59081
0.486975 37927
0.486984 68644
0.486996 31331
0.487008 87198
0.487021 24850
0.487041 81525
0.487056 74918
0.487064 33975
0.487066 22211
0.487069 26552
0.48708 24877
0.487082 50818
0.487091 97289
0.487092 4574
0.487095 88082
0.487117 57025
0.487117 79979
0.487158 22266
0.487164 61007
0.487165 69531
0.487173 81327
0.487176 84002
0.487193 52084
0.487196 39693
0.487208 20416
0.487208 77992
0.487244 29704
0.487252 30301
0.48727 46070
0.487277 38281
0.487278 71985
0.487299 38047
0.487309 4313
0.487311 63851
0.487316 31850
0.487329 95456
0.487378 44333
0.487379 96724
0.487383 4331
0.487386 68530
0.487413 87455
0.487415 68746
0.48743 17358
0.487432 40843
0.487434 68986
0.487437 64151
0.487442 42412
0.48745 95620
0.487452 100392
0.487452 101392
0.487455 99741
0.487463 84838
0.487492 87668
0.487493 89937
0.487533 24980
0.487541 22573
0.48755 35216
0.487552 80436
0.48756 26742
0.48757 48713
0.487579 16890
0.487595 98409
0.487606 24035
0.487611 51380
0.487616 26390
0.487625 4719
0.487641 99783
0.487654 14158
0.487656 62171
0.487661 59884
0.487677 20001
0.487686 1311
0.487695 6985
0.487698 62697
0.487713 33889
0.487717 50221
0.487735 88855
0.487737 95078
0.487742 8650
0.487748 72653
0.48775 89968
0.487777 51046
0.48778 72850
0.487786 88812
0.487809 4815
0.487818 80529
0.487827 69018
0.487831 89427
0.487832 60878
0.487848 49771
0.487898 87789
0.487902 26118
0.487902 54513
0.487905 38776
0.48791 76967
0.487912 93461
0.487926 98268
0.48794 53901
0.487941 13052
0.487947 19835
0.487947 28898
0.487965 45634
0.487965 62953
0.48797 57808
0.487976 87125
0.487986 77288
0.48801 25610
0.48801 35130
0.488016 58867
0.488018 33102
0.488029 113
0.488042 13044
0.488043 8789
0.488048 5707
0.488052 19726
0.488055 68583
0.488058 12018
0.488058 25260
0.488089 24506
0.488093 10614
0.488096 81405
0.4881 78266
0.488116 94389
76 23