1 2
436
0.316091 4543
0.316093 77948
0.316118 85641
0.316144 16528
0.316148 92379
0.31615 92215
0.316157 22405
0.31619 56513
0.316191 23972
0.316221 51915
0.316229 99891
0.316249 69180
0.316256 95219
0.31626 38120
0.316264 59753
0.316288 5799
0.316318 48873
0.316337 50164
0.316345 35774
0.316351 47472
0.316352 69698
0.316355 45439
0.316358 77134
0.31637 60418
0.316372 74743
0.316383 18188
0.316384 93370
0.316386 89264
0.316391 53118
0.316393 84552
0.316404 137
0.316418 62379
0.316418 63848
0.316451 1204
0.316459 55785
0.316465 31183
0.316476 14988
0.316476 21384
0.316482 97994
0.316497 87736
0.316503 70505
0.316507 54941
0.316538 46540
0.316548 33735
0.316568 27878
0.31658 4427
0.316587 51852
0.316588 90134
0.316596 81304
0.316604 69403
0.316617 20643
0.316618 60331
0.316626 15305
0.316627 37275
0.316636 61132
0.316648 15721
0.316658 15315
0.316659 78784
0.316665 64428
0.316667 57999
0.31669 76514
0.316697 43721
0.316713 81992
0.316748 25836
0.316758 22923
0.316768 4954
0.316768 81313
0.316769 79786
0.316784 12495
0.316794 2358
0.316794 92829
0.316824 56713
0.316838 59993
0.316853 12712
0.316853 61068
0.31686 39108
0.316865 83253
0.316868 84776
0.316872 96344
0.316882 66835
0.316885 58432
0.316888 32149
0.316888 76672
0.316894 19039
0.316896 48606
0.3169 78958
0.316919 2622
0.316927 63051
0.316928 65301
0.316946 7260
0.316953 11737
0.316964 74306
0.31697 21882
0.316974 84095
0.316989 64817
0.316999 1913
0.316999 95000
0.317012 72690
0.317014 80609
0.317015 90679
0.317024 30305
0.317033 50739
0.317052 20405
0.317056 74564
0.317063 2437
0.317066 38511
0.317075 65515
0.317087 6696
0.317127 94023
0.317138 70503
0.317146 6775
0.317149 80851
0.317159 52638
0.317176 56785
0.317187 15719
0.317192 73053
0.317195 41194
0.317197 95737
0.317201 40731
0.317213 49940
0.317214 37435
0.317214 96144
0.317237 28868
0.317257 3266
0.317263 59473
0.317267 77232
0.317282 18100
0.317288 46905
0.317304 43624
0.317307 18727
0.317309 59781
0.317325 90747
0.31733 57003
0.317335 41688
0.317342 57806
0.317344 97363
0.317356 97530
0.317363 8087
0.317369 7573
0.317373 68585
0.31738 19393
0.31738 34992
0.317387 6961
0.317394 59991
0.317407 34924
0.31741 66623
0.317415 27953
0.31742 91802
0.317428 68640
0.317431 68323
0.317467 33947
0.317482 29481
0.317484 6920
0.317493 13942
0.317502 66702
0.317511 45454
0.317524 83778
0.317543 42938
0.317544 25634
0.317545 24986
0.31757 78819
0.317669 44843
0.317679 92042
0.317682 93179
0.317687 42349
0.317688 70020
0.317698 88334
0.317705 55724
0.317724 80004
0.317726 800
0.317728 50490
0.317734 94885
0.317749 54881
0.317749 61535
0.317754 65578
0.317788 98055
0.317795 88848
0.317832 96875
0.317833 5570
0.317866 54145
0.317881 48144
0.317906 36632
0.317922 65682
0.31793 72547
0.31793 83717
0.317932 65167
0.317942 99739
0.317956 60094
0.317962 50833
0.317965 88459
0.317967 37054
0.317989 80876
0.317997 71145
0.317998 21253
0.318 59484
0.318004 66094
0.318013 42144
0.318018 99692
0.318026 13142
0.318029 92429
0.318037 13464
0.318045 66282
0.318065 73793
0.318068 42270
0.318076 70346
0.318078 96206
0.318089 91866
0.318105 68783
0.31811 92291
0.318135 56980
0.318141 43182
0.318157 74183
0.318167 17738
0.318195 47039
0.318198 41459
0.318209 52316
0.318209 80536
0.318214 61536
0.318245 3721
0.318246 32222
0.318253 99015
0.318262 63615
0.318268 35318
0.318274 1348
0.318287 80588
0.318289 38630
0.318297 27310
0.318304 77631
0.318307 85691
0.31831 46922
0.318317 30443
0.318327 45918
0.31836 2156
0.318363 75164
0.318364 89787
0.318376 12535
0.318378 80153
0.318394 13922
0.318399 47141
0.318421 96758
0.318422 91946
0.318426 81540
0.318439 78851
0.318468 86606
0.31847 35071
0.318483 85687
0.318489 30637
0.318491 73716
0.318497 47483
0.318499 10550
0.318505 89480
0.318531 75185
0.318549 58871
0.318552 43443
0.318581 4852
0.318596 56127
0.318596 87310
0.318606 10171
0.318606 61901
0.318613 38653
0.318617 26284
0.318624 59586
0.318628 60337
0.318639 91043
0.318673 76396
0.318684 3671
0.318693 36753
0.318719 72421
0.318726 70646
0.318726 72610
0.318742 28205
0.318749 36853
0.318775 25323
0.318789 80300
0.318791 50513
0.31882 20400
0.31884 10510
0.318855 58333
0.318865 17359
0.318908 6557
0.318917 97804
0.318944 71865
0.318976 41595
0.318977 57197
0.318983 41004
0.318985 23799
0.318989 73561
0.318992 2522
0.318997 32676
0.319018 15458
0.319035 29562
0.319035 8447
0.319059 42320
0.319066 8706
0.319071 40435
0.319087 32897
0.31911 73348
0.319127 65955
0.319131 95609
0.319135 78702
0.31914 87623
0.319145 92566
0.319149 68027
0.319156 96101
0.319158 83822
0.319169 7824
0.319183 58092
0.319183 80377
0.31919 78563
0.319195 26909
0.319203 93004
0.319206 8810
0.31921 5178
0.319241 69363
0.319251 39960
0.319262 49439
0.319273 46022
0.319298 3315
0.319303 83369
0.319313 37607
0.319316 58521
0.319325 22551
0.319335 33987
0.319359 22431
0.319362 88629
0.319363 6380
0.319389 3601
0.319399 2000
0.319442 55298
0.31946 43194
0.319463 10838
0.319466 1183
0.319474 44192
0.319478 61320
0.319479 34554
0.319483 35074
0.319498 89290
0.319499 34395
0.319505 72524
0.319555 1489
0.319564 25589
0.319582 89001
0.319588 16955
0.319614 54285
0.319629 60499
0.319629 72675
0.31963 63927
0.31966 56949
0.319667 44280
0.319679 4923
0.319691 67656
0.319692 25244
0.319696 62289
0.319703 73511
0.319709 6126
0.319712 84794
0.319719 8896
0.319753 71625
0.319783 76699
0.319788 22206
0.319812 15894
0.319818 6379
0.319832 76011
0.31984 93267
0.319847 34929
0.319865 20732
0.319866 63696
0.319875 68001
0.319899 19559
0.319911 83213
0.319916 83071
0.319927 97024
0.319941 29672
0.319944 9872
0.319953 86627
0.319962 60887
0.319981 46985
0.319985 8666
0.319985 90715
0.319993 16072
0.320003 41036
0.320004 69709
0.320028 12283
0.320036 41232
0.320042 84646
0.320099 74862
0.320115 65589
0.320135 10341
0.320145 67006
0.320146 59697
0.320162 22241
0.320162 72223
0.320162 76141
0.320164 53074
0.320167 69457
0.320184 75999
0.320187 83272
0.320213 94375
0.320239 3510
0.320239 55218
0.320248 55797
0.320262 71081
0.320282 81563
0.320293 20761
0.320325 78077
0.320346 70547
0.320358 45651
0.320384 19695
0.320462 18104
0.320467 86098
0.320515 15114
0.320535 58355
0.32058 73874
0.320629 63274
0.320645 86855
0.320649 51988
0.32067 71799
0.320672 45800
0.320693 57766
0.3207 13723
0.320702 68553
0.320708 34062
0.320714 73905
0.320722 71208
0.320728 28700
0.320731 12050
0.320738 91270
0.32074 33703
0.320758 55379
0.320759 27697
0.320766 53006
0.320768 2330
0.320794 62383
0.320809 97775
0.320824 85369
0.320824 97585
9 71