1 2
256
0 0.92795
0.000412 3746
0.003373 3909
0.00416 3775
0.004375 3903
0.01726 3858
0.024903 3951
0.026479 3896
0.033797 3872
0.040993 3955
0.043397 3794
0.045432 3734
0.046838 3891
0.050378 3705
0.052538 3838
0.059831 3707
0.060108 3899
0.062697 3852
0.064021 3730
0.067345 3754
0.070761 3935
0.07657 3755
0.079739 3835
0.082371 3819
0.092787 3875
0.093159 3883
0.095471 3706
0.096966 3813
0.098815 3846
0.100477 3874
0.113102 3757
0.114924 3767
0.115748 3709
0.118057 3815
0.135951 3811
0.136815 3873
0.137003 3926
0.138092 3842
0.14343 3857
0.148411 3932
0.15224 3818
0.153622 3877
0.154443 3839
0.158705 3795
0.158767 3808
0.163941 3774
0.164179 3894
0.185397 3911
0.187715 3773
0.190619 3919
0.191672 3860
0.192055 3770
0.192305 3762
0.195258 3871
0.201066 3893
0.201542 3912
0.208888 3776
0.213462 3778
0.216692 3720
0.218276 3740
0.218423 3771
0.219478 3944
0.232017 3937
0.232133 3867
0.245237 3710
0.246654 3822
0.251064 3938
0.25309 3772
0.256103 3922
0.256775 3737
0.258469 3940
0.260105 3905
0.26238 3900
0.270259 3946
0.272444 3924
0.272769 3803
0.27454 3889
0.286439 3787
0.286915 3732
0.288274 3714
0.290235 3821
0.290911 3885
0.29176 3837
0.294006 3862
0.29736 3715
0.318245 3721
0.32264 3743
0.32611 3897
0.327018 3729
0.327254 3848
0.330538 3796
0.330603 3756
0.332019 3917
0.333026 3854
0.33545 3928
0.340818 3870
0.349629 3768
0.350085 3939
0.351496 3766
0.352924 3881
0.355338 3952
0.359943 3760
0.361498 3804
0.370499 3722
0.373943 3731
0.37454 3957
0.375983 3833
0.376413 3748
0.38351 3901
0.387104 3783
0.388877 3789
0.395782 3826
0.396538 3798
0.396604 3921
0.39808 3925
0.398098 3831
0.400064 3869
0.400832 3847
0.406675 3726
0.40976 3800
0.411734 3827
0.413197 3769
0.413371 3887
0.415234 3758
0.417695 3943
0.43199 3890
0.441615 3866
0.442699 3753
0.443215 3761
0.44641 3735
0.447781 3805
0.447998 3825
0.460915 3816
0.467804 3933
0.476243 3716
0.481129 3786
0.489896 3790
0.493744 3763
0.498364 3888
0.503817 3931
0.504079 3744
0.511385 3728
0.528653 3723
0.531708 3954
0.532319 3791
0.540814 3947
0.542594 3814
0.552752 3792
0.553343 3855
0.558252 3750
0.561991 3936
0.567461 3941
0.567801 3930
0.570835 3712
0.572404 3788
0.577624 3948
0.582877 3718
0.587234 3738
0.590697 3908
0.594457 3879
0.599921 3785
0.610948 3845
0.614387 3797
0.616267 3878
0.622413 3708
0.623607 3910
0.625831 3850
0.633103 3884
0.634389 3834
0.644124 3895
0.65054 3956
0.652842 3727
0.657219 3713
0.663233 3832
0.6666 3945
0.666786 3780
0.667817 3864
0.669398 3745
0.671723 3806
0.674993 3736
0.684721 3880
0.684858 3906
0.686213 3809
0.686224 3823
0.694075 3725
0.708892 3882
0.71261 3777
0.712956 3812
0.713712 3742
0.717014 3914
0.725213 3949
0.726581 3863
0.730347 3719
0.730693 3810
0.740935 3799
0.742783 3853
0.749134 3747
0.754406 3724
0.767741 3801
0.770223 3841
0.77221 3793
0.773236 3759
0.787496 3856
0.789159 3779
0.796827 3934
0.801966 3902
0.803571 3851
0.805428 3836
0.808043 3829
0.809925 3807
0.812474 3913
0.817353 3817
0.818505 3859
0.821878 3828
0.825159 3752
0.829059 3830
0.833029 3861
0.841917 3942
0.844238 3907
0.848539 3923
0.849305 3741
0.850193 3958
0.850993 3916
0.8558 3765
0.856809 3802
0.877021 3733
0.880974 3953
0.88125 3918
0.88547 3751
0.889308 3950
0.893663 3920
0.900995 3927
0.903994 3886
0.907943 3784
0.909972 3892
0.912177 3749
0.912569 3904
0.913447 3868
0.914231 3782
0.915111 3843
0.923501 3711
0.924531 3849
0.92795 241
0.928859 1573
0.929528 3562
0.930412 3704
0.930431 746
0.931034 2307
0.931084 395
0.931408 2966
0.931511 780
0.931564 964
0.931581 844
0.931638 1457
0.931768 2640
0.931781 2974
2