1 2
417
0.983964 4657
0.983971 22904
0.983975 97500
0.983977 70254
0.983979 28508
0.983979 62009
0.983987 78098
0.983999 40752
0.983999 79378
0.983999 82159
0.984008 63097
0.984012 90050
0.984036 77441
0.984056 9191
0.984065 5187
0.984071 63917
0.98409 18600
0.984109 74266
0.984112 89403
0.984129 99781
0.984133 86901
0.984147 31383
0.984149 56851
0.984154 68689
0.984185 82982
0.984187 99716
0.984192 29637
0.9842 58108
0.98421 54575
0.984211 36515
0.984212 74177
0.984238 11097
0.98425 35483
0.984259 14948
0.98426 19752
0.984261 62665
0.984273 4717
0.984278 85564
0.984281 94448
0.984295 73952
0.984298 79537
0.984338 88778
0.984354 81633
0.984355 97484
0.984357 72202
0.984365 11601
0.984389 96160
0.984439 22325
0.984451 45166
0.984454 71703
0.984488 57527
0.984493 624
0.984508 47144
0.98454 76988
0.984556 40259
0.984559 42486
0.984565 53403
0.984576 8696
0.984581 3569
0.984589 74281
0.9846 47574
0.984623 649
0.984636 61111
0.984654 68172
0.984671 2591
0.984673 44382
0.984691 29141
0.984709 44030
0.984734 16045
0.984751 69651
0.984754 95255
0.984763 71727
0.984764 33833
0.984775 51417
0.984783 31463
0.984788 45492
0.984788 46094
0.98479 37322
0.984799 238
0.984801 30014
0.984814 70063
0.98482 76803
0.984822 65483
0.984824 13678
0.984864 15709
0.984873 61091
0.984893 37696
0.984911 62206
0.984918 67422
0.984951 79514
0.984977 28872
0.98498 79365
0.984983 73666
0.98501 92011
0.985015 78593
0.985021 60523
0.985026 33550
0.98503 7196
0.98504 26249
0.985048 36338
0.985052 78174
0.985056 39320
0.985065 8324
0.985092 26893
0.985096 20298
0.985108 231
0.985116 27488
0.985123 88969
0.98513 1543
0.985131 56112
0.985142 85591
0.985159 92966
0.985179 55343
0.985196 39927
0.985202 50964
0.985213 85105
0.985215 13438
0.985238 87950
0.985248 61203
0.985258 65931
0.985267 79919
0.985283 783
0.985316 77234
0.985335 41991
0.985347 76797
0.985362 23934
0.985364 87401
0.985366 53652
0.985368 47357
0.985381 55260
0.985383 48155
0.985386 30341
0.985405 79271
0.985428 52788
0.985429 42532
0.985451 7350
0.98546 30595
0.985466 24987
0.985468 66867
0.985471 456
0.98548 40757
0.985502 94751
0.985522 7172
0.985529 66135
0.985532 75332
0.985542 59490
0.98557 36562
0.985591 55645
0.985611 98623
0.985618 85773
0.985645 80427
0.985648 86890
0.985653 17043
0.985662 17707
0.98568 42024
0.985684 55285
0.985706 10921
0.985722 87474
0.985724 99020
0.985732 56673
0.985734 84730
0.985736 44112
0.985738 95667
0.985741 45217
0.985763 80779
0.985782 9125
0.985805 87268
0.985806 24862
0.985843 82095
0.985847 40552
0.985851 19935
0.985866 88658
0.985873 32902
0.985875 35276
0.985878 7127
0.985891 51781
0.985898 64674
0.985903 3365
0.985909 48114
0.985927 6883
0.985938 8953
0.985973 51361
0.985999 50372
0.986005 75633
0.986018 34515
0.98603 62170
0.986048 37286
0.986049 67833
0.986073 14136
0.986084 16323
0.986118 97322
0.986119 29355
0.986135 64490
0.986138 64494
0.986149 11173
0.986151 41134
0.986156 45566
0.986178 79636
0.986185 23124
0.986188 91231
0.986198 36858
0.986202 30941
0.98621 23020
0.986221 41567
0.986242 63604
0.986246 58123
0.986255 80461
0.986276 73370
0.986298 73364
0.9863 33900
0.986319 40421
0.986322 73695
0.986334 60394
0.986344 55820
0.986347 50216
0.986348 19758
0.986353 49623
0.986359 15190
0.986365 34635
0.986365 4076
0.986377 59956
0.98639 35146
0.98639 70410
0.986392 68189
0.986395 8260
0.98642 82078
0.98642 91148
0.986447 48278
0.986447 60919
0.986459 4083
0.986467 68076
0.986476 52048
0.986488 97396
0.98649 3844
0.986492 51121
0.986504 69267
0.986513 75787
0.986519 59888
0.986525 74731
0.986541 79756
0.986568 96229
0.986585 928
0.986601 20533
0.986607 12064
0.986609 15230
0.986613 37364
0.986616 58974
0.986619 29458
0.986637 76526
0.986652 68359
0.986685 4587
0.9867 17753
0.9867 96333
0.986721 38314
0.98674 59384
0.986758 60847
0.986774 61915
0.986791 11420
0.986792 38747
0.986793 87465
0.986833 39203
0.986853 21604
0.986865 60344
0.986874 48132
0.986888 65699
0.986889 59365
0.986901 35461
0.986902 74882
0.986917 94915
0.986939 27717
0.986951 19581
0.986966 11824
0.986981 6040
0.986984 72041
0.98702 18085
0.987026 53992
0.987041 72865
0.987041 79198
0.987043 45580
0.987047 92653
0.987051 77372
0.987057 33845
0.987058 53388
0.987063 10204
0.987065 46361
0.987067 20497
0.987068 36039
0.987079 56176
0.987086 10047
0.987094 74980
0.987101 96252
0.987112 57764
0.987114 4127
0.98712 76442
0.987125 98491
0.987141 14748
0.987141 94533
0.987143 42708
0.987144 48571
0.987144 70693
0.987154 10561
0.987156 9898
0.98717 90386
0.987215 85404
0.987232 8880
0.987256 78965
0.987288 12427
0.987314 83102
0.987317 3898
0.987326 16076
0.987331 17878
0.987332 67480
0.98734 25977
0.987351 58965
0.987386 87961
0.987387 26462
0.98739 84534
0.987391 33914
0.987424 46611
0.987426 30249
0.987437 10570
0.987456 65864
0.987486 54263
0.987488 96864
0.987492 55656
0.987495 37617
0.9875 69734
0.987515 89478
0.987523 52622
0.98754 45983
0.987554 24355
0.98756 32218
0.987585 43177
0.987601 18086
0.987606 11216
0.987607 42124
0.987615 28952
0.987616 79502
0.987643 42921
0.987646 76394
0.987647 389
0.987652 14407
0.987652 27986
0.987653 28656
0.98767 67229
0.987689 12334
0.987693 66585
0.987703 94979
0.987704 89951
0.987707 62847
0.987711 70180
0.987711 80614
0.987718 52726
0.987722 81722
0.987726 26347
0.987729 54153
0.987731 29030
0.987768 4096
0.987795 22066
0.987795 46394
0.9878 42824
0.98781 66457
0.987821 67248
0.987823 44894
0.987838 37257
0.987849 11372
0.987849 20831
0.987851 50006
0.987874 67198
0.987881 66856
0.987883 95498
0.987889 83077
0.987916 29832
0.987921 71934
0.987938 23357
0.987942 89236
0.987953 3184
0.987955 34365
0.987964 78428
0.987973 8833
0.98798 83639
0.987999 9544
0.988003 42493
0.988009 9476
0.988011 74164
0.988025 31993
0.988031 46794
0.988037 73962
0.988042 13340
0.988067 61959
0.988074 24480
0.988084 52277
0.988087 55699
0.988097 1255
0.988098 70332
0.988102 77945
0.988116 81760
0.98813 75827
0.988133 59894
0.988142 46150
0.988145 40441
0.988156 19966
0.988176 74581
0.988221 90752
0.988249 86220
0.988251 75454
0.988253 72009
0.988254 69165
0.988258 68945
0.988262 71935
0.988262 99357
0.988263 32528
0.988272 30351
0.988317 67082
0.988325 39014
0.988335 60121
0.988337 78492
72 37