1 2
378
0.992676 3717
0.99269 44135
0.992704 24469
0.99272 66089
0.992729 75977
0.992736 48130
0.992741 40706
0.992753 20731
0.992754 21513
0.992761 56777
0.99281 609
0.992813 68763
0.992817 18617
0.992825 11256
0.99283 75283
0.992862 59962
0.992883 78143
0.992887 11392
0.992891 49418
0.992896 85499
0.99291 86312
0.992913 20994
0.992913 30908
0.992921 60244
0.992921 6443
0.992924 21158
0.992926 406
0.992936 48488
0.992951 25236
0.992954 22998
0.992962 57784
0.992965 84818
0.992974 83489
0.992985 64382
0.992989 59340
0.993 40179
0.993004 26652
0.993013 18524
0.993019 68401
0.993045 20949
0.993067 78937
0.993073 55613
0.993097 82499
0.993099 86945
0.993107 60750
0.99313 11965
0.993134 91161
0.99315 56893
0.993156 79622
0.993173 52080
0.9932 45774
0.993215 17096
0.993233 76800
0.993243 22957
0.993261 19687
0.993265 26937
0.993268 46392
0.993272 20948
0.993279 82600
0.99328 37978
0.993298 57375
0.993323 84533
0.993333 4987
0.993355 70874
0.993368 17851
0.993368 57983
0.99339 27255
0.993393 38686
0.993398 40296
0.993402 77041
0.99341 22237
0.993431 70079
0.993436 83901
0.993454 46145
0.993457 23129
0.99347 21591
0.99347 22330
0.993476 23441
0.993476 31017
0.993476 49588
0.993486 93374
0.993498 75054
0.993506 42769
0.993508 50245
0.993518 25266
0.993524 93753
0.993531 80384
0.993539 54287
0.993546 53590
0.993559 1717
0.993559 75201
0.993566 7077
0.993608 16394
0.993615 12658
0.993621 51866
0.993639 90931
0.993649 41165
0.993656 84854
0.99366 70869
0.993662 49299
0.993662 88649
0.993663 70349
0.99367 42577
0.993679 35804
0.993686 6962
0.993693 15259
0.993694 78846
0.993714 89334
0.993716 49518
0.993737 14729
0.993737 78868
0.99374 82140
0.993753 99809
0.993756 49378
0.993768 70902
0.993776 8974
0.993781 71444
0.99379 41162
0.993808 49313
0.993813 52364
0.993832 44960
0.993834 28745
0.993845 17743
0.993845 9383
0.993865 69037
0.993875 16849
0.993879 2802
0.993885 77211
0.993896 79782
0.9939 15136
0.993926 51074
0.993936 78555
0.993945 6797
0.993957 78793
0.993972 14484
0.993994 25866
0.993995 44306
0.99401 4181
0.994021 21785
0.994028 57785
0.994036 67908
0.994044 6835
0.994056 60648
0.994057 65010
0.994079 82618
0.994086 6316
0.994092 47687
0.994103 16355
0.994122 70808
0.994136 7330
0.994145 83221
0.994153 39998
0.994163 84498
0.994164 32440
0.994164 46674
0.994168 39904
0.994169 73284
0.994179 80953
0.994182 19667
0.994194 86278
0.994227 9270
0.994237 90406
0.994243 14528
0.99428 24827
0.994305 40192
0.994311 18451
0.994314 21701
0.994319 36278
0.994331 17141
0.994343 29485
0.994367 14485
0.994375 46369
0.994385 44062
0.994388 7618
0.994412 38146
0.994418 523
0.99444 90231
0.994466 5504
0.994479 28306
0.994496 62317
0.994507 23058
0.994521 2222
0.994523 86815
0.994534 77614
0.994541 34559
0.994548 36812
0.994552 86554
0.994555 50472
0.994557 12757
0.994559 54808
0.994567 61859
0.994577 50232
0.994589 98322
0.994618 82537
0.99463 96671
0.994635 20300
0.994645 96696
0.994651 14755
0.994654 47099
0.994654 53464
0.994664 80643
0.994668 21043
0.994672 74844
0.994672 92486
0.994678 62244
0.994715 35296
0.994716 23738
0.99472 13202
0.99472 91867
0.994725 26581
0.994728 95463
0.994751 39039
0.994775 29194
0.994813 98877
0.994816 27134
0.994821 98450
0.994825 76378
0.994826 5212
0.994834 11277
0.994843 74624
0.994856 91869
0.994859 1136
0.994862 32526
0.994871 97088
0.994888 60533
0.994894 31962
0.994901 4577
0.994916 16126
0.994917 41626
0.994949 35639
0.994961 77658
0.994962 35906
0.994963 12625
0.994964 6763
0.995002 88519
0.995005 53970
0.995008 58105
0.995026 21385
0.995034 57208
0.995039 21103
0.995059 25183
0.995059 56358
0.995071 9153
0.995075 59151
0.995085 41670
0.995086 91287
0.995089 35019
0.99509 99992
0.995098 28379
0.995108 19962
0.995109 2966
0.995136 21066
0.995161 5288
0.995162 41095
0.995163 27798
0.995165 50806
0.995173 85941
0.995175 9914
0.995177 39735
0.99518 80782
0.995191 25551
0.995198 75687
0.995202 57704
0.995206 86470
0.995216 96095
0.995218 12446
0.995223 60068
0.99525 35873
0.99525 61804
0.995262 3071
0.995276 47640
0.995294 64403
0.995315 70340
0.99532 53752
0.995322 14739
0.995329 33314
0.995331 44725
0.995366 75954
0.995375 89277
0.995377 23386
0.995383 47851
0.995392 36225
0.995392 97296
0.995393 85902
0.995403 96746
0.995405 7230
0.995418 13753
0.99543 40081
0.99544 47662
0.995441 82750
0.995454 49091
0.995456 25776
0.995459 24738
0.995462 11200
0.995464 8886
0.995542 22094
0.995552 95731
0.995562 20123
0.995567 82727
0.995573 43108
0.995576 11863
0.995584 98100
0.995585 16177
0.995591 86052
0.995598 21916
0.995613 94856
0.995624 13425
0.995636 6304
0.995641 30100
0.995647 69448
0.995659 80610
0.995693 54395
0.995693 75226
0.995702 47749
0.995739 40390
0.995753 46927
0.995763 84767
0.995779 8439
0.995781 74308
0.995781 96547
0.995804 65422
0.995805 26862
0.99581 67975
0.995822 8010
0.995826 81115
0.995833 10097
0.995834 957
0.995845 53318
0.995864 38066
0.995875 6119
0.995887 98870
0.995891 6649
0.995904 91690
0.995908 46574
0.995922 97618
0.995926 22945
0.995941 3764
0.99595 19013
0.99595 39561
0.995962 18386
0.99597 24648
0.995989 11066
0.996019 61141
0.996022 77553
0.996023 10381
0.996025 41071
0.99604 69320
0.996046 90827
0.996051 75148
0.996057 69364
0.996064 6855
0.996071 63478
0.996076 16066
0.996083 51359
0.996085 61521
0.996094 66379
0.996096 12053
0.996102 12473
0.99614 90463
0.996144 85922
0.996145 13087
0.996172 16142
0.996191 29071
0.99621 62407
0.996222 90433
0.99624 83851
0.996243 31269
0.996246 42022
0.996246 52793
0.996262 34081
0.996275 363
0.996283 26868
0.996293 20749
0.996293 87618
0.996299 67618
0.99633 40331
0.99635 63049
0.996352 23160
0 72