1 2
402
0.959869 27179
0.959876 40547
0.959877 67081
0.959885 72720
0.959891 28677
0.9599 95326
0.959902 45165
0.959916 67651
0.959956 22464
0.959988 24441
0.960009 73330
0.960009 889
0.960018 97967
0.960021 14038
0.960045 62557
0.960061 51694
0.960078 57097
0.96008 22334
0.960104 43266
0.960116 6231
0.960139 48905
0.960139 59679
0.960141 47655
0.960151 88596
0.960155 58307
0.960161 83222
0.960161 8633
0.960172 51404
0.960181 100497
0.960182 254
0.960187 61925
0.960199 29067
0.9602 19546
0.960202 5873
0.960205 19547
0.960221 9849
0.960251 57936
0.960251 74747
0.96026 12610
0.960276 92358
0.960284 31219
0.960287 80433
0.960298 19136
0.960298 26116
0.9603 53738
0.960303 40971
0.960312 90247
0.960329 74606
0.960332 13546
0.960332 84389
0.960333 35845
0.960333 81781
0.96035 15902
0.960365 51343
0.960367 69142
0.960387 54306
0.960394 45848
0.960399 12209
0.960404 81640
0.960405 71662
0.960406 54325
0.960408 41299
0.96043 62638
0.960433 45
0.960439 42918
0.960447 16678
0.960449 62060
0.96046 58772
0.960485 55535
0.96049 10833
0.960514 22247
0.960532 25641
0.960543 60913
0.960551 69274
0.960556 57547
0.960558 69950
0.960558 7984
0.960567 2481
0.960571 55934
0.960581 75858
0.960582 42522
0.960587 9460
0.960592 18225
0.960596 42523
0.960612 33112
0.960626 89683
0.960632 64718
0.960634 73255
0.960645 83954
0.960645 97099
0.960653 94221
0.960654 79429
0.960658 61433
0.96066 85380
0.960671 24449
0.960673 28514
0.960682 7013
0.960684 60168
0.96069 79273
0.960693 85686
0.960699 94926
0.960732 9528
0.960739 39027
0.960739 57610
0.96074 62693
0.96076 23369
0.960765 46207
0.960766 98928
0.960775 23616
0.960802 75077
0.96083 2396
0.960831 9990
0.960837 76488
0.960844 57972
0.960851 20151
0.960856 67755
0.960859 14479
0.96087 75611
0.960874 74842
0.960884 17576
0.960911 25735
0.960916 4588
0.960926 85771
0.960938 20219
0.960945 9884
0.96096 4090
0.960962 20766
0.960966 24803
0.960966 33739
0.960969 61135
0.960977 86724
0.960982 77430
0.961013 276
0.961017 75499
0.961032 73020
0.961042 68447
0.961044 45344
0.96107 41762
0.961078 11980
0.961081 1687
0.961097 66928
0.961126 91768
0.961127 52531
0.961133 72528
0.961139 34684
0.961146 42342
0.961152 84980
0.961186 59308
0.961197 90927
0.961205 97162
0.961211 76302
0.961216 77417
0.961226 63057
0.961264 17593
0.961267 4188
0.961269 38940
0.961311 61009
0.961312 76873
0.961316 62754
0.961345 96907
0.96136 23845
0.961369 22685
0.961371 7190
0.961376 82036
0.961376 90148
0.96139 56434
0.961395 52857
0.961401 78804
0.961413 65953
0.961416 79761
0.961419 16677
0.961436 85024
0.961439 10422
0.961442 28944
0.961444 88849
0.961467 73195
0.961469 64125
0.961481 85182
0.961482 83676
0.961485 46653
0.961489 58472
0.961505 30862
0.961505 99398
0.961506 100134
0.961514 45469
0.961517 98773
0.961524 38454
0.961559 15217
0.961559 87847
0.961567 67076
0.961572 27561
0.961602 21794
0.961609 31704
0.96161 73095
0.96162 34493
0.961643 48543
0.96165 61405
0.961661 25832
0.961695 31364
0.961699 92275
0.961701 37132
0.961735 40825
0.96175 36506
0.961755 72759
0.961756 14493
0.961757 78430
0.961759 32061
0.961767 78684
0.961776 95280
0.961784 80453
0.961793 9385
0.961798 78729
0.9618 75200
0.961818 67634
0.961829 39961
0.96184 75210
0.961849 76777
0.96186 71513
0.961871 51466
0.961875 11039
0.961897 90966
0.961898 94217
0.961917 24405
0.961933 96026
0.961942 89443
0.961953 23234
0.96197 98167
0.961971 92679
0.96198 68703
0.961991 44089
0.961996 38602
0.961999 20583
0.962021 35194
0.962043 22151
0.962054 23755
0.96206 90245
0.962068 75083
0.962079 30942
0.962081 54035
0.962094 7885
0.9621 42465
0.962108 35171
0.962124 1426
0.962136 18633
0.962141 90748
0.962146 13374
0.962146 97909
0.96215 18618
0.962174 17191
0.962186 46169
0.962195 45543
0.962198 14875
0.962199 49875
0.962204 67163
0.962209 4023
0.962209 76165
0.962222 37778
0.962225 94151
0.962229 53253
0.962253 86317
0.962257 35403
0.962258 78817
0.962311 47447
0.962316 43457
0.962322 58746
0.962323 29549
0.962323 80463
0.962328 17787
0.962333 88538
0.962348 19365
0.96235 27693
0.962355 44789
0.96236 38001
0.962361 33183
0.962382 26219
0.962384 97563
0.96239 30832
0.962404 94036
0.962409 24635
0.962429 53983
0.962433 28542
0.962438 13437
0.962439 268
0.962445 59749
0.962447 18611
0.962456 84856
0.962459 64499
0.962471 15820
0.962475 22776
0.962486 68050
0.962501 92388
0.962512 8096
0.962516 52898
0.962525 10669
0.962532 75064
0.962546 72382
0.962547 70569
0.962557 30241
0.962573 7219
0.96259 38140
0.962591 84112
0.962608 18219
0.962618 6179
0.962623 28425
0.962646 58860
0.962657 58559
0.962658 83200
0.962667 2429
0.962668 36860
0.96267 77008
0.962673 57513
0.962693 78376
0.962694 88799
0.962705 63394
0.962705 79204
0.962718 33055
0.962719 41605
0.96274 49189
0.962753 93331
0.962765 69792
0.962778 83882
0.962782 38215
0.962786 75641
0.962794 70893
0.962799 56581
0.962804 55712
0.962828 23793
0.962829 24000
0.962833 8822
0.96284 100154
0.962843 5000
0.962845 2345
0.962854 64438
0.962857 60382
0.962861 27220
0.962897 56864
0.9629 71093
0.962908 16241
0.962911 59395
0.962916 37268
0.962919 5181
0.962928 87573
0.962936 94777
0.962939 56537
0.962968 6159
0.962969 61725
0.962982 83733
0.962999 44842
0.963014 15732
0.963019 64314
0.963025 52865
0.963058 16044
0.963058 82882
0.963064 29363
0.963069 21913
0.963075 97782
0.963077 6109
0.963084 52475
0.96309 63466
0.963102 5164
0.963113 4935
0.963116 1231
0.963118 17667
0.963118 72707
0.96314 79708
0.963152 14553
0.963162 43882
0.963164 57809
0.963165 53367
0.96318 12101
0.963183 47224
0.9632 73886
0.963233 59342
0.963239 29969
0.963246 43590
0.963252 43737
0.963257 56707
0.963262 16090
0.963265 20505
0.963301 42518
0.963312 57118
0.963313 64169
0.963324 47131
0.963324 74451
0.963332 51235
0.963337 64430
0.963346 1714
0.963363 87621
0.963366 14197
0.963373 93360
0.963387 70866
0.963418 13484
0.963436 63774
0.963442 50817
0.963472 38646
0.963475 9452
0.963484 40604
0.963487 62163
0.963493 68704
0.963509 62149
0.963512 56691
0.96352 80022
22 75