1 2
433
0.967348 4869
0.967388 18193
0.967403 9521
0.967408 73078
0.967414 80156
0.967433 86796
0.967457 77702
0.967486 45612
0.967487 30328
0.967487 30376
0.967495 40784
0.9675 3865
0.967507 90460
0.96752 90139
0.967523 94803
0.967525 44430
0.967546 84965
0.967549 13523
0.967558 89459
0.96756 74089
0.967577 94071
0.967582 13258
0.967592 88558
0.967606 96067
0.967613 84199
0.967629 83123
0.967633 88503
0.967634 73960
0.967648 21303
0.967658 11995
0.967664 81578
0.967671 20147
0.967694 41731
0.967697 15897
0.967716 48242
0.96772 42796
0.967735 36876
0.967741 21266
0.967755 34271
0.967758 49594
0.967768 56732
0.96777 76255
0.967785 22619
0.967793 93089
0.967794 80768
0.967804 85806
0.967812 91838
0.967828 51648
0.967845 98935
0.967849 63030
0.967869 22918
0.96787 3495
0.967886 76655
0.967897 90151
0.967911 16734
0.967911 42826
0.967914 31953
0.967936 12524
0.96795 22914
0.967962 16436
0.967999 13860
0.968007 65107
0.968013 25893
0.968057 26853
0.96806 65108
0.968061 74337
0.968061 92576
0.968068 16345
0.968078 82990
0.968082 90505
0.968091 95132
0.968102 77127
0.968115 81150
0.968127 29112
0.968128 42941
0.968143 32666
0.968165 85804
0.968168 34630
0.968177 85371
0.968182 92256
0.968189 37807
0.96819 17564
0.968195 45843
0.968209 33281
0.968217 62995
0.968217 92449
0.968221 20458
0.968223 10090
0.968226 60081
0.968235 16328
0.968239 54261
0.968251 78835
0.968266 19033
0.968271 48787
0.968272 32555
0.968273 22669
0.968276 89832
0.968286 51089
0.968331 1589
0.968332 19934
0.968344 31174
0.96835 79242
0.968368 13476
0.968394 23218
0.968401 67650
0.968419 69964
0.96842 28398
0.968427 47970
0.968452 9981
0.968463 25939
0.968464 77336
0.968481 76116
0.968483 25956
0.968486 73596
0.968497 27909
0.968519 46839
0.968532 78749
0.968534 39131
0.968538 65557
0.968548 55360
0.968554 42442
0.968577 31876
0.968577 72368
0.968578 23861
0.968644 96955
0.968645 26314
0.968647 68730
0.968657 59192
0.968671 38555
0.968672 68135
0.968678 87852
0.968695 53824
0.968697 35128
0.9687 14187
0.968717 35656
0.968721 99067
0.968723 11061
0.968725 68221
0.968736 72457
0.968739 98510
0.968741 12402
0.968741 95395
0.968751 14586
0.968753 73491
0.968766 45806
0.968791 9145
0.9688 18828
0.968812 97445
0.968815 80900
0.968827 92637
0.968841 87226
0.968881 34122
0.968889 62779
0.968898 13123
0.968913 11755
0.968925 33373
0.968932 58340
0.968934 27131
0.968954 73612
0.968959 57686
0.968965 88606
0.968967 93164
0.969003 40286
0.969007 4425
0.969016 49040
0.969021 85602
0.969027 7302
0.969031 33674
0.969032 11079
0.969039 41250
0.969048 68406
0.969054 50856
0.969063 27835
0.969069 93872
0.969073 62535
0.969085 35561
0.969088 63392
0.9691 26774
0.969107 19249
0.969109 15973
0.969116 4125
0.969117 34997
0.969119 75170
0.969121 5174
0.969124 49810
0.969129 99126
0.969134 53600
0.969138 69810
0.969146 46348
0.969148 65585
0.96915 88535
0.969153 68609
0.969155 81690
0.969155 83828
0.969156 44328
0.969169 50289
0.969174 76081
0.969176 63609
0.969192 87663
0.969213 87020
0.969238 47060
0.96926 75458
0.969275 88513
0.969294 54427
0.969313 39127
0.969317 41507
0.96933 60507
0.969331 35965
0.969335 20143
0.969336 45703
0.969358 73558
0.969394 84574
0.969403 98506
0.969424 24654
0.969471 96551
0.969481 68537
0.969494 14564
0.969513 60187
0.969534 73971
0.969538 49110
0.969541 87391
0.969555 31970
0.969568 68383
0.969569 34358
0.969573 60646
0.969585 38320
0.969588 4506
0.969594 5112
0.969604 94869
0.969617 18252
0.96963 87071
0.96963 89132
0.969658 85734
0.969686 9774
0.969687 77465
0.969688 15014
0.969692 93746
0.969703 74565
0.969709 73963
0.969719 22786
0.969721 26291
0.969723 54723
0.969749 13042
0.96975 87511
0.969767 7324
0.96978 4217
0.9698 80387
0.969824 37427
0.969833 2988
0.969844 37502
0.969858 96656
0.969869 72353
0.969885 37844
0.969902 55506
0.969909 21991
0.969926 96466
0.969942 56766
0.969961 14065
0.969974 70347
0.969977 26076
0.96999 48649
0.969994 87631
0.970003 77204
0.970008 42315
0.970018 12653
0.97002 46017
0.970022 10797
0.970029 83439
0.970031 20154
0.970056 3314
0.970075 78045
0.970077 8702
0.970082 40445
0.970087 96759
0.970153 50248
0.970154 73432
0.970157 62119
0.97017 82918
0.970179 99683
0.970194 23975
0.970195 55172
0.970201 8402
0.970204 57549
0.970207 98654
0.970213 72348
0.970215 29907
0.97023 73755
0.970245 59474
0.970254 22474
0.970286 97063
0.970317 46729
0.970322 28071
0.970325 76822
0.970337 81750
0.970339 11396
0.970357 560
0.97036 81159
0.970372 53098
0.970372 68143
0.970385 53960
0.970399 47639
0.970414 61212
0.97042 5380
0.970434 77686
0.970455 56589
0.970462 13325
0.97047 4455
0.970524 34873
0.970535 72615
0.970543 86895
0.970547 59715
0.970548 55878
0.970552 9428
0.970565 68314
0.970573 40310
0.970583 92321
0.970603 47592
0.970604 52433
0.970624 65359
0.970631 27548
0.970634 34038
0.97064 68009
0.97065 85422
0.970671 33863
0.970674 34871
0.970682 51321
0.970684 53550
0.970692 55453
0.970709 77884
0.970735 60227
0.970744 3237
0.970747 35608
0.970757 67896
0.970765 47908
0.970767 8994
0.97077 56388
0.970782 56277
0.970801 10098
0.970804 31125
0.970806 89408
0.970815 9896
0.970823 4063
0.970826 29038
0.970831 68402
0.970836 65871
0.970872 94789
0.970878 24022
0.970886 56569
0.970897 68204
0.970899 36076
0.970986 97513
0.970987 31133
0.971008 10092
0.971049 37037
0.971075 74285
0.97108 80816
0.971091 85594
0.971095 18445
0.971103 63275
0.971127 83348
0.971143 57952
0.971145 13921
0.971148 67771
0.971162 14827
0.971165 62881
0.971181 16791
0.971186 72326
0.9712 19747
0.971201 53643
0.97122 78219
0.971221 94966
0.971224 36705
0.971229 30507
0.97123 84212
0.971273 10917
0.971279 44044
0.971283 4619
0.971287 9972
0.97129 70193
0.971296 41029
0.971296 57133
0.971301 8275
0.971326 4809
0.971329 61763
0.971329 97544
0.97133 23262
0.971336 83686
0.971336 98044
0.971347 45456
0.971349 70117
0.97135 23642
0.971356 19984
0.971358 3915
0.971374 78440
0.971379 54896
0.971383 60559
0.971386 89500
0.971389 93043
0.971398 68036
0.971402 77086
0.971409 70003
0.971433 45816
0.971435 64593
0.97144 73486
0.971458 92947
0.971472 69669
0.971475 81880
0.971481 54405
0.971485 33883
0.971495 28780
0.971512 12714
0.971516 66951
0.971547 98305
0.971558 35346
0.971558 56192
0.971565 97332
0.971574 54038
0.971578 17918
0.9716 88133
0.971628 62898
0.971646 2685
0.971648 16046
0.971676 74136
0.971678 64873
0.971678 79652
0.971679 25134
0.971682 38344
0.971684 11553
0.971694 79025
0.971707 74080
0.971711 3222
0.971714 22931
0.971718 56210
73 22