1 2
405
0.943689 26169
0.943689 52714
0.943694 24895
0.943696 14054
0.943712 25680
0.943729 31316
0.943738 92397
0.943749 33064
0.943757 67079
0.943768 6318
0.94378 93382
0.943787 97463
0.943845 18490
0.943858 74338
0.943863 41337
0.943871 63445
0.943875 60284
0.943897 19528
0.943923 13108
0.943925 92591
0.943928 52779
0.943949 65484
0.943978 69997
0.943984 87129
0.943989 50067
0.943997 18484
0.944005 63284
0.944013 84809
0.944031 26508
0.944044 37204
0.944048 17341
0.944057 92704
0.944064 85954
0.94407 89244
0.944079 64580
0.944083 84877
0.944085 82995
0.944101 63266
0.944108 514
0.944151 36920
0.944152 35070
0.94416 92027
0.944168 38110
0.944192 38424
0.944198 42857
0.944223 60654
0.944241 38665
0.944247 47759
0.944269 53527
0.944272 98286
0.944275 39539
0.944298 8328
0.944327 61927
0.944331 41216
0.944339 75444
0.94438 44976
0.94439 78986
0.944393 48419
0.944399 28133
0.944405 36498
0.944419 43708
0.944423 78561
0.944432 9235
0.944444 24970
0.944457 45921
0.944476 99462
0.944486 70426
0.944525 68347
0.944532 7300
0.944534 28763
0.94455 60424
0.944551 47537
0.94456 92125
0.944563 80791
0.944575 46216
0.944609 78951
0.944614 20701
0.944621 79022
0.944629 73144
0.94464 31656
0.944656 2646
0.944656 45614
0.944666 47855
0.944677 33892
0.944684 99292
0.944705 13737
0.944713 2956
0.944721 63776
0.944724 57035
0.944739 57272
0.944784 23884
0.94481 67242
0.944831 1236
0.944837 93111
0.944849 28365
0.944854 55013
0.944856 6821
0.944858 87905
0.944862 75515
0.944874 78392
0.944879 58012
0.944885 35385
0.944887 40446
0.944903 25328
0.944908 97922
0.944915 7236
0.944917 5459
0.944923 18706
0.944925 17166
0.944927 59112
0.944933 21956
0.944938 66067
0.944959 71905
0.944994 83313
0.945006 77634
0.945011 53037
0.94504 33250
0.945087 23583
0.945129 77936
0.945137 80047
0.94515 42738
0.945155 13236
0.945167 90847
0.945176 74495
0.945207 56737
0.94524 3405
0.945244 64591
0.945249 36137
0.94525 50509
0.945264 5464
0.945271 15960
0.945278 40426
0.945287 11026
0.94529 28747
0.945296 31332
0.945299 29343
0.945304 1107
0.945321 71651
0.945329 86166
0.945332 21616
0.945334 59957
0.945335 41533
0.94534 1662
0.945346 80380
0.945363 38642
0.945368 99785
0.945384 76293
0.945389 18307
0.945394 67030
0.945395 59329
0.945405 43958
0.945405 65408
0.945407 35457
0.945414 3511
0.945418 65357
0.945448 50993
0.945448 76958
0.945455 30945
0.945483 22359
0.945487 79408
0.945506 27701
0.945511 14265
0.945512 7854
0.945519 40096
0.945533 13045
0.94554 53171
0.945541 53661
0.945553 94040
0.94556 49850
0.945562 72418
0.945564 21969
0.945565 91631
0.945571 96711
0.945592 83630
0.945593 17112
0.94561 42272
0.945624 27841
0.945638 63582
0.945639 72773
0.945642 70552
0.945654 81767
0.945661 27164
0.945687 23085
0.945697 97178
0.945706 61120
0.945716 34003
0.945717 71262
0.945729 76766
0.945763 4231
0.945772 60145
0.945774 24497
0.945782 9918
0.945792 61943
0.945808 81010
0.945813 74456
0.945826 93282
0.945831 40063
0.945856 89460
0.945873 16036
0.945888 93682
0.945891 64128
0.945895 52881
0.945898 75329
0.945902 90211
0.945913 1778
0.945916 57200
0.945942 58209
0.945948 51612
0.945962 73315
0.945973 66778
0.945975 23823
0.94598 41693
0.945981 15791
0.945982 10683
0.945982 31148
0.94599 38805
0.94601 58488
0.946048 58719
0.94605 36727
0.946051 56995
0.946057 91144
0.946058 2040
0.946108 656
0.946111 16576
0.946134 84332
0.946136 67434
0.94615 65824
0.946191 31230
0.946197 13989
0.946208 58598
0.946219 14782
0.946224 36774
0.946236 34239
0.946237 88999
0.946245 32935
0.946249 70242
0.946281 2979
0.946304 5432
0.946318 71363
0.94635 16878
0.946357 57950
0.946365 77286
0.946367 7902
0.946386 73319
0.946389 50514
0.946401 93073
0.946431 21576
0.946446 8293
0.94645 19837
0.946462 31207
0.946474 17290
0.946502 31093
0.946503 58911
0.946511 97789
0.946549 36424
0.946553 87193
0.94656 55149
0.946575 75222
0.946579 61960
0.94658 83195
0.946581 5807
0.946581 6392
0.946582 3339
0.946584 32798
0.946584 82372
0.946591 71632
0.946609 4638
0.946615 4870
0.946622 87460
0.946636 12035
0.946646 83477
0.946655 30456
0.946661 92831
0.946668 20900
0.946684 1222
0.946685 70914
0.946697 40302
0.94671 87151
0.946725 27361
0.946736 85004
0.946758 38011
0.946759 46167
0.946767 79462
0.94678 39534
0.94678 44656
0.94678 94830
0.946788 49009
0.946791 38855
0.946805 3109
0.946812 52621
0.946819 27625
0.946828 14963
0.94683 48572
0.946833 86006
0.946833 89159
0.946835 84826
0.946854 64037
0.946858 74342
0.94687 65036
0.946871 40089
0.946889 71461
0.946932 72605
0.946937 76050
0.946952 36995
0.946976 2367
0.946977 2635
0.946978 54021
0.946984 92494
0.947008 20031
0.947029 92426
0.94703 66959
0.947031 35632
0.947058 65609
0.947071 81454
0.9471 88704
0.947106 86311
0.947124 43636
0.947126 1368
0.947127 86852
0.947137 7517
0.947141 50453
0.947158 24510
0.947159 28554
0.947167 82586
0.947168 30591
0.947179 54581
0.94718 48892
0.947182 25824
0.947188 35134
0.947194 33928
0.947201 84674
0.947211 66358
0.947218 73216
0.947222 41959
0.947224 15667
0.947237 67156
0.947263 40720
0.947266 50753
0.947271 82595
0.947281 29916
0.947283 1352
0.947288 72591
0.947322 47490
0.947328 20064
0.947344 22028
0.947347 45696
0.947351 14190
0.947365 47677
0.947371 50978
0.94738 11714
0.947404 99001
0.947408 53684
0.947422 46821
0.947439 41840
0.947458 86046
0.947464 46368
0.947507 56854
0.947538 55889
0.947543 82891
0.94755 73206
0.947554 55694
0.947561 81232
0.947567 92454
0.947573 33819
0.947582 3313
0.947596 54908
0.947599 40036
0.947606 70004
0.947622 4349
0.947624 15322
0.947626 25108
0.947644 30611
0.94765 25288
0.947653 14888
0.947681 32646
0.947705 34346
0.947712 72244
0.947713 87149
0.947714 89413
0.947715 85349
0.947723 41520
0.94773 36116
0.947732 41215
0.947734 26435
0.947735 93378
0.947736 14679
0.947753 80759
0.947759 80312
0.947765 48832
0.947772 95602
0.947773 83372
0.947779 1754
0.947795 38802
0.947811 83453
0.947812 26375
0.947815 13207
0.947817 24918
0.947822 37936
0.947836 5383
0.94784 3361
0.947848 22316
0.947848 67412
0.947858 68073
0.947863 69793
0.94787 27637
48 78