1 2
416
0.936216 3781
0.93622 27244
0.936223 54303
0.936225 65383
0.936225 95770
0.93623 90475
0.936231 45419
0.936236 37090
0.936292 61431
0.936313 28569
0.936319 21357
0.936356 36238
0.936358 57814
0.936359 82033
0.936362 23805
0.936383 37392
0.936397 27825
0.936417 27985
0.936419 11871
0.936419 97533
0.936453 58351
0.936488 71414
0.936498 55362
0.936544 4963
0.936557 23646
0.936557 92908
0.936558 6230
0.936576 662
0.936584 4844
0.936599 52718
0.936604 60933
0.936626 55648
0.936654 86419
0.936667 9655
0.936678 33805
0.93668 94120
0.936704 37080
0.936729 65440
0.936739 57725
0.936741 60472
0.936755 23951
0.936758 82188
0.936761 65185
0.936761 89356
0.936772 88976
0.936808 56270
0.93681 53094
0.936817 12936
0.936818 73888
0.936826 9008
0.936828 85711
0.936842 22027
0.936842 99044
0.936862 68622
0.936865 18951
0.936883 58936
0.936889 81028
0.936896 19573
0.936904 22529
0.936907 41500
0.936913 1777
0.936923 2796
0.936925 6034
0.93693 23822
0.936932 60578
0.93694 96143
0.936946 24125
0.936947 7408
0.936958 79848
0.93697 883
0.936977 67371
0.937004 28822
0.937016 44197
0.937045 91276
0.937059 38318
0.937078 61093
0.937089 47089
0.937093 90650
0.937109 75292
0.937117 17397
0.93712 29660
0.93714 92638
0.937144 34162
0.937167 95937
0.937168 22248
0.937174 17092
0.937174 25271
0.937175 12549
0.937178 17673
0.937199 29566
0.937237 22734
0.93724 8252
0.93726 90909
0.937267 38736
0.937271 63798
0.937272 50706
0.937278 30047
0.937282 67467
0.937292 16216
0.937294 78989
0.937319 21058
0.937332 84496
0.937337 4859
0.93734 91919
0.937349 93715
0.937353 46258
0.937356 55223
0.937362 67707
0.937366 14461
0.937389 89844
0.937399 93783
0.937433 13958
0.937446 82710
0.937456 90379
0.937463 42161
0.937465 43575
0.937469 51688
0.937487 14960
0.937488 17963
0.93749 88442
0.937492 49202
0.937497 77592
0.9375 34411
0.93751 87341
0.937512 94669
0.937514 7735
0.937521 64565
0.937526 72507
0.937528 53785
0.93753 7308
0.937533 77015
0.937535 31524
0.937542 62755
0.937553 93144
0.937558 26198
0.937599 53514
0.937601 82015
0.937606 82680
0.937607 20847
0.937615 10788
0.937618 44246
0.937655 21331
0.937663 95421
0.937666 54018
0.937677 68473
0.93769 44643
0.93772 98965
0.937724 68999
0.937731 70821
0.937737 43581
0.937742 92910
0.93775 82288
0.937752 8033
0.937762 43142
0.937775 77932
0.937778 2969
0.937779 2544
0.937781 80346
0.937784 26140
0.937826 82398
0.937839 69610
0.937839 80100
0.93784 60171
0.937859 59374
0.937887 86933
0.937894 74039
0.937911 86802
0.937912 99327
0.937924 92880
0.937932 50519
0.93794 17644
0.937951 67912
0.937973 6013
0.938004 39922
0.938023 56705
0.938038 68435
0.938064 79300
0.938072 98240
0.938074 22664
0.938079 18561
0.93808 43710
0.938084 21585
0.938088 98115
0.938111 3387
0.938126 14270
0.938131 81960
0.93815 86979
0.938158 86160
0.938164 19921
0.938187 79661
0.938195 19419
0.938195 98983
0.938214 68890
0.938229 42716
0.938239 53353
0.938239 83673
0.93826 97326
0.938262 57482
0.938264 22752
0.938281 90276
0.938284 41093
0.938287 14749
0.938293 58434
0.938304 86825
0.938312 33583
0.938325 68582
0.938333 45176
0.938338 90683
0.938347 59385
0.938351 62748
0.938357 39781
0.938376 53334
0.93838 83538
0.938383 54023
0.938386 23668
0.93839 11604
0.938396 25434
0.938427 25912
0.938432 98236
0.938469 76298
0.938472 62993
0.93849 93519
0.938494 76393
0.9385 48269
0.938502 20615
0.938513 2799
0.938523 22780
0.938537 64107
0.938541 7722
0.938548 31145
0.938557 72474
0.938559 9067
0.938575 75972
0.938592 63299
0.938594 14120
0.938595 24477
0.9386 88061
0.938605 46655
0.938609 11989
0.938616 43291
0.938625 57586
0.938645 88074
0.938663 81412
0.93867 51281
0.938677 89310
0.938682 7628
0.938693 66941
0.938698 84246
0.9387 61912
0.9387 91225
0.938729 7914
0.938739 50200
0.938744 7591
0.938749 31242
0.938765 99820
0.938791 75541
0.938797 23542
0.938805 35934
0.938835 43079
0.938837 20834
0.938845 93130
0.938856 6191
0.938859 59850
0.938865 76829
0.938867 17834
0.938885 68414
0.938895 75231
0.9389 50034
0.9389 96002
0.938902 17545
0.938904 29424
0.938906 55637
0.938916 4693
0.938926 59471
0.93893 33379
0.938931 87247
0.938937 65860
0.938943 93631
0.938955 8141
0.938955 8827
0.938969 86944
0.938982 59719
0.938997 62653
0.939012 72563
0.939022 63102
0.939052 19655
0.93908 67135
0.939124 52202
0.939135 63146
0.939135 64496
0.939136 51104
0.939153 12599
0.939162 15834
0.939172 38825
0.939174 37926
0.939184 36328
0.939187 47140
0.939197 45450
0.939204 86477
0.939213 21795
0.939225 43435
0.939261 52843
0.939264 77990
0.939266 91519
0.939302 77300
0.939312 53015
0.939317 60163
0.939318 96361
0.939325 30255
0.939332 16007
0.939337 98264
0.939341 88014
0.939342 93030
0.939366 24554
0.939366 47443
0.939368 44113
0.93937 22068
0.939403 62215
0.939405 47468
0.939418 77398
0.93943 96356
0.939431 45359
0.93944 34269
0.939447 20514
0.939478 39662
0.939493 29439
0.939493 71681
0.939511 85300
0.939514 58697
0.939524 73388
0.939525 75958
0.939526 95525
0.93953 12259
0.939534 16063
0.939534 75493
0.939535 95964
0.939539 10445
0.939568 20509
0.93962 93447
0.939625 80451
0.939639 79107
0.939647 122
0.939649 4162
0.939669 53423
0.93967 35841
0.939672 60541
0.939676 70541
0.939683 31944
0.939694 49216
0.939695 7520
0.939695 88951
0.939696 72339
0.939707 45377
0.939709 67840
0.939729 44418
0.93975 13540
0.939755 79209
0.939758 37557
0.939771 26891
0.93978 83514
0.939781 53685
0.939795 67945
0.939796 82381
0.939807 39719
0.939809 90201
0.939816 57122
0.939818 29489
0.93982 25568
0.939844 23889
0.939845 40431
0.939858 93535
0.939868 33755
0.939905 82247
0.93991 10057
0.939912 58599
0.939912 6858
0.939917 51449
0.939918 26908
0.939919 35887
0.939919 60539
0.939922 68418
0.93993 55192
0.939938 6591
0.939956 93524
0.939958 18653
0.939961 57351
0.939961 81285
0.939976 28975
0.939998 33554
0.940017 17717
0.94005 48746
0.94005 89828
0.940055 78283
0.940061 829
0.940087 23609
0.940091 49435
0.940096 10512
0.940099 53995
0.9401 76018
0.940119 78205
0.94014 44718
0.940146 51095
0.940168 80693
0.940177 36732
0.940185 88237
0.940192 95802
0.940194 9050
0.9402 20427
0.940201 38486
0.940208 81572
0.940209 16149
0.940215 37053
0.940231 90029
0.940241 64531
0.940247 95521
0.94027 75987
78 13