1 2
404
0.341288 11910
0.341303 33178
0.341322 78626
0.341352 62861
0.34136 33125
0.341369 70623
0.341377 21451
0.341384 69013
0.341395 99274
0.341396 44099
0.341408 23857
0.341414 60039
0.341422 79
0.341439 71909
0.341441 98036
0.341442 26869
0.341445 4776
0.341479 52060
0.341503 19242
0.341511 90878
0.341515 26035
0.341527 86682
0.341538 32337
0.341553 44893
0.341564 9518
0.341592 79976
0.3416 10893
0.341602 16909
0.341602 42485
0.341619 12770
0.341619 41263
0.341641 7611
0.341655 25543
0.341655 89283
0.34172 73112
0.341729 8533
0.341745 99134
0.341751 29108
0.341775 91978
0.341782 79382
0.341783 90281
0.341794 8894
0.341807 88922
0.341828 37162
0.341838 23068
0.341844 31181
0.341848 10912
0.341855 40647
0.34186 94148
0.341864 76417
0.341865 74889
0.341866 9693
0.341871 99549
0.341896 45755
0.341918 59769
0.341919 73613
0.341931 59865
0.341933 83887
0.341937 7940
0.341938 15566
0.341944 74782
0.341968 8665
0.341974 47174
0.341997 18430
0.341998 6800
0.342003 78500
0.34202 205
0.342051 33493
0.342057 71554
0.34207 66685
0.342128 6378
0.342144 79822
0.342145 74349
0.342173 97911
0.342174 24734
0.342191 15357
0.342206 12165
0.342225 55620
0.342226 10584
0.342235 8343
0.342257 44245
0.342257 67959
0.34226 86363
0.342273 7761
0.342287 71848
0.342294 99048
0.342298 71740
0.342302 97760
0.34231 40256
0.342319 59410
0.342338 22103
0.342363 209
0.342404 66686
0.342417 53132
0.342425 30670
0.34243 61873
0.342433 18393
0.34244 34409
0.342441 54468
0.342445 39107
0.342448 94031
0.342473 45097
0.342482 95670
0.342485 40520
0.342489 63765
0.342493 75847
0.342497 46285
0.342507 8303
0.342525 92841
0.342531 24246
0.342531 28493
0.342531 36943
0.342539 1131
0.342547 10811
0.342554 775
0.342572 30808
0.34259 45596
0.34259 88021
0.342597 32824
0.342616 65528
0.342636 16735
0.342637 62624
0.342659 41186
0.34266 356
0.342677 15379
0.342682 51085
0.342695 26167
0.342712 38601
0.342729 57134
0.342734 11898
0.342752 49085
0.342758 53711
0.34276 54934
0.34277 80158
0.342777 39268
0.342783 16694
0.342791 2270
0.342792 36803
0.342799 20444
0.3428 76634
0.342802 34573
0.342828 20578
0.342841 40110
0.342854 41912
0.342856 14925
0.342859 76364
0.342863 67387
0.342873 64830
0.342875 81755
0.342876 49122
0.342878 88251
0.342881 81330
0.342887 67498
0.342895 31558
0.342901 14524
0.342905 61698
0.342908 99309
0.342917 24484
0.342922 64815
0.342928 14862
0.342931 82526
0.342936 32376
0.342941 57596
0.342956 53456
0.342959 92656
0.342973 5325
0.342993 72870
0.343004 29749
0.343004 6620
0.343012 67462
0.343014 92236
0.343026 41705
0.343042 47645
0.343046 92114
0.343078 91359
0.343116 48682
0.34312 84560
0.343125 29932
0.343126 19585
0.343126 73260
0.34313 19040
0.343144 36744
0.343145 34043
0.343156 45071
0.343173 81374
0.343178 45831
0.343178 77064
0.343181 66767
0.343191 34776
0.343198 5738
0.343207 19768
0.343214 68729
0.343217 9250
0.343289 25597
0.3433 99555
0.343315 86030
0.343332 94486
0.343341 17105
0.343343 74713
0.343347 25269
0.343352 50305
0.343354 35424
0.343398 23359
0.343413 93954
0.34343 12962
0.343431 76675
0.343448 24033
0.343457 53526
0.343461 26014
0.343468 99717
0.343497 30867
0.3435 32869
0.343501 96340
0.343536 74548
0.343537 15267
0.343545 62487
0.343577 81158
0.343582 97395
0.343596 39449
0.343615 91445
0.343635 2674
0.343686 77360
0.343687 78101
0.3437 81086
0.343701 34178
0.343706 36325
0.343708 59730
0.343708 83160
0.343727 4254
0.343733 23926
0.343733 60487
0.343734 79754
0.343739 100702
0.343739 101702
0.34377 67988
0.343776 82060
0.343781 27608
0.34379 28174
0.343798 27750
0.343802 42245
0.343809 24203
0.343817 14252
0.343874 41059
0.343879 68103
0.343884 34347
0.343901 76549
0.343912 53826
0.343913 6882
0.343918 35854
0.343921 271
0.343925 51769
0.343942 89242
0.343952 86448
0.343953 15470
0.343953 26130
0.343956 72842
0.343961 24432
0.343972 55410
0.343976 64625
0.343987 47172
0.343998 86383
0.344016 27202
0.344018 92821
0.344023 82013
0.34404 52511
0.344067 60605
0.344067 7129
0.344072 51299
0.344086 78278
0.344097 9619
0.344099 28283
0.344101 46180
0.344141 65950
0.344147 31047
0.344155 70037
0.344157 83939
0.34417 34428
0.344172 58896
0.344178 11796
0.344186 94898
0.344188 78235
0.344193 36396
0.344212 30509
0.344236 5771
0.344243 31854
0.344249 9152
0.344255 58311
0.344264 3055
0.344268 8926
0.34427 83052
0.344271 98676
0.344272 27150
0.344277 95926
0.344292 19569
0.344317 97205
0.344319 74751
0.344354 23156
0.344363 100942
0.344363 101942
0.344365 58546
0.344372 19492
0.344373 95135
0.344407 45844
0.344414 26744
0.34445 296
0.344463 36408
0.344482 78214
0.344484 39224
0.344518 10291
0.344529 24389
0.344534 13013
0.344554 31533
0.344556 68921
0.34456 81161
0.344562 57511
0.344567 36423
0.344576 49981
0.34458 67687
0.344581 51051
0.344601 90572
0.344623 28640
0.344635 52507
0.344647 34755
0.344647 53395
0.344667 65729
0.344669 46033
0.344683 70417
0.344686 85999
0.344694 90059
0.344696 92231
0.344702 83293
0.344704 49310
0.344706 96346
0.344734 45866
0.34474 84282
0.344749 56793
0.34475 58014
0.344751 94596
0.344753 38730
0.344753 78014
0.344776 21027
0.344776 32460
0.344779 22624
0.344779 31222
0.34478 2263
0.344785 23993
0.344786 13962
0.344797 74513
0.344823 77575
0.344838 21592
0.34484 91526
0.344845 44885
0.34485 82929
0.344858 86284
0.344862 36061
0.344908 85283
0.344908 86818
0.344911 62637
0.344947 75766
0.344953 74198
0.344959 58041
0.344963 39792
0.344973 31411
0.344988 74643
0.344989 16364
0.344994 72873
0.345008 26809
0.345012 91865
0.345018 16569
0.345024 57240
0.345027 16178
0.345059 16995
0.345107 8318
0.345117 55232
0.345122 53138
0.345124 69902
0.345131 36365
0.345156 91741
0.345162 16069
0.345168 39113
0.345168 60575
0.345228 13287
0.345238 51136
0.345239 61094
0.345243 57567
0.345247 29201
0.345269 32383
0.34527 66021
0.345287 92167
0.345305 70856
0.345325 74016
0.345335 15045
0.345345 21760
0.345346 14825
0.345352 1023
0.345358 16483
0.345361 37104
0.345372 36329
0.345383 49582
0.345435 43999
0.345439 82812
0.345459 98931
0.345466 86748
0.345469 80496
81 40