1 2
397
0.815014 4000
0.815017 72518
0.815038 23264
0.815048 51318
0.81505 12051
0.815062 76885
0.815068 41471
0.81507 58485
0.815073 1392
0.815073 16854
0.815073 94488
0.815076 57768
0.815076 71364
0.815087 16094
0.815123 34344
0.815125 3140
0.815126 99848
0.81513 32818
0.815131 20345
0.815153 76315
0.815173 57047
0.815174 91406
0.815179 31882
0.815191 52159
0.815192 16501
0.815197 23283
0.815199 62702
0.815209 21791
0.81523 79585
0.815245 77428
0.815249 14913
0.815254 43806
0.81526 63880
0.815272 27321
0.815302 52246
0.815305 46395
0.815313 28263
0.815313 68724
0.815335 49608
0.815345 53356
0.815348 99335
0.815357 38943
0.815383 36595
0.815386 79456
0.815394 17705
0.815402 98038
0.815409 98144
0.815416 77305
0.815422 82213
0.815425 39030
0.815439 71358
0.815454 58181
0.815469 77187
0.815476 88413
0.815477 72595
0.815498 43549
0.815502 1617
0.815503 41122
0.815508 20247
0.815518 55214
0.815519 89670
0.81552 72701
0.815531 75373
0.815534 58877
0.81554 14734
0.815544 75663
0.81555 9799
0.815589 15614
0.81559 37860
0.815613 3131
0.815616 24105
0.815649 45812
0.815649 62527
0.815654 94946
0.815663 17995
0.815683 88280
0.815684 46545
0.815695 22312
0.815695 86810
0.815696 14768
0.815697 38174
0.815702 29980
0.815714 11739
0.815721 24723
0.815743 78115
0.815763 77362
0.815777 33062
0.815782 27797
0.815784 16873
0.815785 86712
0.815814 44018
0.815819 71990
0.815821 51646
0.815823 25293
0.815823 70421
0.815825 34667
0.81583 25449
0.815838 26166
0.815838 47024
0.815839 97137
0.815843 75142
0.815848 1345
0.815854 67165
0.815866 70152
0.815881 53511
0.81589 31670
0.815906 26447
0.815909 67938
0.815913 43598
0.815924 68774
0.815925 50996
0.815926 90743
0.815927 31095
0.815932 84048
0.815937 96698
0.815949 88148
0.815973 67653
0.815979 23390
0.81598 97267
0.815982 36267
0.815982 56654
0.815994 14929
0.816016 33780
0.816049 9777
0.816073 62771
0.816074 97039
0.816089 30430
0.816137 58801
0.81615 26391
0.816158 29134
0.816182 82615
0.816216 99501
0.816225 89491
0.816245 72622
0.816263 77499
0.816271 57442
0.816284 47981
0.816293 22360
0.816302 79064
0.816319 53065
0.816342 41636
0.816348 12021
0.816381 82811
0.816384 14077
0.816386 37654
0.816387 34888
0.816397 72272
0.816436 40704
0.81644 49770
0.816453 29146
0.816478 67561
0.816483 78155
0.816516 65461
0.816517 85434
0.816522 30604
0.816522 44313
0.816535 8686
0.816549 62589
0.816551 41305
0.816553 25166
0.816554 32088
0.816562 16742
0.816563 58998
0.81657 61784
0.816574 62545
0.816599 77307
0.816604 11448
0.816613 71656
0.816616 94848
0.816629 3543
0.816632 53797
0.816655 30269
0.816668 52962
0.816672 34071
0.816691 35526
0.816692 54500
0.816692 72322
0.816694 65994
0.816704 29814
0.816706 49845
0.81671 5258
0.816716 86142
0.816725 27147
0.81674 42945
0.816744 11850
0.816756 61045
0.81676 53994
0.81676 67036
0.816765 59005
0.816766 75950
0.816783 36
0.816798 64605
0.816836 96074
0.816846 65766
0.816849 2563
0.816851 22858
0.816859 60283
0.816869 53373
0.816898 4436
0.816899 45568
0.816915 11047
0.816917 64052
0.816921 28001
0.816923 82704
0.816924 28503
0.816927 17032
0.81693 3274
0.816978 29017
0.81698 9453
0.816981 98503
0.816982 84189
0.817003 35287
0.817009 84339
0.817012 57258
0.817017 61699
0.817025 66041
0.817035 57994
0.81704 46800
0.817054 76975
0.817054 81654
0.817054 82464
0.817072 94800
0.81708 87921
0.817097 53386
0.817098 26345
0.817105 92762
0.817123 88914
0.817124 79465
0.817136 86994
0.817139 65616
0.817158 89586
0.817172 4026
0.817184 62069
0.817201 32033
0.817214 98123
0.81722 86496
0.817222 43370
0.817237 46998
0.817268 30214
0.81727 69946
0.817284 54849
0.817287 51128
0.817304 62736
0.817322 91537
0.817334 10465
0.817336 46826
0.817353 3817
0.817358 77777
0.817367 44509
0.817369 25655
0.817369 78270
0.817377 25630
0.817409 53366
0.817414 13840
0.817415 100583
0.817416 44975
0.817418 53329
0.817419 1270
0.817428 26600
0.81743 32286
0.817441 74139
0.817453 88767
0.817459 9106
0.817479 54867
0.81748 77804
0.817489 8680
0.81753 76224
0.817533 34568
0.817543 12210
0.817547 64067
0.817553 17636
0.817557 37528
0.817579 69695
0.817592 78932
0.817608 78254
0.817612 4614
0.817639 83042
0.817653 14742
0.817679 71359
0.817681 3688
0.8177 30748
0.817701 27515
0.817717 20467
0.817717 60768
0.817725 74826
0.817728 20956
0.817752 56191
0.817778 36319
0.817788 10013
0.817789 59356
0.817808 86205
0.81783 80709
0.817845 39219
0.817889 43360
0.817921 53516
0.817924 35450
0.817926 44490
0.817958 93363
0.817991 13086
0.817996 72565
0.817997 17541
0.818008 82625
0.818009 85137
0.818023 47998
0.818029 10421
0.818039 97931
0.818065 3290
0.818069 57257
0.818087 13470
0.818094 19605
0.818113 95095
0.818119 18131
0.81816 62374
0.818167 36012
0.818169 76061
0.818176 17179
0.818193 85675
0.818195 69721
0.818202 44686
0.818206 29600
0.818206 59401
0.818216 52583
0.818249 36813
0.818261 44405
0.818265 43567
0.818272 35067
0.818275 23710
0.818287 54910
0.8183 33824
0.818336 68855
0.81834 44396
0.818348 41336
0.818362 77529
0.81837 84277
0.818376 52090
0.818402 81664
0.818412 62218
0.818416 60759
0.818421 41918
0.818426 33364
0.818428 16805
0.818445 85538
0.818449 66186
0.818449 95916
0.818486 6799
0.818497 64695
0.8185 63548
0.818505 3859
0.818511 84876
0.818535 69000
0.818541 88000
0.818544 56279
0.818548 70882
0.818588 75132
0.818617 42247
0.818632 67668
0.818642 47836
0.818649 93842
0.818661 62726
0.818668 48074
0.818685 90177
0.818687 45210
0.818688 25408
0.818694 98629
0.818695 33846
0.818704 1384
0.818705 43475
0.818709 83522
0.818714 73540
0.818726 36633
0.818728 15817
0.818734 41239
0.818735 86965
0.818769 20983
0.81877 46741
0.818773 71938
0.818774 24240
0.818782 57382
0.818783 6324
0.818807 57247
0.818808 11059
0.818827 27730
0.818839 81308
0.818847 11292
0.818848 52737
0.818859 36709
0.818907 48712
0.818925 69747
0.818927 46526
0.818932 54882
0.81894 44723
0.818946 21045
0.818946 61695
0.818954 56623
0.818971 66900
0.818991 57921
0.819023 89987
89 16