1 2
427
0.491963 6187
0.491975 98973
0.491984 40836
0.491987 9554
0.491991 35959
0.491991 86424
0.491994 95641
0.492008 40668
0.492015 86082
0.492016 6194
0.492018 14547
0.492024 100793
0.492046 66185
0.4921 22404
0.492103 59707
0.492112 35954
0.492136 30209
0.492136 34795
0.492137 97431
0.492141 84392
0.49215 14280
0.492151 49002
0.49216 69202
0.492166 42575
0.492174 13745
0.492176 93939
0.492196 31350
0.492209 41052
0.492231 96075
0.492232 6090
0.492248 44804
0.492256 57460
0.492261 71650
0.492262 34449
0.492276 10153
0.492283 64969
0.492284 50240
0.492284 79692
0.492292 79917
0.492303 42134
0.492316 92971
0.492327 46234
0.492337 42345
0.492341 79105
0.492346 12536
0.492348 27685
0.492359 85060
0.492364 50063
0.492365 3552
0.492381 76914
0.492383 2025
0.492383 46431
0.492383 52878
0.492391 23376
0.492395 100258
0.492402 47128
0.492409 66753
0.492415 69378
0.492422 5114
0.492427 54544
0.492434 5246
0.492436 72951
0.492439 95148
0.492444 96230
0.492445 67266
0.492448 50843
0.492449 77522
0.492457 30481
0.492488 95324
0.492499 95332
0.492502 91346
0.492511 90741
0.492514 85585
0.492521 73618
0.492523 29914
0.492526 98578
0.492529 13780
0.492529 5903
0.492536 63659
0.492537 39608
0.492537 84939
0.492557 4270
0.492567 34398
0.492583 48845
0.492583 88913
0.492587 17592
0.492587 72392
0.492593 85696
0.492596 81326
0.492601 46176
0.492602 43022
0.492648 9044
0.49266 97245
0.492672 76445
0.49268 30080
0.492685 8975
0.492686 73092
0.492693 96473
0.492694 13324
0.492697 55303
0.492715 59628
0.492718 22674
0.492722 22867
0.492727 549
0.492727 73000
0.492762 17457
0.492769 32481
0.492781 66540
0.492794 35685
0.492808 54390
0.492817 25580
0.492818 76314
0.492844 500
0.492845 33948
0.492848 27466
0.492856 25258
0.492859 9931
0.492864 9667
0.492871 88420
0.492875 93365
0.492897 95365
0.492903 21995
0.492906 1669
0.492928 9857
0.492933 25971
0.492934 55166
0.492943 42750
0.492954 19933
0.492967 53580
0.492969 85332
0.492979 78655
0.493003 35451
0.493008 69266
0.493019 19563
0.493066 38171
0.493076 94082
0.493093 11669
0.493096 80183
0.4931 41034
0.493101 35523
0.493112 1444
0.493115 87536
0.493127 89456
0.493129 14145
0.493129 46222
0.493131 77901
0.493138 1675
0.49316 5924
0.49317 39588
0.49317 55560
0.493184 87328
0.493186 78895
0.493188 86498
0.493194 32244
0.493197 91057
0.493219 15605
0.493225 457
0.493231 10284
0.493233 77014
0.493256 58467
0.493273 35488
0.493284 86840
0.493288 49282
0.493298 35778
0.493298 87493
0.493299 89720
0.493311 87699
0.493318 73921
0.493318 92469
0.493324 54801
0.493325 62818
0.493326 5611
0.493333 4718
0.493334 78801
0.493335 27603
0.493337 7468
0.493338 55680
0.493339 14698
0.49334 87898
0.493342 9744
0.493343 76891
0.493348 18008
0.493351 58903
0.493362 99789
0.493367 1533
0.493372 49157
0.493392 42852
0.493403 68125
0.493404 16438
0.493412 89794
0.493421 82808
0.493433 93148
0.493435 17407
0.493437 81926
0.493449 47445
0.493453 47623
0.493455 66462
0.493479 77364
0.493479 83714
0.49348 51418
0.493486 22507
0.493487 81337
0.4935 19713
0.493536 73250
0.493566 8941
0.49357 86909
0.493576 42472
0.49358 32062
0.493594 8297
0.493598 49767
0.493605 8308
0.493608 60110
0.493612 34796
0.493634 35284
0.493664 37792
0.493674 77437
0.493686 57506
0.493698 3097
0.493701 48390
0.493708 43109
0.493717 84728
0.493723 70915
0.493725 42135
0.493728 24925
0.49373 66529
0.493732 76304
0.493736 97688
0.493738 71317
0.493744 3763
0.493753 12533
0.49376 30440
0.493765 22030
0.493771 38680
0.493787 82393
0.49379 35056
0.493797 28527
0.493797 5436
0.4938 80089
0.493809 37618
0.493829 26215
0.493835 35654
0.493837 70744
0.49386 61246
0.49386 72758
0.493863 53915
0.49388 24727
0.493891 55751
0.493942 81941
0.493968 4901
0.493986 35121
0.49399 58272
0.493997 6628
0.493998 34734
0.494003 60814
0.494004 39499
0.494004 81426
0.494011 82850
0.494015 67260
0.494043 3021
0.494049 43694
0.494064 32681
0.494068 87039
0.494073 57401
0.494076 69933
0.494083 13961
0.494089 67416
0.494096 82216
0.494137 98764
0.494172 6235
0.494172 66036
0.494172 74709
0.494186 1668
0.494222 82358
0.494241 94661
0.494245 66680
0.494254 28517
0.494277 14777
0.49428 83257
0.494297 10829
0.494308 61424
0.494311 77692
0.494313 37503
0.494336 6293
0.494364 95951
0.494402 24481
0.494405 44575
0.494406 30416
0.494424 100284
0.494433 51134
0.494436 5276
0.494451 81496
0.494465 75331
0.494471 77066
0.494476 34188
0.49448 71691
0.494482 76226
0.494487 55064
0.494502 16401
0.494515 63623
0.49453 48337
0.494534 98826
0.494537 15479
0.494544 5525
0.494546 51007
0.494558 14578
0.494562 40901
0.494563 44865
0.494565 29434
0.494569 82249
0.494573 12580
0.494579 76961
0.494595 87178
0.494603 4012
0.494607 79387
0.494613 28027
0.494614 73649
0.494623 4964
0.494627 74276
0.494629 99101
0.494635 20767
0.494642 22847
0.494651 40716
0.494652 1713
0.494656 97116
0.494664 78291
0.494671 15211
0.494676 65973
0.494687 8797
0.494689 37138
0.494691 30599
0.494695 19298
0.494701 78117
0.494704 3414
0.49472 66495
0.494731 85668
0.494741 13909
0.49475 56301
0.494755 72105
0.494757 50618
0.494794 80028
0.49482 87347
0.49483 7874
0.494831 7767
0.494838 59019
0.494851 19927
0.494871 89843
0.494908 15830
0.494927 12389
0.494957 94642
0.494964 16492
0.494965 71217
0.494965 85627
0.49497 61827
0.494986 37327
0.494989 93430
0.494991 96121
0.494993 34366
0.494996 83655
0.494997 26533
0.49502 37700
0.495021 4737
0.495028 38671
0.495043 3111
0.495049 92394
0.495053 98812
0.495055 62884
0.49507 19856
0.49507 39741
0.495084 81228
0.495093 79062
0.495109 48011
0.495109 71737
0.49511 42581
0.495126 11528
0.495126 86820
0.495133 530
0.495136 82819
0.495139 32196
0.495143 99641
0.495157 94310
0.49518 69857
0.495181 81393
0.49521 83620
0.495215 61283
0.495217 12800
0.495229 38228
0.495251 51317
0.495258 30171
0.495258 76710
0.495263 93202
0.495273 99451
0.495277 19334
0.495285 84763
0.49529 49041
0.495292 2581
0.495306 91928
0.495319 82240
0.495323 62314
0.495329 17496
0.49535 40058
0.495372 34656
0.495379 41780
0.495381 100036
0.495415 8495
0.495449 74255
0.495457 46354
0.495461 37989
0.495469 60395
0.495479 64316
0.495493 50010
0.495494 79044
0.495501 792
0.495511 91044
0.495514 27582
0.495531 45637
0.495546 64950
0.495553 95164
0.495557 71132
0.495563 48623
0.495568 64627
0.495576 28728
0.495576 85970
0.495582 36895
0.495587 46490
0.495595 36892
0.495611 60103
0.495615 16659
41 76