1 2
373
0.325067 289
0.32507 51167
0.32509 15768
0.325091 16943
0.325098 245
0.325102 7137
0.325102 86963
0.325103 41353
0.325105 44563
0.325132 68483
0.325141 58503
0.325145 25444
0.32516 89098
0.325163 93996
0.325165 80510
0.325173 6350
0.325179 72309
0.325197 92439
0.3252 62577
0.325205 14311
0.32521 47807
0.325226 14216
0.32524 22578
0.325251 54658
0.325288 69072
0.325288 71626
0.325294 30654
0.325297 27728
0.325304 26344
0.325315 77133
0.325321 29823
0.325324 52977
0.325351 45636
0.325356 80524
0.325386 1588
0.325392 54344
0.3254 42586
0.325406 49992
0.325425 55914
0.325452 35676
0.325482 15260
0.325492 41881
0.325513 88887
0.325519 12882
0.325523 9386
0.325586 50939
0.325603 36865
0.325622 56143
0.325625 46994
0.325638 95340
0.325648 99940
0.325653 96483
0.325677 71998
0.325693 72452
0.325712 87294
0.325716 33323
0.32572 72032
0.325729 60047
0.32573 32696
0.325741 19051
0.325745 16820
0.325745 56924
0.325769 3060
0.32577 35807
0.325778 35586
0.325783 41512
0.325792 74152
0.325797 34240
0.325798 60419
0.325806 18741
0.32581 20404
0.325812 38196
0.325824 79994
0.325831 80391
0.32584 73646
0.325853 89501
0.325877 40103
0.325878 76028
0.325902 46461
0.325911 57161
0.325942 66074
0.325967 12878
0.325973 99850
0.325979 13050
0.325995 80907
0.325997 96487
0.326007 58904
0.326008 8911
0.326019 38094
0.326041 74610
0.326044 26369
0.326064 65474
0.326102 22350
0.326102 73687
0.32611 3897
0.326113 94841
0.326122 79283
0.326128 16741
0.326131 34356
0.326143 69878
0.326143 8094
0.326149 91207
0.326157 42289
0.326179 29400
0.326198 49293
0.326228 100821
0.326239 95742
0.326246 43972
0.326259 22948
0.326273 50195
0.326278 65959
0.32629 19870
0.326299 18555
0.3263 5576
0.326315 6268
0.326317 4483
0.326332 45108
0.326333 18512
0.326354 95116
0.326378 81951
0.326384 5097
0.326396 35209
0.326408 46445
0.326415 18197
0.326417 73300
0.326422 39928
0.32645 55458
0.326456 4949
0.326457 56275
0.326467 14373
0.326468 17466
0.326471 37292
0.326478 85125
0.326484 9411
0.326501 12466
0.326501 12726
0.326505 21689
0.326513 100123
0.326514 58484
0.326517 58481
0.326529 43535
0.326537 3984
0.326542 4226
0.326549 95491
0.326565 70667
0.326575 27177
0.326598 73362
0.326609 74043
0.326647 60383
0.326652 29491
0.326677 3
0.326691 62179
0.326711 69006
0.326722 97366
0.326725 72204
0.326758 31862
0.326761 74032
0.326763 61868
0.326763 99342
0.326765 50688
0.326769 13761
0.326825 24276
0.326859 99611
0.326883 57128
0.326886 11561
0.326891 42947
0.326899 8609
0.326903 22635
0.326949 95141
0.32695 17932
0.326968 62269
0.326977 22617
0.326979 82803
0.326989 4663
0.326993 97901
0.327009 3396
0.327009 70389
0.327018 3729
0.32703 55507
0.327037 68722
0.327061 81982
0.327078 57107
0.327079 42706
0.327082 72775
0.32709 35885
0.327109 45174
0.327116 46859
0.327117 815
0.327122 25379
0.327136 2328
0.327138 51163
0.327146 53746
0.327158 40171
0.327161 39180
0.32717 73791
0.327184 63465
0.32722 88336
0.327221 93922
0.327245 63190
0.327254 3848
0.327259 98834
0.32726 12415
0.327265 57449
0.327272 51709
0.327273 21412
0.327277 2765
0.327284 7620
0.3273 76833
0.327306 99039
0.327317 83935
0.327344 36795
0.327353 36907
0.327376 17140
0.32738 12124
0.327386 17001
0.327397 28323
0.327398 63224
0.3274 15729
0.327404 82051
0.327425 15885
0.327429 16803
0.327438 48951
0.327439 24791
0.32744 71004
0.327454 79172
0.327469 23079
0.327475 74477
0.327481 92681
0.327485 63353
0.327521 47493
0.32754 72688
0.327542 36035
0.327543 28230
0.327562 13880
0.327574 58249
0.327582 11952
0.327588 47991
0.327596 84438
0.327604 56020
0.327628 60108
0.32763 37099
0.327635 46581
0.327643 47005
0.327655 21580
0.327667 21255
0.327693 49653
0.327693 86734
0.327701 6114
0.327707 29859
0.327715 62183
0.327728 10680
0.327731 52521
0.327751 61238
0.327753 93667
0.327755 56956
0.327755 84023
0.327766 36776
0.32777 13538
0.327774 33720
0.327784 42643
0.327787 52324
0.327798 45092
0.327803 17159
0.327834 41933
0.327844 92516
0.327851 97171
0.327852 23310
0.327853 26072
0.327859 5300
0.327859 647
0.327868 59285
0.327871 100237
0.327886 58833
0.327917 60352
0.327941 49773
0.327942 88664
0.327943 60359
0.327949 2151
0.327959 4772
0.327961 93309
0.327967 88676
0.32797 4296
0.32798 39536
0.327991 59380
0.327993 51788
0.328015 67491
0.328034 15024
0.328049 22171
0.328049 31160
0.328051 89035
0.328054 18668
0.328058 68716
0.328065 15801
0.32808 68705
0.32808 9169
0.328081 43807
0.328083 21250
0.32809 60438
0.328104 31343
0.32811 18024
0.328144 9735
0.328165 48635
0.32817 100272
0.32817 76107
0.32818 75867
0.328195 33254
0.328196 49302
0.328202 13292
0.328202 34619
0.328213 12425
0.328217 89706
0.328222 23697
0.328222 51379
0.328275 46111
0.328276 73893
0.328281 15921
0.328303 31677
0.328307 22326
0.328323 47223
0.328324 10060
0.328327 41141
0.328333 40249
0.328336 14653
0.328339 92808
0.328361 42830
0.32837 67901
0.328382 76883
0.328387 59634
0.328392 9845
0.328397 79093
0.328402 75756
0.328438 86133
0.328439 82654
0.328448 70445
0.328461 72454
0.328472 90690
0.328485 82360
0.328497 54003
0.3285 50304
0.32852 47169
0.32852 85943
0.328522 34848
0.328547 50035
0.328556 28871
0.328565 15494
0.328572 32633
0.328587 33756
0.328589 1965
0.328608 20486
0.328619 16861
0.328648 72534
0.328651 69031
0.328671 19054
0.328671 36618
0.328688 38241
0.328718 79801
0.328721 48438
0.328734 75357
0.32874 14283
0.328741 44953
0.328775 88743
0.328785 22717
0.328797 94234
0.3288 77
0.328815 4692
0.328819 88681
0.328825 8007
0.328832 37133
0.328832 41173
0.328841 10217
0.328848 78250
0.328864 60552
0.32887 88625
93 9