1 2
505
0.223112 4555
0.22313 86050
0.223133 22057
0.223144 13532
0.223155 88374
0.223158 99799
0.223167 15579
0.223181 10600
0.223188 62967
0.223189 76987
0.223197 59205
0.223199 97151
0.223212 14867
0.223287 93264
0.223288 90401
0.223305 76327
0.223309 51312
0.223313 83399
0.22332 42543
0.223327 68511
0.223338 77435
0.223341 76277
0.223343 71175
0.223365 77839
0.223367 34396
0.22337 48702
0.223394 98001
0.223396 27641
0.223409 69762
0.22342 18145
0.223424 88096
0.223429 54410
0.223439 55189
0.223447 81465
0.22349 76589
0.223495 18053
0.223506 87366
0.223521 65391
0.223525 48148
0.223539 9017
0.22354 26372
0.223551 16176
0.22356 62417
0.22356 97704
0.22357 71477
0.22358 86971
0.223581 38696
0.223588 17873
0.223592 83184
0.223593 83100
0.2236 49108
0.223604 37444
0.223609 767
0.223624 7066
0.223625 77190
0.223626 90263
0.22366 81784
0.223668 79536
0.223679 99678
0.223701 14530
0.223705 56416
0.223768 88995
0.223774 23802
0.223789 16073
0.223804 85062
0.223833 18936
0.223833 57113
0.223836 51567
0.223837 66825
0.223839 15018
0.223848 62621
0.223879 97098
0.22388 95033
0.223916 6925
0.223918 72021
0.223918 90548
0.223921 24586
0.223929 35788
0.223936 8572
0.223941 3645
0.223941 46587
0.223946 49670
0.223946 81897
0.223953 74245
0.223983 54431
0.223986 9194
0.223994 23152
0.223997 7792
0.224007 25952
0.224007 37265
0.224007 86479
0.224021 10889
0.224028 54043
0.224036 60756
0.224038 88197
0.224039 50125
0.224051 41505
0.224053 95876
0.224101 32267
0.224125 76333
0.224126 8704
0.224127 86008
0.224129 70771
0.224146 35474
0.224179 24748
0.22422 62740
0.224234 52062
0.224234 5919
0.224239 100773
0.224241 34682
0.224241 72292
0.224262 26271
0.224287 36800
0.224304 34224
0.22431 72718
0.224321 87402
0.22433 20335
0.224334 61087
0.22435 37284
0.224365 31374
0.224381 89735
0.224388 23881
0.224389 47758
0.224393 69821
0.2244 64071
0.224407 7210
0.224409 54917
0.22441 59429
0.224422 99288
0.224435 7799
0.224441 56757
0.224442 82477
0.224448 89757
0.224454 47555
0.224461 44026
0.224461 55581
0.224463 95342
0.224473 8462
0.224486 93462
0.224496 23931
0.224505 67392
0.224508 47503
0.224522 33322
0.224531 79886
0.224556 46233
0.224568 65450
0.224572 68646
0.224573 4548
0.224573 83920
0.224576 73707
0.224578 10306
0.224579 95720
0.224586 18363
0.224596 52932
0.224615 94807
0.224633 81882
0.224654 40146
0.224662 62443
0.224678 51434
0.22468 33040
0.224691 90974
0.224694 41695
0.224719 91137
0.224723 75788
0.224753 49640
0.22477 23101
0.224774 46086
0.224786 80637
0.224797 60488
0.224807 93289
0.224814 7613
0.224817 84508
0.224818 16699
0.224818 83946
0.224828 43192
0.224838 81617
0.22484 24026
0.224853 55605
0.224862 26479
0.224866 46011
0.224886 46462
0.224899 36867
0.224913 65017
0.224955 11146
0.224956 80649
0.224958 35401
0.224973 16844
0.224978 74465
0.224991 34724
0.225004 83774
0.225007 60044
0.225064 61706
0.225096 33765
0.225113 100952
0.225116 45053
0.225131 41199
0.225133 37704
0.225146 5975
0.225149 22882
0.225184 51495
0.225219 64930
0.225293 93538
0.225311 58583
0.225328 27991
0.22533 83949
0.225343 7153
0.225347 14035
0.225347 85637
0.225347 97165
0.225363 49843
0.225382 65396
0.225385 8013
0.225386 60246
0.225387 39910
0.225388 55792
0.225414 87201
0.225427 94890
0.22543 28813
0.225435 48360
0.22544 77358
0.225454 73419
0.225457 77582
0.225469 52844
0.225473 10547
0.22548 92767
0.225496 65284
0.225504 62940
0.225516 77431
0.225517 63239
0.225519 74391
0.225523 66421
0.225529 55913
0.225545 57205
0.225554 82735
0.22556 24479
0.225571 62918
0.225578 3641
0.225579 23681
0.225588 54688
0.22559 12683
0.225591 40824
0.2256 43780
0.225606 24317
0.22561 73467
0.225648 22727
0.225649 43979
0.225649 47323
0.225656 59613
0.225668 65835
0.225673 64999
0.225676 83847
0.225679 23019
0.225681 68566
0.225686 19496
0.225697 16172
0.225698 15515
0.225709 82004
0.225759 34377
0.225766 59055
0.225789 33584
0.225794 13140
0.225806 82420
0.225824 79881
0.22583 20291
0.225832 94795
0.225839 5098
0.22584 66775
0.225855 20455
0.225858 63812
0.225867 31124
0.22587 77313
0.225876 45424
0.225901 17294
0.225907 39956
0.225913 93214
0.22593 45915
0.225941 16361
0.225945 82091
0.22595 6432
0.225956 12353
0.225956 79082
0.225966 6101
0.225966 66957
0.225971 29457
0.225984 34176
0.225993 79447
0.226004 71187
0.226005 3474
0.226021 28011
0.226028 81691
0.226045 43270
0.226048 67144
0.226057 89276
0.226081 54694
0.22609 27868
0.226095 20457
0.226097 49290
0.226109 56742
0.22611 23345
0.226126 48466
0.226129 58760
0.226132 94077
0.226135 28295
0.226136 7432
0.226143 15060
0.22616 220
0.22616 90136
0.226169 75582
0.226172 43243
0.226177 91922
0.226178 35179
0.226179 81632
0.226181 40211
0.226182 88192
0.226198 10785
0.226199 8759
0.226224 95125
0.226238 52149
0.226252 88099
0.22626 91220
0.226268 23924
0.226275 1433
0.226298 52418
0.226304 9505
0.226311 45160
0.226317 48897
0.226317 93379
0.226319 53128
0.226319 7556
0.226324 19477
0.22635 52165
0.226351 21952
0.226352 2329
0.226354 8778
0.22636 48432
0.226363 77366
0.226371 54734
0.226429 23994
0.226449 44712
0.22647 65137
0.22647 74759
0.226472 64916
0.226487 55660
0.2265 29019
0.226502 32608
0.226508 80033
0.22651 4170
0.226523 13534
0.226536 16829
0.226537 39847
0.22654 69788
0.226541 61301
0.226551 31197
0.226557 63649
0.226561 94512
0.226565 13396
0.226574 21348
0.226592 49209
0.226593 940
0.226601 14737
0.226607 25353
0.226612 55030
0.226616 57844
0.226623 95462
0.226625 65282
0.226633 29035
0.226649 87743
0.226651 6507
0.226659 94200
0.226673 51925
0.226673 5527
0.226683 15816
0.226687 100734
0.226688 54112
0.2267 46609
0.226723 58785
0.226726 22779
0.226736 90819
0.226753 25611
0.226756 58878
0.226758 93680
0.226768 58667
0.22677 51053
0.22678 76075
0.226794 11480
0.226811 7144
0.226825 20366
0.226831 9645
0.226833 81764
0.226834 45579
0.22684 78674
0.226842 59237
0.226852 41740
0.226866 12230
0.22687 3170
0.226871 99266
0.226873 38592
0.226874 32495
0.226903 66233
0.226912 98050
0.226919 96857
0.226928 43879
0.226953 66040
0.226954 95097
0.226987 22660
0.226989 19660
0.226995 72249
0.227011 47705
0.227061 84458
0.227071 46432
0.227077 77272
0.227084 73386
0.227104 52367
0.227106 41417
0.227121 73844
0.227132 80936
0.227136 56125
0.227137 79205
0.227167 81949
0.227185 29902
0.227206 14184
0.227206 56800
0.227224 95695
0.227231 65797
0.227252 44755
0.227277 78385
0.227284 36197
0.22729 56257
0.227303 93084
0.227311 82839
0.227336 6566
0.227344 74952
0.227352 36556
0.227377 18381
0.227397 61263
0.227398 1728
0.227419 34217
0.227425 71497
0.227427 52870
0.22743 5944
0.227445 93580
0.227455 48484
0.227472 93244
0.227481 91391
0.227485 78038
0.227487 72347
0.227491 32554
0.227495 84206
0.227506 18800
0.227538 53121
0.22756 4763
0.227576 10027
0.227579 69641
0.227621 50876
0.227625 19225
0.227633 19493
0.227634 41805
0.227635 8475
0.227651 25691
0.227656 35100
0.227666 42762
0.227691 74671
0.2277 67690
0.227708 64838
0.22772 30388
0.227721 90556
0.227722 22805
0.227747 28860
0.227756 2227
0.227758 17036
0.227769 32502
0.227771 43723
0.227774 26700
0.227801 88547
0.227802 32321
0.227803 83962
0.227806 2655
0.227807 7549
0.227808 64211
0.227809 9507
0.227814 98625
0.227818 47067
0.227823 1503
0.227848 54802
0.22787 48952
0.227879 90470
0.227882 77581
0.227888 74798
0.227902 31564
0.227906 65987
0.22791 88580
0.227929 13502
0.22794 83959
0.227965 64638
0.227968 39097
0.227969 30244
0.227992 15561
0.22801 74058
0.228012 8304
0.22802 76261
0.228043 89569
0.228074 44680
0.228075 71133
0.228093 83235
0.228095 49300
142 130