1 2
383
3.8e-05 23071
5.8e-05 88897
6.2e-05 6932
6.7e-05 75978
9.1e-05 31434
0.000105 8244
0.000109 40153
0.000124 14491
0.000127 56965
0.000134 61525
0.000156 15048
0.00018 53407
0.000187 88282
0.000193 811
0.000198 35560
0.000199 16776
0.000203 75760
0.000218 69599
0.000225 43790
0.000237 84819
0.000239 70384
0.000247 97115
0.000275 21568
0.000294 29263
0.000295 969
0.0003 31899
0.000316 4018
0.00033 24625
0.000333 22041
0.000336 60239
0.000338 71986
0.000346 22558
0.000353 15374
0.000357 2684
0.000362 56879
0.000366 94110
0.000393 48566
0.000412 3746
0.000415 15139
0.000423 46451
0.000432 20610
0.000441 67105
0.000442 75367
0.000449 98890
0.000457 60299
0.000461 11759
0.000466 17342
0.00047 28683
0.000474 8751
0.000486 43118
0.000493 53084
0.00051 36645
0.000532 249
0.000538 19498
0.000541 89560
0.000551 94092
0.000555 29083
0.000585 73274
0.000587 64228
0.000597 14603
0.000601 64641
0.000607 15171
0.000608 90724
0.000609 73433
0.000614 57437
0.000619 28620
0.000622 56305
0.000634 35013
0.00066 97351
0.000664 82430
0.000688 98241
0.000696 97234
0.000729 20340
0.000759 42252
0.00076 50949
0.000766 58773
0.000778 87219
0.000779 87179
0.000782 65203
0.000791 34799
0.000793 69210
0.000798 100770
0.000816 4832
0.000837 25894
0.000838 56880
0.000843 33444
0.000847 13349
0.000861 75559
0.000863 28993
0.000868 98175
0.00087 20088
0.000882 66474
0.000896 56455
0.00092 64348
0.000927 46114
0.000932 34611
0.000937 6699
0.000948 38976
0.000948 55967
0.000958 10698
0.000968 548
0.00098 48721
0.000984 92669
0.000985 43000
0.001012 90703
0.001021 8681
0.001037 41940
0.001049 10103
0.001071 32922
0.001081 48106
0.001085 50494
0.001086 91015
0.00109 32967
0.001092 57104
0.001116 92659
0.001118 67664
0.001128 58408
0.001133 14544
0.001137 35726
0.00114 38317
0.00114 51557
0.001148 60834
0.001161 6527
0.001206 57888
0.001219 27114
0.001224 16639
0.001225 48823
0.001228 65740
0.001244 6532
0.001246 35361
0.001263 60508
0.001266 33632
0.001274 80714
0.001309 18686
0.001318 62674
0.001321 76773
0.001344 43555
0.001356 24271
0.001363 79327
0.001365 12065
0.001402 33456
0.001403 89161
0.00142 68141
0.001433 67208
0.001449 73448
0.001453 9644
0.001457 82166
0.001466 81693
0.001489 100964
0.001505 74887
0.001531 12299
0.001531 34545
0.001533 8816
0.001534 11806
0.001535 10747
0.001555 66484
0.001578 15766
0.001582 15415
0.001583 82264
0.001584 21061
0.001595 32910
0.001609 27822
0.001635 60538
0.001636 48526
0.001639 25890
0.001642 66715
0.001642 67820
0.001653 42209
0.001671 63576
0.001678 69782
0.001688 37914
0.001695 42560
0.0017 82718
0.001705 49516
0.001723 93265
0.001734 87863
0.001737 32898
0.001745 55123
0.001762 40277
0.001763 56419
0.001786 15098
0.001799 14429
0.001821 53656
0.001822 52640
0.001823 61171
0.001824 59636
0.001831 34250
0.001831 99650
0.001841 32712
0.001841 82502
0.001846 85876
0.001852 52023
0.001866 16182
0.001867 61930
0.001877 52352
0.001883 87322
0.001884 97742
0.001886 89306
0.001892 53441
0.001908 1351
0.001909 30645
0.001915 56820
0.001923 88359
0.001925 43096
0.001958 35968
0.001988 1275
0.002 27669
0.002008 61394
0.002055 85361
0.002063 57821
0.002071 22290
0.002077 78524
0.002089 28756
0.002089 55644
0.002106 70637
0.002114 56387
0.002134 40221
0.002145 19705
0.002171 85019
0.00218 38349
0.002181 55908
0.002184 23057
0.002187 16666
0.002216 58824
0.002226 7629
0.002247 6049
0.002265 70674
0.002266 41802
0.002268 79450
0.002269 15662
0.002281 29148
0.002284 6284
0.0023 88327
0.002327 15292
0.002333 40053
0.002343 21786
0.002358 53295
0.002358 62044
0.002359 31009
0.002362 31025
0.002362 91010
0.002364 71943
0.002368 8301
0.002369 61417
0.002376 72857
0.002382 74749
0.002392 46513
0.002396 98802
0.002403 19707
0.00241 75531
0.002413 10450
0.002425 30475
0.00243 82396
0.002432 15317
0.002438 37655
0.002442 59912
0.002456 62890
0.002459 24103
0.002496 36145
0.002523 61796
0.002531 9062
0.002549 93823
0.002561 98473
0.002606 56357
0.002624 97602
0.002652 60617
0.002654 63112
0.002688 100680
0.002698 89938
0.002704 1186
0.002714 56363
0.002719 18897
0.002744 53198
0.002756 27961
0.002759 13671
0.002778 93183
0.002781 70089
0.002803 27355
0.002818 50516
0.002818 55589
0.002833 49536
0.002863 85543
0.002883 97061
0.002891 63860
0.002897 20773
0.002897 52849
0.002902 30532
0.002906 58890
0.002922 20864
0.002953 65739
0.002968 68168
0.002973 92129
0.002976 35249
0.002977 88069
0.00299 59552
0.003 36684
0.003 91698
0.003022 42100
0.003039 97643
0.003059 58460
0.003063 33202
0.003077 84217
0.003098 5446
0.00311 56133
0.003117 47038
0.003117 91133
0.003131 41878
0.003131 68687
0.003135 33481
0.003139 20152
0.00315 80321
0.003161 93704
0.003168 79981
0.003179 58744
0.003182 40035
0.003187 3649
0.003198 94587
0.003222 52575
0.00323 37449
0.003234 37475
0.003238 9430
0.00324 79255
0.003245 33195
0.003251 37709
0.003255 48325
0.003266 20789
0.003268 67172
0.003275 10689
0.003284 38883
0.003285 62526
0.003287 98006
0.003294 97919
0.003296 21083
0.003319 69642
0.003322 91384
0.003325 72300
0.003327 48921
0.003344 90479
0.003354 63101
0.003361 81483
0.003365 32439
0.003367 48723
0.003373 3909
0.003389 16383
0.003392 15858
0.003395 23009
0.003411 63983
0.003418 61928
0.003454 6931
0.003462 19744
0.003465 93466
0.003481 91666
0.0035 49708
0.003511 8997
0.003519 46244
0.003524 77493
0.003542 56752
0.003545 67013
0.00356 87669
0.003575 86400
0.00359 36273
0.003602 88268
0.003608 10611
0.003612 18173
0.003617 89386
0.00363 14326
0.003639 63597
0.00365 6192
0.003676 46479
0.003678 82218
0.003705 34376
0.003705 6943
0.003708 61308
0.003725 86510
0.003744 34010
0.003777 67021
0.003788 15263
0.003791 13318
0.003793 93001
0.003805 57541
0.003807 49406
0.003818 79850
0.003825 61530
95 none