1 2
444
0.474686 23771
0.474695 40635
0.474727 92091
0.474734 72611
0.474752 21481
0.474753 4648
0.474758 17757
0.474758 39024
0.474758 73572
0.474771 100646
0.474771 101646
0.474794 41903
0.4748 69376
0.474808 94514
0.474825 15154
0.474826 10125
0.474833 62565
0.474861 53109
0.474865 99539
0.474884 68116
0.474909 22663
0.474911 17405
0.474924 77547
0.474938 1013
0.47494 35016
0.474953 6890
0.474979 96459
0.474981 78441
0.475012 81646
0.475022 69620
0.475033 70824
0.475058 47176
0.475065 44256
0.475071 94278
0.475079 133
0.4751 88618
0.475104 58893
0.47511 33247
0.475121 66850
0.475162 27675
0.475192 73194
0.475193 37421
0.475193 49595
0.475194 19675
0.475226 92262
0.475227 46899
0.475257 44908
0.475258 49260
0.475297 82898
0.475313 16000
0.475323 34658
0.475343 70588
0.475349 84088
0.475351 83167
0.475359 14744
0.475362 54078
0.475363 4089
0.475381 67819
0.475393 86067
0.475393 93503
0.475404 83410
0.475418 89060
0.475451 27237
0.47547 7795
0.475489 31618
0.475515 98798
0.475524 43423
0.475541 98310
0.475603 27270
0.475607 52056
0.475617 77333
0.475629 14196
0.475644 98893
0.475647 43359
0.475649 62716
0.475654 61328
0.475672 97074
0.475675 87173
0.475677 95490
0.475684 66999
0.47569 15706
0.47569 29031
0.475694 77654
0.475697 36073
0.47571 23466
0.475721 30052
0.475764 19665
0.47577 91607
0.475787 38548
0.475808 35821
0.475811 39591
0.475875 82310
0.475886 56400
0.475901 99120
0.475923 12253
0.475923 83125
0.475941 100278
0.475941 101278
0.475951 92949
0.475974 84324
0.475976 15313
0.475976 80502
0.475984 65762
0.475996 13789
0.475996 88202
0.475997 44292
0.476027 45222
0.476029 54228
0.47603 68545
0.476059 46481
0.47606 16140
0.476075 65400
0.476085 67061
0.476109 22750
0.476109 24539
0.476119 28351
0.476122 50001
0.476139 47696
0.476152 61499
0.476186 50772
0.476188 44390
0.476198 59513
0.476209 6770
0.476226 22051
0.476243 3716
0.476257 15085
0.476259 1201
0.476264 15158
0.476272 67900
0.476291 86702
0.476301 34991
0.476326 80659
0.47634 7844
0.476348 2924
0.476362 41677
0.476384 46795
0.476396 69518
0.476398 54155
0.476409 73750
0.476419 62297
0.47643 2599
0.476437 77025
0.476452 42783
0.476464 63160
0.476482 32906
0.476483 45185
0.476491 56102
0.476496 85951
0.476515 72578
0.476534 71709
0.476539 35529
0.47654 76283
0.476565 78678
0.476568 99004
0.476573 38492
0.476622 74833
0.476626 10801
0.476631 9009
0.476638 731
0.476651 3604
0.476664 95942
0.476666 44473
0.476683 66415
0.476696 6263
0.476706 100447
0.476706 101447
0.476709 93738
0.47672 73471
0.476726 28309
0.476768 37708
0.476774 49519
0.476775 85465
0.476838 36549
0.476846 51928
0.476877 71052
0.476885 54524
0.47691 60492
0.476912 32279
0.476919 6615
0.476964 90251
0.476986 73837
0.476988 93068
0.477 60217
0.477 78667
0.47701 66045
0.47701 85173
0.477011 46105
0.477021 46260
0.477025 30403
0.477029 28651
0.477046 80890
0.47705 100375
0.47705 101375
0.477051 89819
0.477052 27995
0.477067 41700
0.477097 84608
0.477115 54065
0.477124 34881
0.477132 24410
0.477135 76197
0.477155 39769
0.477156 56124
0.477181 62596
0.477206 2899
0.477207 21284
0.477207 7054
0.477208 33710
0.47721 55531
0.477221 52379
0.477223 65942
0.477234 79802
0.477241 82747
0.477243 92781
0.477271 25793
0.477291 58524
0.477307 72918
0.477318 31167
0.47733 80721
0.477336 40427
0.477346 29901
0.477346 99540
0.477378 48440
0.477387 7658
0.477389 95505
0.477401 19321
0.477401 75005
0.477417 63345
0.477417 98914
0.477435 29883
0.477435 35918
0.477438 52958
0.477453 76045
0.477458 70949
0.477463 73939
0.47747 2476
0.47747 29505
0.477471 74056
0.477496 6834
0.477508 63409
0.477511 72259
0.477533 19627
0.477538 63144
0.477543 5836
0.477559 61151
0.477564 5275
0.47758 99699
0.477583 11918
0.477584 82193
0.477604 43477
0.477607 36975
0.477613 32595
0.47763 39614
0.477636 73788
0.477682 75265
0.477685 45386
0.477686 23038
0.477692 4223
0.477695 72989
0.477716 89547
0.47772 44024
0.477728 98771
0.477733 71711
0.477739 78745
0.47774 40408
0.477742 57223
0.477756 77687
0.477772 25995
0.477777 79915
0.477788 69676
0.477794 8848
0.477812 76539
0.477814 41519
0.477815 45127
0.477816 3401
0.477827 82037
0.477844 61118
0.47787 4301
0.477883 26550
0.477888 93641
0.4779 2790
0.477908 35374
0.477921 49178
0.477922 87976
0.477933 4190
0.477945 92634
0.477949 65370
0.477951 30147
0.477954 79592
0.477955 82777
0.477966 76449
0.477967 85986
0.477982 84613
0.478018 95554
0.478029 80793
0.478042 100074
0.478042 101074
0.478042 102074
0.478074 99838
0.47808 27214
0.478087 57813
0.478098 51738
0.478102 100119
0.478102 101119
0.478111 8918
0.478127 36586
0.478151 83803
0.478152 67514
0.478162 90189
0.478165 7535
0.478174 65389
0.478176 9434
0.478178 85578
0.478184 10530
0.478186 66121
0.478197 42427
0.478198 37483
0.478204 89852
0.478205 65681
0.47821 82032
0.478218 14839
0.478219 12561
0.478221 7965
0.478229 89344
0.478233 56000
0.478237 46673
0.478237 91363
0.478252 1436
0.478262 26573
0.478266 22366
0.478269 76939
0.478289 24815
0.478291 91014
0.478294 92878
0.478296 50623
0.478317 48586
0.478326 45425
0.478345 21149
0.478357 53134
0.478362 22677
0.478407 41108
0.478412 58152
0.478416 69141
0.478427 7495
0.478435 76856
0.478462 11866
0.478484 87685
0.478486 98406
0.478488 86897
0.478497 3673
0.478497 73336
0.478505 221
0.478525 10678
0.478527 19968
0.478529 69215
0.478534 61723
0.478536 20073
0.47855 80955
0.478558 17646
0.478565 11390
0.478591 60148
0.478612 50414
0.478629 48192
0.478656 17164
0.478686 90946
0.478701 27294
0.478703 96456
0.478714 42423
0.478734 7665
0.478735 86634
0.478743 24140
0.478747 12556
0.47875 58934
0.478753 98889
0.478756 13497
0.478756 45909
0.478761 16002
0.478766 14621
0.478773 21508
0.47878 62034
0.478786 8398
0.478796 49918
0.478813 98658
0.47882 48779
0.478823 80115
0.478831 46083
0.478846 97034
0.478855 46627
0.478869 88783
0.478871 100437
0.478871 101437
0.478891 72797
0.478891 730
0.478905 27368
0.478906 64776
0.478915 96716
0.47892 57164
0.478924 2293
0.478929 54728
0.478946 8811
0.478962 50207
0.478986 74180
0.479003 74022
0.479028 96862
0.479037 13212
0.479045 63657
0.479047 73591
0.479061 501
0.479062 6568
0.479063 96952
0.479081 33561
0.479085 93522
0.479121 83481
0.479137 12071
0.479141 50158
0.479158 85452
0.479184 21756
0.479192 5017
0.479194 56472
0.479195 93441
0.47922 13648
0.479223 72101
0.479232 41555
0.479266 54764
0.479287 16089
0.479288 22161
0.4793 80130
0.479304 27551
0.479328 91379
0.479332 60728
0.47934 67734
0.479359 82016
0.479386 56503
0.479394 8855
0.479398 36130
0.479399 64016
0.479403 31912
0.479403 76541
0.479426 77001
0.479427 96830
0.479435 94274
0.479438 57068
0.479448 82139
0.479453 16424
23 80