1 2
416
0.644036 4406
0.644042 25196
0.644044 39289
0.644058 16423
0.644058 94654
0.644074 35481
0.644078 22412
0.644092 61896
0.644114 7571
0.644124 3895
0.644131 73665
0.644137 79182
0.644142 50569
0.644153 97734
0.644178 72583
0.644216 33002
0.644232 28151
0.644238 82290
0.64425 23481
0.644253 93515
0.644261 41526
0.644271 58065
0.644281 67994
0.644285 82416
0.644289 8009
0.64429 5437
0.644293 91608
0.644299 86298
0.644321 95935
0.644329 6942
0.644339 75355
0.644346 11547
0.644347 83277
0.644353 36123
0.644365 50050
0.644368 76942
0.64437 27918
0.64437 56239
0.64438 98981
0.644384 28924
0.644398 52155
0.644402 32598
0.64441 11946
0.644414 66848
0.64442 27647
0.644446 100291
0.644446 101291
0.644451 67880
0.644463 74947
0.644472 49116
0.644482 89112
0.64449 64606
0.644495 99136
0.644518 11109
0.64452 36043
0.644537 78920
0.644544 52469
0.644553 2650
0.644575 87081
0.644592 53481
0.644592 80565
0.644604 97254
0.644609 18931
0.644612 5127
0.644618 5301
0.644619 60494
0.644637 20478
0.644637 78670
0.644638 36379
0.644644 832
0.644652 60825
0.644663 30433
0.644665 69833
0.644678 19672
0.644678 5555
0.644718 92866
0.644738 49691
0.644744 33552
0.644756 74597
0.644766 99491
0.644816 20875
0.644816 29575
0.64483 79899
0.644836 100586
0.644836 101586
0.644847 49811
0.644872 51433
0.644896 71181
0.644896 86136
0.644899 5613
0.644903 91421
0.644906 51326
0.644917 90083
0.644924 100797
0.644924 101797
0.644924 65608
0.644943 73678
0.644946 87943
0.64495 23906
0.644952 98618
0.644953 75781
0.644967 71769
0.644976 27129
0.645017 26704
0.645041 9691
0.64505 71356
0.645055 72483
0.645057 69353
0.645081 98039
0.645092 54456
0.645098 65113
0.645131 49747
0.645133 34233
0.645162 10948
0.645168 72039
0.645187 36921
0.645188 100071
0.645188 101071
0.645188 102071
0.645189 26865
0.64519 31760
0.645193 31931
0.645197 55947
0.645204 76145
0.645245 92874
0.645255 75906
0.64526 27253
0.645264 100907
0.645264 101907
0.645267 45881
0.645279 60049
0.6453 91820
0.645322 39227
0.645335 55491
0.645338 56146
0.645339 71383
0.645368 15141
0.64537 48403
0.645375 53455
0.645378 97989
0.645406 58370
0.645432 89474
0.645445 89468
0.645447 35964
0.645454 25758
0.645468 55147
0.645511 40242
0.645549 74449
0.645556 11304
0.645556 85899
0.645562 59516
0.645571 83802
0.645616 49410
0.645618 50918
0.645626 27800
0.645629 13221
0.645631 41880
0.645633 62114
0.645633 73176
0.645635 20139
0.645666 74572
0.645671 38860
0.645683 90616
0.645684 52140
0.645688 83365
0.64569 32004
0.645692 17569
0.645693 37225
0.645697 61686
0.645719 60857
0.645722 1919
0.645741 30260
0.645748 39950
0.645758 56282
0.645762 97560
0.645769 15342
0.645773 60327
0.645775 90635
0.645834 6473
0.645841 673
0.645883 45023
0.64591 88397
0.645911 59133
0.645918 14693
0.645987 68741
0.646014 11112
0.646021 38311
0.646022 75048
0.646032 38514
0.646049 85235
0.646056 55190
0.646067 53575
0.646081 29597
0.646086 57753
0.646122 35896
0.64614 40946
0.646148 7820
0.646165 35041
0.646189 40230
0.646199 37918
0.64621 94096
0.646213 26254
0.646214 51947
0.646234 90932
0.646252 21410
0.646252 6210
0.646267 87687
0.646311 53070
0.646317 97253
0.646324 24858
0.646327 77463
0.646356 54885
0.646362 11496
0.64639 100177
0.64639 101177
0.646393 39531
0.646395 32639
0.646397 64062
0.646399 77382
0.646401 87012
0.646427 41569
0.646427 60267
0.646433 41297
0.646433 94070
0.64644 75063
0.646445 96072
0.646467 68829
0.646481 81279
0.646493 93652
0.646495 80086
0.646505 22859
0.646521 31722
0.646526 64275
0.646529 20656
0.646529 86262
0.64653 60461
0.646546 13311
0.64656 68238
0.646566 46818
0.646577 9701
0.646585 25415
0.64659 95563
0.646633 68800
0.646633 93137
0.646643 27101
0.646654 56335
0.646673 100178
0.646673 101178
0.646682 64332
0.646693 7694
0.646699 45326
0.646704 20860
0.646705 37448
0.646713 42076
0.646729 50637
0.646732 51639
0.646739 100587
0.646739 101587
0.646767 48922
0.646779 89393
0.64679 33788
0.6468 7056
0.646808 43829
0.646809 16022
0.646813 75243
0.646831 97092
0.646843 43116
0.646847 22307
0.646871 18748
0.646873 49763
0.646907 54939
0.646939 50211
0.646942 15140
0.646973 49488
0.646978 55982
0.646983 17933
0.646991 21663
0.646997 93284
0.64703 12192
0.647049 45063
0.64705 7216
0.647053 22493
0.647057 4263
0.647058 58221
0.647096 68910
0.647104 84369
0.647108 34688
0.647132 28206
0.647134 28808
0.647152 84436
0.647152 96553
0.64719 36497
0.647198 73281
0.647207 93330
0.647223 43063
0.647226 71266
0.647257 90941
0.647264 63335
0.647267 25307
0.647274 78458
0.647281 47729
0.647286 14495
0.647291 73412
0.647295 23228
0.647297 5060
0.647303 52260
0.647319 89484
0.64732 82635
0.647321 87703
0.647325 89018
0.647353 19586
0.647353 61295
0.647376 100886
0.647376 101886
0.647376 78393
0.647379 40056
0.647387 95572
0.647401 40948
0.647404 44561
0.647418 83072
0.647445 83391
0.64745 45227
0.64747 31385
0.647478 49028
0.647507 97566
0.64751 91509
0.647516 58372
0.647517 39926
0.647518 100342
0.647518 101342
0.647522 62540
0.647551 17807
0.647551 21741
0.647559 23654
0.647559 76182
0.647577 56327
0.647584 79481
0.647601 14561
0.647624 4417
0.647634 32309
0.647639 23213
0.64764 56033
0.647646 84880
0.647654 92021
0.647674 56360
0.647675 23340
0.647689 87331
0.647694 33628
0.647694 47182
0.647723 35939
0.647727 21131
0.647733 63211
0.647734 39814
0.647745 27670
0.647753 87046
0.647757 24559
0.647765 57363
0.647767 11586
0.647776 40697
0.647792 80769
0.647808 11920
0.647815 537
0.647816 52305
0.647827 42850
0.647832 26903
0.647836 2944
0.64786 93952
0.647872 56297
0.647875 3218
0.647885 19702
0.647892 17473
0.647898 79073
0.6479 29324
0.647906 23012
0.647908 30089
0.647912 79061
0.647915 47938
0.647937 57305
0.647949 91594
0.647969 30037
0.647971 23037
0.648006 22179
0.64802 55617
0.64802 69224
0.648023 87727
0.648055 99075
0.648059 89449
0.648063 21321
0.648075 91232
0.648083 3137
0.648102 99631
0.648107 13600
0.64811 30756
0.648111 84615
0.648117 57389
0.648144 2388
0.648153 63757
0.648167 71470
0.648174 79356
0.6482 55841
0.64821 92154
0.648236 15001
0.648238 10059
0.648239 58658
0.648254 6605
0.648258 31601
0.648267 77989
0.648272 33234
0.648274 25803
0.64828 46836
0.6483 43019
0.648305 81152
0.648317 13066
0.648337 14237
0.648341 59495
0.648353 98458
58 98