1 2
395
0.291742 646
0.291753 54629
0.29176 3837
0.291768 56890
0.291782 81718
0.291791 18647
0.291805 77357
0.291821 25963
0.291841 46982
0.291841 84976
0.291842 346
0.291866 67739
0.291882 22178
0.291884 46046
0.291889 33505
0.29192 54943
0.291934 15532
0.291942 64737
0.291945 64381
0.291974 43576
0.291977 38262
0.29198 28606
0.291998 52261
0.292019 5583
0.292019 74587
0.292024 29786
0.292057 82921
0.292063 52692
0.292065 87458
0.292077 60724
0.292079 52217
0.292095 31348
0.292098 15573
0.292106 49900
0.292124 37542
0.292141 80941
0.292145 24545
0.292154 63599
0.292156 91943
0.292158 4197
0.292168 94446
0.292171 71068
0.292186 63993
0.292189 72344
0.29219 35718
0.292211 26912
0.292213 76893
0.292223 41905
0.292224 29879
0.292256 28486
0.292266 30494
0.292282 65379
0.292289 78714
0.292299 36003
0.2923 97181
0.292302 39140
0.292302 55596
0.292322 35546
0.292331 2567
0.292344 1682
0.292355 46159
0.292362 27578
0.292385 15034
0.29239 31
0.292391 9121
0.292399 10959
0.292433 92007
0.292443 99822
0.292449 18370
0.292464 52941
0.292467 4499
0.292482 89000
0.292484 29015
0.292491 23783
0.292491 46499
0.292494 89333
0.292522 97311
0.292523 13563
0.292525 54236
0.29253 68267
0.292544 86754
0.292565 8397
0.292567 28180
0.292582 4004
0.29259 80293
0.292596 56444
0.292596 64487
0.292647 30939
0.29267 23309
0.292687 38634
0.292694 15724
0.292714 30664
0.292722 70420
0.292723 87145
0.292748 14070
0.292791 10326
0.292792 8378
0.292798 36775
0.292814 65715
0.292816 5666
0.292825 40033
0.292827 6108
0.292827 7293
0.292835 34961
0.292839 75490
0.292845 5684
0.292857 92599
0.292863 58286
0.292875 67
0.292875 93348
0.292894 35313
0.292902 74118
0.292913 98064
0.292919 19429
0.292926 55427
0.292926 76771
0.29293 3321
0.292941 2086
0.292973 26034
0.29298 81383
0.292985 5837
0.292996 11135
0.293 67113
0.29301 43851
0.29302 870
0.293045 37180
0.293059 88710
0.293066 80533
0.293081 85548
0.293105 74787
0.293128 793
0.293134 20179
0.293135 21966
0.293139 30026
0.293154 95615
0.293157 10443
0.293163 55382
0.293163 652
0.293167 75378
0.293178 58492
0.293179 73996
0.293182 7143
0.293183 53147
0.293187 82141
0.29319 24956
0.293233 36190
0.293236 11387
0.29326 26395
0.293261 15567
0.293262 45434
0.293263 66236
0.293264 70265
0.293265 31171
0.293271 22119
0.293279 59461
0.293283 20076
0.293285 41351
0.293291 76204
0.293304 18615
0.293307 33216
0.293332 42438
0.293333 62376
0.293346 95831
0.293359 55590
0.293359 64670
0.293359 71110
0.293369 62615
0.293394 63200
0.293414 8863
0.293429 84204
0.29343 9122
0.293448 56003
0.293465 62801
0.293467 18965
0.293468 54096
0.293483 83881
0.293507 38128
0.293514 94067
0.293518 40430
0.293524 53479
0.293526 80360
0.293529 14965
0.293532 23657
0.293538 24725
0.293552 83835
0.293559 69137
0.29356 62741
0.293564 75669
0.293578 48327
0.293578 6248
0.293581 51416
0.293583 18139
0.293585 78743
0.293586 98808
0.293587 83252
0.293606 71567
0.293609 28665
0.29363 45536
0.293634 26514
0.293637 77436
0.293643 37544
0.293643 96739
0.293669 25350
0.293683 46861
0.293688 50853
0.293699 27086
0.293718 5604
0.293764 73439
0.29377 29330
0.293772 28315
0.293784 55990
0.293789 61016
0.293806 66204
0.293808 4401
0.29381 32351
0.293817 36361
0.293818 82800
0.293841 68679
0.293861 76782
0.293862 52168
0.2939 16922
0.29392 70598
0.293921 51861
0.293924 43749
0.293926 51723
0.29393 20837
0.293931 13810
0.293936 46327
0.293953 14826
0.293971 17019
0.293973 82908
0.293975 81445
0.294001 15598
0.294006 3862
0.294026 68978
0.294027 92990
0.294037 6827
0.294043 99300
0.294054 57254
0.294058 79644
0.294065 40182
0.294077 35744
0.29408 65533
0.294101 5752
0.294104 95914
0.29412 84886
0.294127 1739
0.294151 66171
0.294155 50149
0.294164 32145
0.294167 75192
0.29417 74300
0.294172 80075
0.294237 75175
0.294252 76585
0.294257 97317
0.294291 82331
0.29433 25267
0.294355 72350
0.294377 71155
0.294384 47748
0.294393 14313
0.294396 28624
0.294419 91090
0.294427 50168
0.294446 54080
0.294468 46294
0.294473 989
0.294475 21111
0.294485 7131
0.294497 25579
0.294525 80061
0.294531 70676
0.294553 4265
0.294575 67606
0.294575 79895
0.294599 64079
0.294599 74750
0.294605 71706
0.294606 1944
0.294611 31796
0.294612 35335
0.294646 8892
0.294654 86121
0.294657 78828
0.294663 43141
0.294677 44388
0.294677 56186
0.294702 38053
0.294703 45117
0.294715 39205
0.294743 95814
0.294745 99461
0.294749 56821
0.294758 99867
0.294774 92473
0.29478 79555
0.294783 64283
0.294789 78133
0.294806 2064
0.294808 76577
0.294811 91766
0.294813 52784
0.294826 19821
0.294829 53857
0.29483 8014
0.294835 85929
0.294838 6555
0.294852 63416
0.294853 108
0.294853 31406
0.294857 67158
0.294859 42898
0.294864 49630
0.294867 10650
0.294867 61692
0.294879 60396
0.294886 43913
0.294887 14673
0.294912 58035
0.294916 72295
0.29493 9788
0.294945 4824
0.294948 8970
0.294949 14989
0.294962 51301
0.29498 74195
0.294995 7321
0.295002 24898
0.295007 59014
0.295012 67305
0.295017 24984
0.29502 96159
0.295022 68943
0.295028 5949
0.295031 81443
0.295046 47370
0.29505 72616
0.295052 52642
0.295057 53977
0.295075 46240
0.295093 98419
0.2951 28198
0.295139 60665
0.295149 62864
0.295165 2039
0.295174 60471
0.295183 11461
0.295195 41662
0.295202 69739
0.295216 20675
0.295222 6360
0.295227 75333
0.295232 18989
0.295235 56018
0.29524 70099
0.295244 7638
0.295246 24364
0.295258 87383
0.295278 63764
0.295286 50409
0.295288 2986
0.295338 83769
0.295355 45357
0.295359 31476
0.295365 29691
0.295377 81753
0.295379 83105
0.295384 65713
0.295389 57500
0.295391 39909
0.295392 77406
0.295396 1656
0.295399 81442
0.295415 62424
0.295417 12540
0.295439 48958
0.29544 38116
0.295444 89532
0.295458 71077
0.295462 24623
0.295489 40183
0.295504 86990
0.295513 65227
0.295524 76981
0.295543 28392
0.29555 92211
0.295556 46158
0.295563 10277
0.295585 34794
0.295595 98732
0.295602 64971
0.295604 95927
0.295607 6099
0.295616 26858
85 18