1 2
401
0.125491 1194
0.125495 51961
0.125499 43534
0.125502 56119
0.125506 44957
0.125506 69148
0.125549 12830
0.12557 98977
0.125585 32172
0.125588 59576
0.125604 48427
0.125608 41380
0.125617 95277
0.125636 44660
0.125644 44424
0.125647 78255
0.125656 14246
0.125668 11465
0.125678 46950
0.12569 2207
0.125699 96438
0.125704 63822
0.125707 27275
0.125709 33387
0.125743 51514
0.125746 30064
0.12577 14805
0.125802 56561
0.125802 9806
0.125806 11690
0.125819 20495
0.125919 98534
0.125926 63119
0.125928 54258
0.125937 15381
0.125942 15031
0.125953 33238
0.125957 47138
0.125979 31701
0.126022 44540
0.126054 49285
0.126058 46573
0.126061 82914
0.126078 93786
0.126087 66306
0.126113 7892
0.126114 90314
0.126117 7615
0.126143 22091
0.126155 12472
0.126164 67143
0.126166 37269
0.126169 43747
0.126175 57839
0.126177 26389
0.126178 9571
0.126209 35994
0.126238 52211
0.126241 15581
0.12627 13558
0.126277 10852
0.126278 55413
0.126282 85878
0.126292 19669
0.126295 10022
0.126297 19589
0.126315 59792
0.126335 12907
0.126369 52899
0.126391 63892
0.126395 39550
0.126396 27628
0.126402 88716
0.126404 76257
0.126408 16494
0.126411 90498
0.126417 55963
0.126428 61642
0.126437 52775
0.126446 39221
0.126446 77750
0.126469 97436
0.126477 54097
0.126491 51055
0.126497 118
0.126505 35077
0.126513 2555
0.126524 42386
0.126545 13531
0.126553 54640
0.126555 60175
0.126555 74355
0.126559 67879
0.126571 21362
0.12658 60990
0.126582 56045
0.126583 73183
0.126584 31119
0.126602 9523
0.126606 40384
0.126629 19881
0.126629 59841
0.126629 64813
0.126632 4354
0.126641 70105
0.126651 85059
0.126667 30880
0.12668 94969
0.126701 5016
0.126712 42260
0.126716 15198
0.126718 99898
0.126758 81396
0.126779 76815
0.126782 92702
0.126783 13068
0.126796 85293
0.1268 60682
0.126803 13115
0.126818 83791
0.126829 99634
0.126834 36616
0.126841 14020
0.126849 72155
0.12685 47561
0.126852 95721
0.12687 76180
0.126881 4677
0.126886 63982
0.126898 83758
0.126902 79492
0.126905 22694
0.126911 64883
0.126914 68738
0.126929 83853
0.126934 17777
0.126941 97772
0.126949 22486
0.12695 51087
0.126953 53813
0.126956 84223
0.126958 84272
0.126968 94299
0.126973 92295
0.126983 63244
0.126986 76673
0.126995 77573
0.127029 46134
0.127048 66838
0.127048 88648
0.127052 10575
0.127054 10639
0.127055 73442
0.127067 50317
0.12707 81413
0.127077 69557
0.127083 52047
0.127083 72108
0.127118 45951
0.12712 74711
0.127154 89709
0.127155 89651
0.127181 15084
0.127186 22986
0.127194 5859
0.127202 26969
0.127209 41788
0.127213 41027
0.12722 22640
0.127229 40921
0.12723 7737
0.127238 130
0.127246 92287
0.127265 86593
0.12728 31733
0.127288 58500
0.127291 43637
0.127318 33154
0.127327 2118
0.127332 39788
0.127374 42633
0.127383 61001
0.127407 50567
0.12741 10935
0.127412 78169
0.127415 88808
0.127424 89830
0.127432 33544
0.127448 73429
0.127457 2932
0.127465 1641
0.127466 4807
0.127486 57763
0.127521 83726
0.127528 4607
0.127544 76739
0.127545 36539
0.127554 17281
0.127569 2490
0.127593 72083
0.127601 17721
0.127601 36147
0.12762 97581
0.12763 87809
0.127631 24147
0.127634 65181
0.127647 50120
0.127673 22498
0.127673 44324
0.127675 2750
0.127679 95915
0.127686 48947
0.12769 79584
0.127739 82286
0.127742 50586
0.127744 23130
0.127754 43981
0.127757 27645
0.127779 6511
0.127798 60624
0.127798 68860
0.1278 51175
0.127804 77801
0.127809 49109
0.12781 94167
0.127825 48291
0.127845 13338
0.127853 25869
0.127876 84387
0.127902 45404
0.127907 75372
0.127925 41332
0.127929 42433
0.127932 6435
0.127934 78031
0.127936 27465
0.12794 26595
0.127945 44617
0.12795 73032
0.127957 94718
0.127966 43512
0.127968 81671
0.127971 96646
0.127976 28168
0.12798 24911
0.12798 50553
0.127981 74662
0.127997 36028
0.127997 43001
0.127999 65131
0.128001 73068
0.128013 91911
0.128024 90285
0.128041 88598
0.128045 68039
0.128045 78656
0.128067 55388
0.128074 21775
0.128075 29456
0.128078 79835
0.128086 1782
0.128099 70860
0.1281 68276
0.128108 29663
0.128111 33358
0.128117 44898
0.128119 31135
0.128124 62164
0.128125 75929
0.128125 92467
0.128131 45559
0.128169 4833
0.128171 79501
0.12819 49792
0.128197 52561
0.128201 15166
0.128201 88326
0.128205 74378
0.128208 97140
0.128234 22196
0.128262 45207
0.128289 88276
0.128294 65876
0.128302 84726
0.128322 24568
0.128341 73406
0.128364 32027
0.128377 89713
0.128379 14003
0.128403 85611
0.128412 30168
0.128413 48791
0.128432 81701
0.128448 37270
0.128454 42810
0.128458 79260
0.128486 90618
0.128488 38724
0.128497 90636
0.128506 87780
0.128521 35773
0.128536 46089
0.12854 86597
0.128564 23626
0.12859 69038
0.128597 55230
0.128623 45732
0.128623 90841
0.128627 29089
0.128633 18835
0.128633 26490
0.128635 71199
0.128647 38423
0.128657 68499
0.128667 89525
0.128686 83775
0.12869 17675
0.128692 19047
0.128707 20116
0.128741 37190
0.12876 78698
0.12877 43282
0.128779 16204
0.128785 29951
0.128785 99428
0.128814 19283
0.128828 65791
0.12883 88583
0.128832 71815
0.128839 52682
0.12884 3589
0.12887 98874
0.128871 17104
0.128871 39863
0.128911 54845
0.128916 62357
0.128934 1301
0.128942 4346
0.128953 23480
0.128959 79131
0.128978 18186
0.128983 60070
0.128987 38368
0.129012 48999
0.129023 56165
0.129033 94713
0.12904 76451
0.129041 26551
0.129049 63694
0.129069 64808
0.129073 50046
0.129078 56852
0.129085 692
0.129092 59918
0.12911 21818
0.129135 80470
0.129138 43847
0.129144 67381
0.129152 83633
0.129157 13595
0.129158 45088
0.129166 53446
0.129172 80939
0.129177 96798
0.129186 68751
0.129186 72961
0.129204 529
0.129206 91727
0.129207 26625
0.129207 35827
0.129213 776
0.129214 89826
0.12922 39786
0.129224 61614
0.129229 43729
0.129232 95782
0.129242 90398
0.12926 7493
0.129313 59688
0.129338 61684
0.129339 10149
0.129339 47730
0.129342 52176
0.129346 2191
0.129352 26484
0.129356 31308
0.129358 28215
0.129364 66251
0.129364 81420
0.129398 19538
0.129406 22707
0.129414 99433
0.129415 20104
0.12944 95359
0.129448 57296
0.129455 10585
0.129461 23269
0.129461 69581
0.129473 73181
0.129484 5817
0.129485 92094
91 5