1 2
413
0.678748 11640
0.678751 86426
0.678763 38327
0.678765 60732
0.678774 24176
0.678811 157
0.678846 3382
0.678854 94203
0.678864 31972
0.678866 45892
0.678883 54490
0.678899 98364
0.678903 56626
0.678933 75854
0.678936 25078
0.678941 16144
0.678948 10901
0.678948 18329
0.678968 84701
0.678969 63814
0.678976 99753
0.678992 24169
0.678994 56375
0.678998 53180
0.679005 51230
0.679007 12851
0.67901 51118
0.679017 52984
0.679028 51794
0.679034 57668
0.679037 64719
0.679054 2009
0.679062 13043
0.679065 30059
0.679083 6327
0.679124 100761
0.679124 36589
0.679147 15795
0.679159 60151
0.679163 86775
0.679183 48309
0.679188 5422
0.679194 91723
0.679202 97190
0.679206 34735
0.679207 42462
0.679209 37640
0.679232 20553
0.679258 98451
0.679259 3565
0.679259 4672
0.679267 72728
0.679285 91878
0.679335 88496
0.67934 85638
0.679341 80424
0.679352 70863
0.679352 76683
0.679356 49276
0.679385 100840
0.679422 61646
0.679439 48203
0.679464 93373
0.679473 99869
0.679474 59247
0.679475 48021
0.679487 42870
0.679509 2401
0.67952 15345
0.679535 19609
0.679542 92337
0.679548 93157
0.679571 43838
0.67958 68985
0.67961 49607
0.67962 100110
0.67962 70607
0.679631 75234
0.679635 87832
0.679637 83916
0.679638 22447
0.679641 27048
0.679647 40818
0.679652 81380
0.679652 85184
0.679658 15912
0.679667 89120
0.679689 79035
0.679692 13025
0.679693 63926
0.679697 24151
0.679701 35927
0.679708 24809
0.679711 52912
0.679715 24391
0.679718 96360
0.67973 72071
0.679731 41916
0.679741 32661
0.679742 76065
0.67975 88117
0.679769 1963
0.67977 34482
0.679795 94828
0.679801 59548
0.679818 61583
0.67982 27155
0.679824 74808
0.679828 100571
0.679831 82653
0.679837 16575
0.679845 78024
0.679859 968
0.679864 97413
0.67987 14118
0.679885 78564
0.679891 43030
0.679892 88608
0.6799 94502
0.679901 98860
0.679906 75483
0.679907 12161
0.679912 52006
0.679917 63175
0.679919 71193
0.679937 34206
0.679963 86129
0.679984 3371
0.679997 29183
0.679998 77994
0.680009 53505
0.680013 50657
0.680027 41383
0.68003 87824
0.680042 37205
0.680066 19676
0.680068 52297
0.680071 95960
0.680072 32037
0.680091 69666
0.680091 73202
0.680098 63023
0.680101 91620
0.680126 9604
0.680128 19999
0.680149 29151
0.68017 98132
0.680173 17168
0.680175 55911
0.680198 31044
0.680202 32843
0.680216 93935
0.680222 67762
0.680237 17544
0.680241 85592
0.680245 82049
0.680277 16891
0.680279 70745
0.680281 55583
0.680283 96598
0.680286 54183
0.680295 4356
0.680297 16117
0.680309 84546
0.68031 643
0.680324 40591
0.680325 49452
0.680336 43536
0.680337 48593
0.680348 14615
0.680363 32950
0.680364 13225
0.680372 6079
0.680388 11150
0.680395 33558
0.680398 96718
0.680403 12104
0.680423 44968
0.680441 28125
0.680448 31692
0.680451 22689
0.680462 68908
0.680465 52987
0.680486 6955
0.680489 1614
0.680505 97004
0.680514 50202
0.68053 90758
0.680543 64544
0.680555 15383
0.680566 70673
0.680576 27876
0.680582 47613
0.680605 68201
0.680621 26033
0.680662 49668
0.680667 76924
0.680695 36688
0.680723 9311
0.680753 4192
0.680765 58929
0.680771 70209
0.680782 11019
0.680782 66695
0.680785 26011
0.6808 9935
0.680805 44315
0.680805 88624
0.680807 34995
0.680828 4075
0.680834 65850
0.680842 45201
0.680844 50510
0.680869 23134
0.680879 49444
0.680908 8241
0.680911 54222
0.680913 39089
0.680913 91302
0.680929 60320
0.680984 66331
0.681014 80046
0.681024 62457
0.681032 12565
0.681033 50823
0.681041 58323
0.681054 57387
0.681056 39954
0.68106 19325
0.681061 39214
0.681067 50950
0.681077 97765
0.681078 88491
0.681079 69882
0.681105 77309
0.681123 10339
0.681144 93069
0.681151 10572
0.681159 77585
0.681162 3240
0.681182 8927
0.681183 5858
0.681186 64053
0.681219 59241
0.681237 11809
0.681263 51935
0.681265 78962
0.681268 64524
0.681291 92840
0.681307 28122
0.681307 43277
0.681316 27180
0.681324 14922
0.681334 33777
0.681339 30130
0.68134 93016
0.681346 38789
0.681356 84724
0.681362 20577
0.681367 72106
0.681375 36626
0.6814 33665
0.6814 57977
0.681402 70256
0.681422 81367
0.681444 14974
0.681452 36976
0.681467 67837
0.681469 59053
0.68147 25235
0.68149 69894
0.681495 73730
0.681498 23788
0.681503 91245
0.681507 54169
0.68151 48043
0.681515 20993
0.681522 99072
0.681528 53398
0.681531 23758
0.681533 60362
0.681533 80366
0.681536 57041
0.681539 52859
0.681559 95594
0.681564 20314
0.68159 76154
0.681596 75497
0.681609 12226
0.681614 1839
0.681619 85860
0.681623 39866
0.681624 46149
0.681646 19767
0.681653 55347
0.68166 95130
0.681662 86968
0.681688 86221
0.681702 12137
0.681718 70081
0.681732 83886
0.681748 18509
0.681748 58217
0.681798 42513
0.681798 58709
0.681812 55836
0.68182 28152
0.681826 99407
0.681827 21038
0.681836 30505
0.681836 86732
0.681836 95600
0.681838 23361
0.681844 83397
0.681848 5156
0.68185 81379
0.681856 51438
0.681861 77109
0.681862 45060
0.681865 9979
0.68188 74594
0.681883 80281
0.68189 99360
0.681897 19770
0.681939 74181
0.68194 15128
0.681941 47470
0.681955 37391
0.681962 5678
0.681963 90918
0.681972 97999
0.681997 74397
0.682016 36827
0.682027 98198
0.682038 18853
0.682046 35901
0.682047 75595
0.682055 62678
0.682071 22450
0.682072 67588
0.682072 72356
0.682107 98189
0.682112 57195
0.682113 43313
0.682126 55215
0.682127 13118
0.68214 17615
0.682146 4796
0.68215 42530
0.682153 41254
0.682156 27295
0.682158 15762
0.68216 68450
0.682163 85411
0.682167 11525
0.682173 12687
0.682174 92931
0.68218 66224
0.682185 56497
0.682218 76533
0.682247 48323
0.682251 56559
0.68226 28028
0.682264 91331
0.682273 71545
0.682295 52059
0.682297 41068
0.682302 97806
0.68231 71620
0.682316 20382
0.682324 73860
0.682325 70086
0.68233 43047
0.682333 100706
0.68234 8912
0.682349 83228
0.682354 89293
0.682358 45548
0.682366 46995
0.682379 9201
0.682383 37404
0.682384 93525
0.6824 27827
0.682405 20170
0.682408 99698
0.682409 42198
0.682414 14165
0.682425 61720
0.682451 71330
0.682451 91136
0.682467 74817
0.682487 97699
0.682511 38842
0.68252 36100
0.682532 62398
0.682537 52415
0.682552 65446
0.682555 75869
0.682569 37683
0.682587 38470
0.682598 51525
0.6826 91733
0.682607 83190
0.682609 40162
0.682616 34553
0.682622 37803
0.682626 50194
0.682627 5581
0.682627 91223
0.682628 83834
0.682629 94415
0.682647 72706
0.68266 19979
100 60