1 2
399
0.031371 10807
0.031371 4512
0.031398 60548
0.0314 34026
0.031422 7067
0.031442 3412
0.031449 34022
0.031468 84377
0.031481 18232
0.031494 18168
0.031502 79972
0.031508 30716
0.031521 71000
0.031563 85093
0.031577 19967
0.031578 80354
0.031583 48909
0.031596 91131
0.031598 18463
0.031607 41778
0.031607 54902
0.031616 7760
0.03164 54891
0.031643 8137
0.031655 70729
0.031665 83471
0.031681 11877
0.031717 67774
0.031728 96042
0.031736 25287
0.031748 47789
0.031763 18551
0.03177 26724
0.031781 7345
0.031783 38755
0.031783 96122
0.031791 81352
0.031802 93041
0.031837 55957
0.031847 38554
0.031848 72531
0.031874 45899
0.03188 76764
0.031882 63890
0.031918 9120
0.031933 86045
0.031938 69264
0.031938 90768
0.03194 18634
0.031982 74505
0.031997 1692
0.032007 81570
0.032028 55815
0.032045 59483
0.032048 4557
0.032051 61832
0.032059 40911
0.032062 42798
0.032124 39882
0.032131 30069
0.032159 64118
0.032166 96934
0.032175 38336
0.032185 69955
0.03219 64802
0.032194 5976
0.032204 5516
0.032206 46706
0.032208 90772
0.032226 35732
0.032237 89434
0.032249 9537
0.032283 36902
0.032284 997
0.032285 19413
0.032311 68917
0.032316 63915
0.032319 90921
0.032336 16471
0.03235 51905
0.032372 33625
0.032381 9702
0.032397 57948
0.032397 82903
0.032399 2149
0.03241 39009
0.032441 19611
0.032466 57297
0.032473 31709
0.032485 58379
0.032486 75434
0.032491 88597
0.0325 76899
0.032504 2756
0.032504 29675
0.032512 71624
0.032513 62528
0.032519 41379
0.032536 96210
0.032544 76379
0.032545 40942
0.032562 42430
0.032571 72552
0.032577 31832
0.032579 11376
0.032599 5407
0.032618 96154
0.032634 94870
0.03264 80537
0.03265 73496
0.032657 51094
0.032682 68558
0.032689 8278
0.032692 65473
0.032701 90537
0.032716 49643
0.032726 1292
0.032732 21241
0.032732 55602
0.032746 23565
0.032754 11593
0.03276 26932
0.032775 72523
0.032788 54969
0.03279 22260
0.032801 31320
0.032801 83790
0.032803 9968
0.032819 28470
0.032822 17219
0.032823 66166
0.032839 76983
0.032844 66056
0.032856 66534
0.03288 90740
0.032897 38388
0.032903 70981
0.03291 76688
0.032925 74928
0.032941 17554
0.032946 68706
0.032957 25835
0.032968 55199
0.032975 44446
0.032989 28841
0.03299 32553
0.032993 37940
0.033011 93623
0.033032 95124
0.033035 73302
0.033039 24620
0.03304 41196
0.033043 43634
0.033043 59977
0.033055 15601
0.033071 32419
0.03308 5770
0.03309 86984
0.033092 19386
0.033092 74087
0.033097 43179
0.033099 47881
0.033104 96038
0.033107 7004
0.033108 39549
0.03312 61847
0.033134 50554
0.033179 28023
0.033179 70688
0.033195 77882
0.033202 7438
0.033224 70603
0.033228 41023
0.033233 48716
0.033256 96606
0.033261 73022
0.033298 17332
0.033317 28390
0.033319 25437
0.033322 75560
0.033331 88759
0.033349 68289
0.033351 72923
0.033356 99023
0.033392 60874
0.033396 34550
0.033399 51389
0.03342 59433
0.033428 3683
0.03343 12841
0.033451 56118
0.033478 60035
0.033487 10928
0.033494 31000
0.033517 25497
0.033555 72837
0.033556 33714
0.033557 98478
0.033564 41229
0.03358 11851
0.033589 38923
0.033638 30136
0.033651 99906
0.033652 7049
0.033666 89857
0.033668 24553
0.03367 81369
0.033681 49546
0.033689 7594
0.033693 87010
0.033702 14648
0.033705 25007
0.033706 58446
0.033707 44537
0.033729 69071
0.03373 67889
0.033732 77281
0.033746 67873
0.033752 78782
0.033762 71982
0.033766 23395
0.03378 83966
0.033786 1679
0.033791 77207
0.033797 3872
0.033809 23689
0.033809 56048
0.033814 78811
0.033826 15856
0.033841 72472
0.033843 90411
0.033844 25227
0.033846 45963
0.033851 57130
0.033859 96873
0.03386 9621
0.033871 91621
0.033894 76931
0.033919 50756
0.033923 96620
0.033924 33862
0.033942 28417
0.033947 46777
0.033976 73633
0.033985 61753
0.033992 54454
0.03401 96174
0.034015 77279
0.034034 89970
0.03404 77140
0.034054 94177
0.034069 28207
0.034074 39535
0.034095 12607
0.034096 67115
0.034116 99311
0.034131 10642
0.03414 13834
0.03414 66399
0.034145 53645
0.034159 10146
0.034173 38225
0.034183 56461
0.034189 74033
0.034249 79291
0.034272 54315
0.034281 65898
0.034287 21123
0.034289 95161
0.034304 33728
0.034304 35472
0.034304 38093
0.034327 43774
0.034343 63778
0.034347 99209
0.034352 98223
0.034357 87011
0.034389 37408
0.034412 27021
0.034416 39690
0.03442 10136
0.034427 7319
0.03443 82946
0.034446 44890
0.034471 19110
0.034473 78227
0.034483 29533
0.034487 90843
0.034488 62612
0.034491 6996
0.034493 24245
0.034497 15833
0.034527 7030
0.034553 22342
0.034554 995
0.034583 4412
0.034589 37036
0.03459 29642
0.03461 8174
0.034612 38499
0.034612 83012
0.034615 62092
0.034616 1264
0.034631 22348
0.034642 9593
0.03465 20935
0.03465 53459
0.034653 64098
0.034665 55288
0.034679 60966
0.034683 31765
0.034693 2237
0.034699 62809
0.0347 8606
0.034709 48311
0.034728 83404
0.034741 98670
0.034745 64122
0.034762 54520
0.034769 29510
0.034776 38433
0.034782 32925
0.034799 70341
0.0348 20707
0.034807 37315
0.034811 27768
0.034816 54350
0.034824 76733
0.034833 9718
0.034844 48973
0.034863 88511
0.034865 49362
0.034881 86982
0.034896 40488
0.034905 65161
0.034927 39034
0.034931 387
0.034932 14871
0.034934 36537
0.034993 31632
0.034996 72308
0.035 7700
0.035021 4126
0.035048 57264
0.03506 8139
0.035064 93085
0.035074 23241
0.035074 6970
0.035087 89450
0.035101 43514
0.035103 6233
0.035106 11772
0.035109 14733
0.035122 450
0.035125 76640
0.035129 17557
0.035134 77754
0.035157 55004
0.035166 24064
0.035172 762
0.035173 65911
0.035177 45083
0.035204 17844
0.035216 91947
0.035224 64532
0.035231 66708
0.035234 23700
0.035263 11792
0.035271 32283
0.035275 79139
0.035286 66730
0.035295 89920
0.035311 96703
0.035328 69054
0.035353 37854
0.035356 35114
0.035359 18678
0.03536 22524
0.035386 3367
0.035388 89949
0.03539 94770
0.035403 75872
0.035411 15893
0.035411 90107
0.035422 38064
0.035436 97370
0.035464 33132
0.035481 42615
0.035481 5335
0.035492 84875
0.035525 47465
0.035528 1655
0.035535 95228
0.035538 15608
0.035542 33521
0.035543 56655
0.035553 27900
0.035556 76035
0.03557 96308
84 21