1 2
396
0.62853 6906
0.628542 62544
0.628543 16592
0.628543 20550
0.62855 55721
0.628554 33160
0.628556 55494
0.628558 45617
0.628599 8525
0.628619 17810
0.628625 91218
0.628637 78657
0.628641 99554
0.628648 51112
0.628649 56286
0.628665 72256
0.628669 28262
0.628706 45575
0.628707 90481
0.628709 87530
0.62872 72697
0.628722 1521
0.628725 10454
0.628727 16674
0.628731 67479
0.628745 70993
0.628763 52966
0.628794 57914
0.628806 38699
0.628806 72405
0.628816 21449
0.628833 95559
0.628849 41139
0.628856 31974
0.628866 44817
0.628897 76171
0.628899 91641
0.628913 18568
0.628913 97329
0.628914 9254
0.628964 59486
0.628977 45589
0.628984 90824
0.628998 10580
0.629002 64518
0.629005 63613
0.629014 73697
0.629037 65198
0.629044 84306
0.629055 37920
0.629073 44796
0.629073 63499
0.629098 18285
0.629098 84986
0.6291 17835
0.629104 77599
0.629108 84278
0.629109 16354
0.629111 49023
0.629121 61894
0.629131 99655
0.629157 28383
0.62916 83051
0.629163 71747
0.629178 37172
0.629189 83022
0.629191 32479
0.629204 51298
0.629205 46962
0.62921 86171
0.629211 49470
0.629211 59253
0.629219 68695
0.629225 75342
0.629228 19391
0.629232 4486
0.629237 14467
0.629262 75260
0.629272 43390
0.629275 29226
0.629283 10240
0.62929 23236
0.629301 78073
0.629301 9458
0.629305 56809
0.629313 67699
0.629315 73714
0.629323 79921
0.629329 21649
0.629337 52530
0.62934 27415
0.62935 877
0.629356 60955
0.629357 62301
0.629364 30212
0.629365 1042
0.629375 68006
0.629389 58752
0.629391 68319
0.629406 7170
0.629419 63488
0.629424 81322
0.62946 62026
0.629463 18346
0.629471 18117
0.629473 66390
0.629475 52065
0.629488 100048
0.629493 69960
0.629502 89325
0.629517 50907
0.629521 74727
0.629535 100420
0.629566 64325
0.629569 92730
0.629579 59460
0.629579 63959
0.629583 55944
0.629584 14642
0.629588 76185
0.629596 24422
0.629597 93158
0.629618 52569
0.629627 77541
0.62963 67972
0.629633 38796
0.629639 93297
0.62967 49226
0.629702 90928
0.629722 63223
0.629728 7135
0.62974 50990
0.629743 75115
0.629749 33802
0.629758 48743
0.629764 12697
0.629813 99388
0.629822 71942
0.629827 37089
0.629848 408
0.629853 77569
0.62989 68701
0.629891 23230
0.629894 47924
0.629904 11043
0.629929 4873
0.629931 77714
0.629936 54293
0.629941 15944
0.629941 80949
0.629947 46678
0.629962 32328
0.629984 71337
0.629986 92378
0.629991 7804
0.630012 45964
0.63002 84201
0.630043 89534
0.630047 77205
0.630067 26504
0.630082 25016
0.630088 27694
0.6301 59165
0.630101 75968
0.630104 3513
0.630111 18954
0.630111 60950
0.630124 52636
0.630135 46708
0.630139 68218
0.630149 70928
0.630164 42456
0.630166 15497
0.63017 20091
0.63018 2823
0.630187 27421
0.630192 79836
0.6302 19571
0.63022 37173
0.630235 41410
0.630236 2508
0.630249 10841
0.630251 48537
0.630263 53340
0.630275 45758
0.630293 6348
0.630306 42751
0.630308 98583
0.630311 3445
0.630312 54586
0.630316 29127
0.630329 7123
0.630341 66211
0.630356 12139
0.630375 80472
0.630385 2848
0.63041 74940
0.630417 18062
0.63042 1354
0.630435 37077
0.630447 78163
0.630479 36368
0.63048 61355
0.630495 85265
0.630504 53664
0.630516 42033
0.630535 51606
0.630545 68088
0.630554 6000
0.630555 85898
0.630559 12272
0.63056 5808
0.630569 10793
0.630578 44344
0.630588 64299
0.630596 46918
0.630597 96214
0.630608 26374
0.630613 31503
0.630613 92009
0.630621 19243
0.630629 1895
0.630636 17989
0.630653 63028
0.630654 11165
0.630662 94821
0.630673 20896
0.630677 43263
0.630708 46287
0.630712 40414
0.630715 39748
0.630718 73764
0.630724 54083
0.630753 85723
0.630768 77763
0.630774 75036
0.630775 29217
0.630795 5812
0.630797 75586
0.6308 5638
0.630801 78355
0.630805 3013
0.630823 55142
0.630825 13724
0.630873 10845
0.630889 78532
0.630891 68601
0.630895 566
0.630899 28208
0.630907 32132
0.630907 96969
0.630909 25372
0.630923 44037
0.630925 77128
0.63095 948
0.630964 15882
0.630965 42220
0.630966 100310
0.630969 44408
0.630971 1472
0.630989 17820
0.630995 88184
0.630996 35045
0.630998 16994
0.63101 69256
0.631014 37849
0.631016 98514
0.63103 59448
0.631035 72012
0.63105 35653
0.631054 74257
0.631083 60642
0.631093 45961
0.631113 92043
0.631117 99595
0.631138 100843
0.631152 60930
0.631153 50413
0.631159 37267
0.631166 62556
0.631166 78535
0.631188 17879
0.631203 57864
0.631204 62525
0.631207 31741
0.631218 50731
0.631219 52484
0.631241 92776
0.63126 12584
0.631262 48841
0.63129 56188
0.63132 5036
0.631342 46072
0.631343 56549
0.631357 69971
0.631364 46832
0.631383 55188
0.631387 42417
0.631395 66353
0.631405 70313
0.631406 77416
0.631427 45985
0.631429 74545
0.631439 99633
0.631447 64400
0.631467 86086
0.63147 75149
0.631487 22562
0.631487 39974
0.631518 43946
0.631528 78700
0.631536 64235
0.631552 67490
0.631555 39247
0.631555 86966
0.631556 89916
0.631566 57830
0.631573 58454
0.631582 86923
0.631607 41653
0.631621 65456
0.631626 25040
0.631631 90940
0.631635 40381
0.63164 43374
0.631667 63595
0.631711 86599
0.631743 14300
0.631752 39114
0.631766 90846
0.631794 40852
0.631796 6086
0.631811 72522
0.631813 73451
0.631826 45839
0.631827 27756
0.631856 67764
0.631869 8893
0.631872 85395
0.631876 100366
0.631879 27511
0.631888 56009
0.631905 91413
0.63192 15688
0.63193 9103
0.631932 100175
0.631936 86022
0.631971 90876
0.631975 16006
0.631992 96235
0.631995 32274
0.631997 34648
0.631997 48673
0.631998 8232
0.632003 18419
0.632003 91627
0.632033 88636
0.632039 46969
0.632046 58620
0.632059 4210
0.632061 33228
0.632068 97495
0.632075 51848
0.632115 58655
0.632128 77676
0.632155 4951
0.632167 8390
0.632179 3975
0.632201 88891
0.632202 15160
0.632204 47105
0.632207 35686
0.632213 29111
0.632215 18485
0.632222 36927
0.632233 4233
0.632254 39368
0.632254 47025
0.63226 12985
0.63226 21811
0.632262 51750
0.632262 92912
0.632284 67874
0.632291 91128
0.632299 28499
0.6323 31409
0.632304 77150
0.632306 25172
0.632311 32100
0.632315 42662
0.632329 35702
0.632333 63998
0.63234 76335
0.632346 2516
0.632364 94064
0.632388 51316
8 108