1 2
395
0.582538 24239
0.58254 17853
0.582545 66996
0.582552 1454
0.582552 77198
0.582565 42574
0.582571 95944
0.58258 63003
0.582581 8270
0.582606 66132
0.582616 33053
0.582645 42614
0.582645 75824
0.582683 92367
0.582691 28561
0.582699 31951
0.5827 7079
0.5827 90625
0.582715 16356
0.582727 24709
0.582731 81248
0.582734 79723
0.582749 26741
0.582749 98107
0.582754 98108
0.582755 52383
0.582759 79892
0.582764 2013
0.582765 3407
0.582767 9973
0.582768 43716
0.582774 100061
0.582774 101061
0.582774 102061
0.58279 31037
0.582795 94015
0.582801 57987
0.582812 67262
0.58283 2231
0.582831 92016
0.582832 36380
0.582843 22317
0.582845 50292
0.582847 30412
0.582856 40842
0.582857 27007
0.582877 3718
0.582887 90121
0.582891 12724
0.5829 99260
0.582901 72122
0.582902 81677
0.58291 40482
0.582912 15426
0.58292 25237
0.582924 52302
0.582925 22343
0.582945 28892
0.582993 2535
0.583008 74935
0.583024 3620
0.583028 28968
0.583029 70687
0.583036 74401
0.583037 49544
0.583039 93299
0.583044 14665
0.583067 65634
0.583092 100648
0.583092 101648
0.583094 22811
0.583098 34831
0.583109 30378
0.58314 90370
0.583167 44951
0.583173 93900
0.583193 84725
0.583219 38557
0.583248 60994
0.583252 36884
0.583259 83831
0.583277 24741
0.583285 58089
0.583311 96841
0.583326 51041
0.583331 51045
0.583344 27358
0.583359 7437
0.583375 26546
0.583397 89489
0.583397 9830
0.5834 83130
0.583402 50761
0.583409 88639
0.58341 99534
0.583412 15347
0.583426 42724
0.583429 32398
0.583437 23908
0.583444 29077
0.583446 24831
0.583458 2288
0.583476 81066
0.583478 15297
0.583481 823
0.583488 79314
0.58349 74530
0.583493 73475
0.583511 54493
0.583514 51575
0.583514 63208
0.583542 64934
0.583543 87955
0.583545 19014
0.583548 26232
0.583555 26761
0.58356 42186
0.583561 52298
0.583567 73077
0.583595 28129
0.583595 53416
0.583595 82380
0.583614 66497
0.583626 8856
0.583628 41984
0.583628 6528
0.58364 24905
0.583655 32903
0.583663 78162
0.583683 62787
0.583688 17023
0.583739 100282
0.583739 101282
0.583763 27555
0.583776 9118
0.583785 74696
0.583789 33979
0.5838 90186
0.583807 27040
0.583808 79988
0.583814 94037
0.583818 91163
0.583819 96740
0.583826 6494
0.583827 89233
0.583838 39873
0.58384 1862
0.583841 74326
0.583846 67049
0.583866 72253
0.583876 40373
0.583911 28138
0.583914 82767
0.583915 61562
0.583917 24205
0.583924 12432
0.583932 21570
0.583936 70506
0.583941 69147
0.583949 62805
0.58395 71578
0.583964 62097
0.583992 87884
0.583999 65281
0.584002 34104
0.584003 96896
0.584011 26597
0.584034 58802
0.584047 21408
0.584051 43323
0.584063 7964
0.584074 68114
0.584081 46900
0.584092 87560
0.584094 56681
0.584104 65253
0.58412 44780
0.584125 38252
0.584126 38536
0.584128 9787
0.584139 81568
0.58414 35266
0.584154 10667
0.584158 24401
0.584158 9398
0.584167 15183
0.584201 16874
0.584202 92914
0.584218 17234
0.584233 24029
0.584238 27770
0.584238 90998
0.584241 99852
0.584259 10606
0.584259 43403
0.584264 80617
0.584269 84109
0.58427 19105
0.58427 977
0.584272 22264
0.584272 84060
0.584281 21581
0.584301 33565
0.584309 98780
0.584317 73605
0.584339 42677
0.584343 7290
0.584346 93666
0.584348 81712
0.584365 6347
0.584373 16211
0.584389 39329
0.584392 94694
0.584399 1250
0.58441 94686
0.584444 86955
0.584456 37915
0.584471 20180
0.584479 46101
0.58449 48451
0.584492 13314
0.584509 8937
0.584514 34456
0.584528 29295
0.584546 12398
0.584551 80437
0.584562 26835
0.58458 78410
0.584583 81681
0.584592 9181
0.584595 6374
0.584602 30230
0.584604 39987
0.58461 48908
0.584615 77464
0.584615 85009
0.584619 4713
0.584633 98693
0.58464 74236
0.584643 12771
0.584647 60054
0.584669 38974
0.584672 47846
0.584685 62104
0.584692 31001
0.584692 83776
0.584703 68213
0.584709 74555
0.584715 65645
0.584724 81262
0.584728 95522
0.584751 37277
0.584754 87214
0.584763 57042
0.584771 531
0.584783 15554
0.584793 47346
0.584807 38309
0.584859 15595
0.584863 38452
0.584865 88961
0.584866 34219
0.584874 44469
0.584875 6958
0.584891 61797
0.584892 82145
0.584901 33894
0.584906 13983
0.584906 8836
0.584911 25918
0.584921 37645
0.584922 54687
0.584922 55272
0.584923 62820
0.584927 69051
0.584928 45745
0.584932 14380
0.584937 44496
0.584937 75107
0.58494 73286
0.584948 17952
0.584956 4853
0.584961 98459
0.584966 59214
0.584978 43110
0.584993 64358
0.585007 2760
0.58501 51801
0.585021 3579
0.585041 58052
0.585051 16278
0.585053 16785
0.585061 16566
0.585062 51487
0.585065 10178
0.58509 17477
0.585092 63400
0.585095 62817
0.585096 75273
0.585109 20368
0.585121 9047
0.585145 50835
0.585162 23776
0.585168 81763
0.585183 86873
0.585186 92635
0.585187 27885
0.58519 66459
0.585207 75481
0.585219 77859
0.585238 89227
0.585243 17833
0.585255 57148
0.585275 34322
0.585281 38012
0.585293 61189
0.585303 60799
0.585311 96370
0.585336 4109
0.585344 6759
0.585375 7076
0.585378 83512
0.585382 73248
0.585389 38247
0.585406 22787
0.585423 57222
0.585424 84447
0.585431 69387
0.585443 20855
0.585446 17719
0.585454 31716
0.585468 44348
0.585469 72998
0.585499 45773
0.585508 54663
0.585512 72555
0.585512 7287
0.585514 24206
0.585519 70546
0.585535 48736
0.585545 38638
0.585555 56359
0.585573 97682
0.585578 89429
0.585588 34586
0.585601 80449
0.585602 75843
0.585612 16288
0.585643 41681
0.585659 87927
0.58566 32592
0.585661 92707
0.585666 34941
0.585672 56649
0.585692 15269
0.585702 21951
0.585736 42339
0.585738 35831
0.585742 14924
0.585768 30594
0.585768 71526
0.585772 72464
0.585777 63240
0.585788 61330
0.585789 91603
0.585804 47648
0.585817 54317
0.585845 2570
0.58585 84155
0.585855 49765
0.585859 83889
0.585871 31852
0.585901 46682
0.585901 85313
0.585928 47547
0.585929 39977
0.58593 81730
0.585957 15405
0.585965 83599
0.585976 12326
0.585978 82822
0.585999 39187
0.585999 49997
0.586006 47413
0.586009 58631
0.586016 67527
0.586017 62563
0.586024 29426
0.586027 81199
0.586029 54094
0.586046 97531
0.586052 53317
0.586057 33074
0.586064 56526
0.586076 14332
39 69