1 2
359
0.536968 7627
0.536972 58233
0.53698 7469
0.536998 43074
0.537001 14331
0.537008 53740
0.537014 47946
0.537018 37946
0.53704 39822
0.537085 21863
0.537128 54589
0.537135 96412
0.537142 35031
0.537156 18978
0.537158 6632
0.53716 90099
0.537163 71772
0.537168 85134
0.537169 19282
0.53718 19698
0.537185 36609
0.537195 99958
0.537213 71278
0.537243 65529
0.537266 29825
0.537268 5479
0.53728 54685
0.537289 24832
0.537295 34913
0.537296 21243
0.537298 82228
0.53732 13645
0.537325 42927
0.537328 28256
0.537328 4770
0.537348 25023
0.537355 35897
0.537379 34800
0.537384 54496
0.537417 5211
0.537423 53688
0.537431 51097
0.537439 44939
0.537448 51727
0.537462 2661
0.537462 40241
0.537469 66883
0.537472 18425
0.537477 1980
0.537477 53204
0.537479 6115
0.537512 30032
0.537533 21972
0.53754 41680
0.53754 7918
0.537542 79013
0.537549 90826
0.537563 85461
0.537602 57106
0.537605 33624
0.537606 29380
0.537609 5194
0.537672 94839
0.537673 10920
0.537679 26800
0.537681 82854
0.537688 31108
0.537703 58461
0.537714 85808
0.537718 15972
0.537769 9637
0.537771 72581
0.537774 69845
0.537777 11658
0.537788 59137
0.537803 4880
0.537822 85186
0.537829 35786
0.53785 74976
0.537864 60940
0.537896 84904
0.537898 45988
0.537903 49599
0.537909 76938
0.53798 89759
0.538 27973
0.538001 24628
0.538001 52812
0.538038 14687
0.538048 96292
0.538052 79638
0.538054 57949
0.538074 21994
0.538074 3195
0.538075 30077
0.538104 13965
0.538106 32659
0.538113 16938
0.538115 53856
0.538127 27769
0.538127 95407
0.538128 22469
0.538146 17356
0.538146 62646
0.538167 76096
0.538187 49589
0.538189 17624
0.538202 33599
0.538203 96885
0.538228 62166
0.53823 30528
0.538234 51047
0.538237 74396
0.538254 8907
0.538273 77802
0.538287 73235
0.538294 47284
0.538312 67720
0.538315 81186
0.538325 94418
0.538335 78398
0.538336 10332
0.538345 99576
0.538367 29359
0.538377 34845
0.538378 26322
0.538382 62558
0.538398 64271
0.538412 66638
0.538431 39422
0.538458 9457
0.538463 26403
0.538464 50626
0.538466 44583
0.538484 70458
0.538484 87659
0.538486 55311
0.538488 77822
0.538499 18438
0.538526 24136
0.538531 85605
0.538537 28600
0.538558 29311
0.538575 42591
0.538579 30460
0.538585 84473
0.538586 73643
0.538602 73413
0.538614 61392
0.538634 56679
0.538643 43712
0.53865 52659
0.538656 58666
0.538667 97940
0.538668 62969
0.538685 32812
0.538695 16672
0.538725 14309
0.538729 30966
0.538731 80369
0.538742 15436
0.538744 32296
0.538756 91396
0.538759 32754
0.538762 30057
0.538765 1916
0.538766 21418
0.538791 2062
0.538797 29079
0.538853 70542
0.538876 36814
0.538882 97147
0.5389 73306
0.538906 21733
0.538911 8235
0.53892 69007
0.538947 6195
0.538951 86104
0.538977 20894
0.538981 88634
0.538998 62723
0.539004 59441
0.539004 93163
0.539007 30316
0.539009 33877
0.53901 76772
0.539025 86467
0.539028 49380
0.539037 97287
0.539061 6
0.539083 50606
0.539096 50987
0.539112 85580
0.539125 99254
0.539129 44322
0.53913 10467
0.539151 67725
0.539159 50090
0.539171 26054
0.539173 61645
0.539182 38295
0.539184 64562
0.539192 51578
0.539193 3342
0.5392 470
0.539203 99587
0.539205 40536
0.539214 86589
0.539225 58392
0.539225 69431
0.539247 62692
0.539257 38840
0.539259 29059
0.539261 32259
0.539276 73430
0.539283 30120
0.539297 11870
0.539302 93975
0.539303 41478
0.539306 86718
0.539311 19936
0.53934 84592
0.539343 5959
0.539362 41377
0.539383 37993
0.539388 20885
0.539402 17098
0.539413 97969
0.539428 80332
0.539449 87648
0.539471 683
0.539475 37951
0.539487 52148
0.539493 68145
0.539499 47980
0.539499 53932
0.539499 66508
0.539508 63024
0.539526 50750
0.539527 93314
0.539531 58623
0.539535 98871
0.539551 36946
0.539556 85231
0.539561 16650
0.539561 58726
0.539572 22458
0.539589 45631
0.539598 8455
0.539609 33123
0.539612 16871
0.539623 39837
0.539626 43866
0.539628 21484
0.53963 4992
0.539642 96789
0.539647 95351
0.539652 14981
0.539666 37379
0.539673 9
0.53969 36160
0.539699 3015
0.539711 54195
0.539713 16693
0.539748 9263
0.539775 41325
0.539835 63317
0.539841 37677
0.539844 6836
0.539849 10321
0.539851 612
0.53986 33610
0.539864 80672
0.539884 38112
0.539893 64130
0.539906 35618
0.539907 44153
0.539908 16799
0.53991 72281
0.539919 74850
0.539928 37690
0.539939 52596
0.539941 15310
0.539946 95171
0.539985 74211
0.539994 81267
0.539995 97889
0.539998 23115
0.540001 19558
0.540016 12659
0.540066 36217
0.54008 25012
0.540088 75511
0.540089 11613
0.540116 49107
0.540165 87585
0.540167 70424
0.540184 46346
0.540197 65140
0.540205 72568
0.540209 58468
0.540211 69527
0.540221 34379
0.540224 50827
0.540254 49405
0.540259 27489
0.540295 33337
0.540296 37085
0.540297 94624
0.540299 4001
0.540307 47628
0.540348 68209
0.54038 62802
0.54039 1209
0.540403 76097
0.540413 10718
0.540419 30307
0.540437 96527
0.540439 83927
0.540447 27601
0.540452 952
0.54048 2588
0.540482 7946
0.540486 59199
0.540487 87499
0.540501 59910
0.540514 25934
0.540524 65954
0.540534 45723
0.540561 22574
0.540561 44431
0.540566 12170
0.540593 87537
0.540619 48008
0.540619 57885
0.540623 49578
0.540628 59828
0.540637 25713
0.540641 39740
0.540654 30079
0.540665 22275
0.540665 54779
0.540672 54652
0.540691 78058
0.540705 30012
0.540707 60010
0.540711 36291
0.540739 5591
0.540749 83079
0.540754 9661
0.540772 27269
0.540776 75792
0.540782 14844
0.540785 29509
0.540788 10507
0.54081 63245
0.540814 3947
0.540814 83560
0.540845 71440
28 96