1 2
256
0 0.307839
0.008134 4413
0.015372 4347
0.01581 4248
0.023608 4348
0.024263 4342
0.026561 4327
0.026795 4309
0.027583 4410
0.028893 4368
0.034583 4412
0.043151 4283
0.045545 4243
0.051969 4304
0.053961 4343
0.056455 4257
0.056888 4273
0.056926 4244
0.061368 4443
0.068984 4259
0.069553 4353
0.070859 4447
0.071052 4306
0.074347 4415
0.088975 4235
0.090163 4359
0.091627 4269
0.096081 4365
0.098628 4247
0.101021 4403
0.114047 4288
0.118325 4303
0.122558 4268
0.125103 4227
0.126632 4354
0.128942 4346
0.129587 4310
0.134113 4424
0.13636 4338
0.137446 4314
0.141763 4352
0.141902 4404
0.145421 4220
0.152885 4311
0.153398 4318
0.161616 4255
0.170084 4280
0.179162 4284
0.184394 4465
0.184673 4357
0.185579 4360
0.190819 4262
0.192923 4409
0.193365 4426
0.205501 4295
0.206108 4299
0.209863 4444
0.210834 4251
0.230962 4249
0.232205 4224
0.236044 4302
0.237113 4241
0.237297 4279
0.241458 4399
0.241977 4439
0.247448 4246
0.256314 4339
0.258992 4328
0.265019 4286
0.268473 4222
0.269594 4422
0.276508 4370
0.276609 4379
0.277393 4363
0.283315 4221
0.293808 4401
0.294553 4265
0.297051 4219
0.297295 4464
0.298535 4215
0.29999 4438
0.30271 4240
0.304372 4277
0.30611 4232
0.310874 4468
0.31658 4427
0.326542 4226
0.32797 4296
0.333902 4431
0.336939 4332
0.343727 4254
0.346439 4450
0.347701 4344
0.350833 4278
0.364035 4261
0.366516 4411
0.367747 4298
0.369522 4459
0.370173 4380
0.371952 4445
0.372336 4256
0.380937 4216
0.386431 4225
0.393509 4386
0.394148 4366
0.399154 4350
0.409775 4446
0.40983 4448
0.41131 4322
0.413034 4323
0.415307 4461
0.419507 4252
0.421032 4376
0.425068 4382
0.425887 4245
0.434101 4351
0.447175 4271
0.44781 4457
0.453752 4321
0.454262 4432
0.455097 4308
0.460374 4456
0.477692 4223
0.47787 4301
0.481256 4300
0.484831 4402
0.486759 4419
0.487309 4313
0.487383 4331
0.492557 4270
0.503415 4391
0.504657 4371
0.520946 4320
0.522282 4441
0.528753 4385
0.529818 4329
0.541585 4292
0.54305 4372
0.544847 4449
0.548215 4333
0.557637 4442
0.56006 4393
0.569905 4433
0.569931 4275
0.574849 4234
0.58014 4451
0.587277 4294
0.590032 4293
0.598403 4228
0.600078 4414
0.605101 4334
0.607982 4467
0.608367 4291
0.609515 4430
0.610902 4337
0.611561 4375
0.618065 4305
0.618895 4383
0.622291 4429
0.632233 4233
0.638257 4452
0.644036 4406
0.647057 4263
0.647624 4417
0.652116 4239
0.656019 4250
0.663949 4392
0.665419 4388
0.673125 4390
0.673209 4434
0.675272 4462
0.678545 4264
0.680295 4356
0.687932 4242
0.689336 4362
0.6899 4408
0.692308 4358
0.699957 4297
0.705113 4218
0.708671 4458
0.710033 4341
0.712276 4387
0.715748 4454
0.716764 4384
0.719072 4405
0.721421 4400
0.722089 4237
0.72439 4260
0.725145 4361
0.726441 4312
0.731278 4453
0.737287 4369
0.738037 4345
0.740678 4421
0.740795 4377
0.743788 4276
0.745471 4418
0.746521 4398
0.748671 4394
0.764084 4287
0.76724 4335
0.770912 4396
0.772574 4326
0.775115 4423
0.781606 4316
0.784764 4460
0.791689 4290
0.800323 4355
0.800496 4238
0.816898 4436
0.820238 4319
0.831032 4289
0.838295 4267
0.839331 4266
0.854896 4285
0.866292 4364
0.870174 4229
0.874241 4367
0.876905 4315
0.880531 4437
0.881711 4428
0.88207 4420
0.882711 4389
0.884102 4317
0.88493 4274
0.886454 4336
0.888379 4282
0.905496 4374
0.907484 4373
0.908544 4395
0.909171 4397
0.910217 4463
0.921447 4230
0.922681 4407
0.923945 4253
0.927913 4307
0.941338 4281
0.941475 4381
0.941555 4416
0.94258 4378
0.942689 0.944656
0.942689 248
0.943272 1717
0.943299 3071
0.943464 1368
0.943465 2979
0.943584 4324
0.943634 2239
0.944108 1156
0.944713 2988
0.944831 993
0.94524 1856
0.945304 2684
0.94534 2631
0.945414 3405
0.945763 4231
2