1 2
389
0.149612 6027
0.149613 99458
0.149615 76818
0.149617 9976
0.149627 41585
0.149632 69640
0.149644 63077
0.149649 1148
0.149653 82522
0.149664 29517
0.14967 39778
0.149673 50929
0.149689 46132
0.149707 97349
0.149733 89255
0.149746 15485
0.149746 56653
0.149753 99000
0.149758 54417
0.149792 13657
0.149792 16869
0.149796 46023
0.149804 13794
0.149808 44477
0.149817 91361
0.149826 95965
0.149831 73965
0.149837 80778
0.149838 59036
0.14984 85756
0.149846 14902
0.149846 40392
0.149879 90923
0.149896 12054
0.149901 39900
0.149935 28682
0.149938 47930
0.149977 79512
0.149982 21356
0.14999 26901
0.149996 87189
0.149998 28721
0.150001 64277
0.150015 57279
0.150018 64468
0.150021 9078
0.150032 1219
0.150067 50525
0.150101 24319
0.150106 18532
0.15011 42084
0.150116 57004
0.150119 91222
0.150125 63538
0.150132 97645
0.150135 59157
0.150137 21293
0.150149 10002
0.150168 95967
0.150199 37840
0.150208 63779
0.15022 84160
0.150233 76036
0.150238 17034
0.150242 11214
0.150247 24576
0.150247 51631
0.150252 17946
0.150286 56057
0.150293 89771
0.150302 27149
0.150302 43465
0.150312 19886
0.150326 75712
0.150332 15670
0.150337 55342
0.15034 73099
0.150341 60861
0.150345 82041
0.15035 26925
0.150375 77161
0.15038 44918
0.150388 77377
0.150406 93590
0.150409 45832
0.150436 13034
0.150436 50314
0.150439 29335
0.150439 67666
0.150441 20035
0.150451 63040
0.150453 38659
0.150453 94460
0.150488 37145
0.15049 98967
0.150497 54047
0.150503 17136
0.15052 5549
0.150523 15163
0.150538 34355
0.15054 49571
0.150543 26311
0.150543 55669
0.150552 272
0.150576 10997
0.150605 55683
0.150608 71739
0.150611 34327
0.150613 72079
0.150617 51883
0.150652 28633
0.150654 94157
0.150668 74599
0.150677 96066
0.150678 765
0.150683 38850
0.150698 76676
0.150703 43550
0.150716 69716
0.150726 47670
0.150729 72791
0.150733 24088
0.150733 29693
0.150735 85448
0.150737 63429
0.150742 14842
0.150755 64663
0.150765 25800
0.150773 93253
0.150778 3668
0.150778 53412
0.150778 9032
0.150785 9408
0.150786 48273
0.150798 36593
0.15083 22233
0.150836 45254
0.150865 49079
0.150867 91937
0.150868 66200
0.150896 52497
0.150903 85642
0.150923 46827
0.150924 81858
0.150942 94291
0.150945 5104
0.150956 13179
0.150973 52028
0.150982 84426
0.151002 81716
0.151015 44657
0.151023 91883
0.151028 50311
0.151043 63377
0.151044 62662
0.151049 36044
0.151066 93451
0.15107 10150
0.151094 1033
0.151096 34976
0.151101 17843
0.151104 32751
0.151107 7778
0.151108 92984
0.15113 59930
0.15115 82533
0.15115 93995
0.151168 21832
0.151176 65026
0.151194 74906
0.1512 340
0.15121 48634
0.15123 40679
0.151246 15072
0.151246 71055
0.151261 28006
0.151266 20442
0.151289 21672
0.151291 89337
0.15132 84668
0.151325 45347
0.151345 28203
0.15138 88715
0.15139 85230
0.151396 1605
0.151396 36780
0.151431 1779
0.151448 59760
0.151452 70716
0.15146 60115
0.151463 11943
0.15148 73983
0.151482 73347
0.151486 42425
0.151494 46907
0.151498 81644
0.151501 60085
0.151522 15617
0.151523 50417
0.151525 92126
0.151532 3105
0.151532 99188
0.15154 4674
0.151545 41671
0.151549 38657
0.151567 70642
0.151567 798
0.151576 74538
0.151589 49960
0.151601 26765
0.151604 29318
0.151609 60109
0.151612 98955
0.15163 12492
0.151648 90275
0.151651 28251
0.151651 86068
0.151662 13002
0.151676 2095
0.151684 75772
0.151689 69913
0.151692 12624
0.151703 21535
0.151719 32071
0.151735 40366
0.151744 44783
0.151754 80058
0.15177 97304
0.151814 61651
0.151821 78010
0.151831 42535
0.15184 99473
0.15185 59778
0.151859 84195
0.15187 80702
0.151882 95662
0.151886 56976
0.151891 27208
0.151914 43657
0.151925 100195
0.151948 28785
0.151949 42679
0.151952 64286
0.151952 81614
0.151961 28625
0.151984 32586
0.15199 40790
0.152009 11285
0.15201 24843
0.152012 71601
0.152014 87912
0.152022 34895
0.152028 15233
0.152033 72282
0.152038 44295
0.15204 75254
0.152047 16716
0.152052 49298
0.152073 65817
0.152101 21556
0.152114 22485
0.152135 15578
0.152142 75635
0.15215 31225
0.152154 18945
0.15216 73438
0.152162 22715
0.152173 1695
0.152196 94240
0.152197 100593
0.152203 47479
0.152205 5329
0.152206 30823
0.15221 13282
0.152214 38099
0.152218 77528
0.152236 13420
0.15224 1085
0.15224 3818
0.152243 32359
0.152249 20081
0.152254 75578
0.152256 93702
0.152273 6716
0.152274 82985
0.152277 100393
0.152282 97487
0.152283 36685
0.152302 40475
0.152304 53115
0.152308 97467
0.152315 23878
0.152315 91434
0.152326 53522
0.152327 44474
0.152335 37973
0.152339 64801
0.152341 88186
0.152347 4028
0.152363 92753
0.152365 30704
0.152366 49369
0.152382 40626
0.152386 29081
0.152394 92179
0.152398 6590
0.152408 81687
0.152414 93189
0.152427 42722
0.152428 27873
0.152437 15274
0.152438 57856
0.152445 66071
0.152453 47219
0.152454 55156
0.152459 15783
0.152467 69927
0.152488 5466
0.152495 26485
0.152496 50498
0.152498 2846
0.152499 42926
0.152499 66975
0.152502 20166
0.152519 83747
0.152528 62419
0.152529 83260
0.152531 1428
0.152534 71463
0.152539 69710
0.152542 55881
0.152552 11615
0.152562 96866
0.152566 18745
0.152572 56189
0.152572 84040
0.152588 47305
0.152599 48084
0.152606 85068
0.152646 45287
0.15265 78294
0.152652 71472
0.152655 12992
0.152662 60598
0.152669 57067
0.152678 33921
0.152682 11447
0.152693 96542
0.152709 76534
0.152714 90098
0.152721 22910
0.152728 28578
0.15273 5952
0.15273 97737
0.152731 53790
0.152733 76331
0.152761 59832
0.152765 51614
0.152791 15569
0.152792 59829
0.152798 50557
0.152809 80587
0.15284 1599
0.152848 37399
0.152854 51652
0.152858 92257
0.152885 4311
0.152894 47303
0.152925 802
0.152953 331
0.15296 52864
0.152961 58387
0.152962 99196
0.15297 24191
0.15298 78203
0.152986 32589
0.153012 30185
0.153016 43533
0.153023 86064
0.153027 54810
0.153041 68549
0.153045 84233
0.153051 85155
0.153064 69278
0.153081 48792
0.153091 95251
0.153097 100147
0.153111 60455
0.153116 40170
25 79