1 2
402
0.418207 6828
0.418219 18903
0.418221 99314
0.418229 75337
0.418233 45256
0.41826 8485
0.418266 91770
0.418277 35884
0.418295 23504
0.418307 51364
0.418317 85322
0.418318 67253
0.418318 85194
0.418319 54277
0.418337 53393
0.418342 27731
0.418343 44613
0.418345 21875
0.418349 48733
0.418355 75969
0.418369 96993
0.418372 83182
0.418375 89285
0.418398 16669
0.418406 41755
0.418417 45304
0.418422 71103
0.418425 75593
0.41843 22673
0.418435 97650
0.418437 64871
0.418439 56362
0.418448 32471
0.418451 33951
0.418466 59369
0.418468 31518
0.418486 62793
0.41849 64390
0.418491 15506
0.418509 42406
0.41851 23483
0.418529 92375
0.418536 43631
0.418572 82539
0.418604 31905
0.418609 14830
0.418609 49933
0.41861 56238
0.418614 77965
0.418619 2220
0.418631 36195
0.418634 98873
0.418648 72327
0.418652 26762
0.418666 10481
0.41867 33822
0.418689 76290
0.418691 100308
0.418693 55630
0.418707 61072
0.418718 38501
0.418721 83709
0.418722 74789
0.418737 97308
0.41874 2036
0.418745 27073
0.418747 89699
0.418752 16285
0.41876 81180
0.418764 18390
0.418774 28720
0.418788 96734
0.418812 53021
0.418837 41426
0.418839 26133
0.418846 37220
0.41885 39935
0.418864 12927
0.418879 62579
0.418883 19748
0.418888 15463
0.418891 43130
0.418892 49731
0.418915 40631
0.418916 83166
0.41893 85119
0.418972 65226
0.418985 22139
0.419006 91707
0.419009 19863
0.41902 16008
0.419022 84887
0.419023 26456
0.419026 7315
0.419046 94660
0.419096 98536
0.419118 28587
0.419138 75612
0.419149 11378
0.41916 74207
0.419179 1630
0.419188 33301
0.41919 76753
0.419191 16390
0.419232 25892
0.419242 7741
0.419301 15804
0.419321 19302
0.419329 21746
0.419344 15182
0.419347 34001
0.419349 44907
0.419351 94233
0.419358 90944
0.419377 94007
0.419382 53895
0.419403 52318
0.419413 92537
0.419416 92942
0.419418 82935
0.41942 81627
0.419423 14386
0.419424 58327
0.419431 8529
0.419446 64101
0.419448 84237
0.419454 97888
0.41946 64142
0.419461 58997
0.419471 50824
0.419474 66507
0.419478 92298
0.419493 33035
0.419507 4252
0.41952 70754
0.419525 931
0.419529 74507
0.419541 90735
0.419544 61103
0.419548 89364
0.419577 39199
0.419605 60995
0.419613 39294
0.419613 84788
0.419617 97995
0.41962 88555
0.419625 41097
0.419627 13027
0.419657 92313
0.419674 37863
0.419678 93790
0.41969 62073
0.4197 82201
0.419706 40340
0.41971 10197
0.41972 65291
0.419733 4896
0.419761 17943
0.419772 7758
0.419782 93390
0.4198 50941
0.419802 10183
0.419802 89880
0.419805 98542
0.419809 26228
0.419809 42622
0.41982 94651
0.419851 15786
0.419852 7194
0.419862 67395
0.419865 86615
0.41987 12869
0.419871 51337
0.419872 64651
0.419903 36255
0.419924 6676
0.419943 92033
0.41995 80980
0.419958 76545
0.41996 49693
0.41997 86335
0.419979 27509
0.419983 2686
0.419986 9375
0.41999 22195
0.41999 57674
0.419994 64384
0.419997 11442
0.420009 98849
0.42001 63857
0.420011 36095
0.420012 4
0.420024 7427
0.420031 77873
0.420033 72291
0.420041 12940
0.420051 54518
0.420055 59818
0.42006 58179
0.420061 89687
0.420085 65895
0.420103 36712
0.420162 29443
0.420172 66296
0.420176 47742
0.420201 2018
0.420223 91200
0.420232 60815
0.420239 20409
0.42024 63942
0.420242 61981
0.420255 44017
0.420257 23863
0.42027 42667
0.420273 2840
0.420277 65648
0.420281 2835
0.420291 79364
0.420291 91011
0.420295 57938
0.420303 62962
0.42031 91955
0.420329 32978
0.42033 15475
0.420342 36349
0.420356 6254
0.420362 48178
0.420378 99017
0.420392 92782
0.420409 22156
0.420409 69776
0.42042 17061
0.42042 19409
0.420423 5393
0.420427 99349
0.420445 58145
0.420453 48177
0.420468 55760
0.420474 65749
0.420479 385
0.42049 15082
0.420528 26565
0.420529 40611
0.420533 99131
0.420549 35877
0.420553 43
0.420558 34904
0.420564 65477
0.420565 78612
0.420584 71418
0.420586 76312
0.420601 3038
0.420603 99884
0.420622 75607
0.420622 99353
0.420625 80598
0.420639 91191
0.42064 58910
0.420667 49186
0.420671 90930
0.420676 100262
0.420689 35802
0.420709 36897
0.420714 24693
0.420719 6134
0.42072 91308
0.420743 85517
0.420754 30935
0.420754 99499
0.420775 96828
0.420777 82243
0.420792 3551
0.420792 37397
0.420797 37571
0.420812 85661
0.420824 27356
0.420826 2658
0.420832 46006
0.420834 7923
0.420841 15189
0.420858 88023
0.42089 99496
0.420893 8560
0.420922 95385
0.420931 57749
0.420962 72834
0.420977 74178
0.420977 90484
0.420993 50136
0.420996 58173
0.421006 23080
0.421019 66178
0.421023 82068
0.421032 4376
0.421038 21586
0.421043 97228
0.421055 25262
0.421057 98878
0.421058 88490
0.42106 93121
0.421068 33560
0.421069 11005
0.421088 24490
0.421113 96190
0.421114 75382
0.421146 80272
0.421147 39755
0.421148 57931
0.421182 41076
0.421182 82115
0.421192 100031
0.421207 40513
0.421214 62938
0.421217 92626
0.421221 60945
0.421222 74354
0.421223 38752
0.421224 54796
0.421225 75636
0.421233 20132
0.421243 5138
0.42126 37974
0.421265 63011
0.42127 22711
0.421277 54872
0.421283 96753
0.421298 86484
0.421299 86974
0.421326 60962
0.421341 87864
0.421345 34360
0.421356 83536
0.421375 10602
0.421393 76424
0.421403 78126
0.421413 22065
0.421445 56234
0.42145 1324
0.421452 56185
0.421454 60668
0.421457 62371
0.42146 38861
0.421471 73055
0.42149 35412
0.421494 74453
0.42151 63295
0.421516 22843
0.421519 69986
0.421541 80697
0.421545 53891
0.421574 43295
0.421577 15873
0.421585 62876
0.421592 53689
0.421596 43476
0.421601 60667
0.421608 19828
0.421611 100594
0.421613 15644
0.421625 40015
0.421639 44331
0.421657 67729
0.421679 21815
0.421687 70818
0.421697 5826
0.421717 14823
0.421724 75482
0.421741 50391
0.421769 61109
0.421775 8035
0.421804 23912
0.421833 45074
0.421836 3428
0.42184 75816
0.421846 94238
0.42185 52901
0.42187 20572
0.421872 75853
0.421882 10489
0.421895 41318
0.421897 49123
0.421901 23546
0.42192 5884
0.421937 57361
0.421937 8504
0.421944 97882
0.421949 45394
0.421966 5590
0.421978 6505
0.421983 97456
0.421988 28191
0.422002 28628
0.422006 6224
0.422009 5960
0.422011 93326
0.422037 94706
0.422071 6537
0.422084 76038
0.422091 42296
0.422096 2665
0.422098 9339
0.422106 14263
107 30