1 2
406
0.332943 20256
0.332971 79518
0.332975 66463
0.332982 6713
0.332992 63352
0.332995 2541
0.333002 16240
0.333026 18287
0.333026 3854
0.333026 71830
0.333048 24262
0.333071 34303
0.333072 95411
0.333097 70681
0.333105 56255
0.333108 24332
0.333114 75441
0.333122 60464
0.333128 94393
0.333136 62594
0.333146 21961
0.333152 30235
0.333166 59831
0.333187 25689
0.333206 10996
0.333206 62023
0.333234 85856
0.333266 20130
0.333266 4485
0.333271 76661
0.333282 71355
0.333292 13323
0.333292 19330
0.333295 79328
0.333312 42331
0.333353 45228
0.333363 83409
0.333371 98912
0.333373 14545
0.333376 75520
0.333384 1502
0.333405 13726
0.333409 19205
0.333412 57284
0.333417 12673
0.333426 12959
0.333433 77476
0.333439 4826
0.33345 9998
0.333451 44930
0.333453 41279
0.333459 32016
0.333465 100988
0.333476 37083
0.333483 89043
0.333489 31976
0.333492 59603
0.333512 89350
0.33354 41493
0.333542 82108
0.333559 87695
0.33357 35589
0.333572 22826
0.333572 62947
0.333589 8690
0.333599 78432
0.333607 71163
0.333612 42599
0.333613 43494
0.333624 3675
0.333651 75384
0.333652 49233
0.333654 37142
0.333661 81301
0.333673 51959
0.333684 55415
0.333687 99704
0.33369 82334
0.3337 36067
0.333752 77944
0.333759 85342
0.333763 89368
0.333774 70267
0.333785 25031
0.33379 68275
0.333795 212
0.333811 26929
0.333815 61653
0.333827 23606
0.333849 82729
0.333867 98766
0.333868 2321
0.333869 45104
0.33388 32116
0.333889 3695
0.333902 4431
0.333918 18747
0.333929 20934
0.333948 22154
0.333964 64696
0.333984 85643
0.333992 21911
0.334001 30841
0.334026 98533
0.334027 31080
0.334034 2420
0.33404 6339
0.334051 89885
0.334069 46644
0.334077 40466
0.334081 36587
0.334081 48788
0.334082 33508
0.334087 88294
0.33409 41050
0.334092 55915
0.334094 12631
0.334096 40514
0.334114 98897
0.33412 100945
0.334122 15277
0.334128 93091
0.334136 52614
0.334143 2121
0.334144 55640
0.334162 80504
0.334176 42967
0.334192 91957
0.334194 38354
0.334194 77773
0.334204 85938
0.334211 70811
0.334215 65111
0.334223 29721
0.334274 19379
0.334283 31111
0.33429 44950
0.334294 76236
0.334297 31549
0.334322 95400
0.33433 66779
0.334348 67250
0.33437 30699
0.334375 68790
0.334378 65843
0.334401 84843
0.334415 89663
0.334439 43754
0.334441 25911
0.334453 40982
0.334498 4034
0.334535 80904
0.334537 35876
0.334547 94492
0.334575 81877
0.334594 25525
0.334594 93078
0.334595 6035
0.334609 30400
0.334611 37188
0.334621 11184
0.334621 65906
0.334625 20418
0.334647 42705
0.334647 7648
0.334655 18838
0.334667 22127
0.334669 51197
0.334742 64611
0.334745 26568
0.334745 56909
0.334748 88924
0.334775 60306
0.334802 20438
0.334804 78194
0.33481 65827
0.334815 73280
0.334823 7281
0.334829 29939
0.334832 32029
0.334838 42239
0.334881 17421
0.334919 33465
0.334924 94598
0.334933 52083
0.334942 20593
0.334944 38298
0.334944 99801
0.334948 55852
0.334953 43241
0.334968 35612
0.334974 49243
0.334976 36201
0.334982 80699
0.335015 1767
0.335041 35513
0.335051 20107
0.335056 55850
0.335059 95833
0.335077 7921
0.335084 26200
0.335087 97342
0.335089 13950
0.335141 2019
0.33515 47614
0.335152 16780
0.335163 75400
0.335163 99599
0.335169 96999
0.335193 86382
0.3352 11463
0.335257 80885
0.335267 85984
0.335272 59462
0.335272 71901
0.335278 15278
0.335289 73263
0.335306 40954
0.335309 19938
0.33532 59978
0.335329 22349
0.335329 38871
0.33534 64648
0.335349 3254
0.335349 67916
0.335358 18630
0.335376 85845
0.335378 99151
0.335382 39303
0.335388 34774
0.335389 115
0.335392 85303
0.335415 96852
0.335439 5005
0.33545 3928
0.335461 19952
0.335462 92532
0.335463 81
0.335464 43195
0.335466 73569
0.335466 94338
0.335474 88735
0.335479 76730
0.335481 52426
0.335485 27843
0.335499 88712
0.335527 92906
0.335536 61314
0.33555 52502
0.335569 59412
0.335574 72868
0.335587 86668
0.335615 62222
0.335629 65758
0.33564 44904
0.335654 87534
0.335662 89416
0.335667 5077
0.335669 74193
0.335676 11973
0.335682 88299
0.335686 63254
0.335688 26272
0.335698 22221
0.335715 85335
0.335716 84894
0.335722 25015
0.335725 100590
0.335725 90857
0.33575 33514
0.335761 28782
0.335803 36038
0.335805 5747
0.335808 23815
0.335824 83567
0.335826 94554
0.335833 15343
0.335833 7332
0.335839 39346
0.335839 44087
0.33584 59844
0.335869 38874
0.335889 50558
0.335899 100794
0.335915 61909
0.335929 88366
0.335952 44384
0.335952 91283
0.335968 32111
0.33597 99642
0.335974 65201
0.335979 20813
0.335987 11673
0.335991 77294
0.33601 37810
0.336032 48783
0.336056 86885
0.336063 68535
0.336067 85764
0.336068 76540
0.33607 16634
0.336072 75198
0.336074 55253
0.33608 43635
0.336089 16284
0.336108 14790
0.33612 100265
0.336136 99580
0.336142 91135
0.336153 14072
0.336158 36925
0.33616 15130
0.336171 24685
0.33618 16379
0.336182 9620
0.336201 79550
0.33622 57801
0.336224 15945
0.336228 55202
0.336233 9355
0.336239 6899
0.336256 17100
0.336258 2616
0.33626 100625
0.336277 4556
0.336288 6337
0.33629 93560
0.3363 45711
0.336312 63877
0.336315 82044
0.336322 99278
0.336344 84669
0.336355 29487
0.336359 58737
0.336368 59453
0.336369 37177
0.336382 27521
0.336382 50500
0.336382 91984
0.336384 80320
0.336385 12669
0.336385 56229
0.336387 70943
0.336398 48727
0.3364 65816
0.336404 37287
0.336405 8687
0.336435 20573
0.336438 2479
0.336449 46189
0.336459 12973
0.336474 49126
0.33648 73629
0.33649 24114
0.336491 94673
0.336498 30657
0.336502 3000
0.336511 33704
0.336525 39726
0.336535 20867
0.336538 2152
0.336538 80638
0.336544 95440
0.336552 24431
0.33656 70767
0.336569 36032
0.336577 52325
0.336578 12600
0.336586 41242
0.336634 76140
0.336638 55554
0.33664 70698
0.336646 86911
0.336649 73009
0.336705 31098
0.336716 76074
0.336718 93408
0.336736 83842
0.336737 87517
0.336739 84350
0.336754 15197
0.336782 32765
0.336782 3996
0.336784 29589
0.336807 69182
0.33682 100809
0.336821 69078
0.336839 69123
0.336847 82673
0.336857 27167
0.336881 31644
0.336885 84099
0.336891 84670
0.336902 41070
0.336905 60737
0.336909 58018
0.336918 30306
0.33692 81873
0.336923 51339
0.336939 4332
0.336945 76422
0.336979 20576
0.336983 35345
0.336984 35463
0.336986 72465
0.33699 67237
40 93