1 2
389
0.349268 27057
0.34928 43150
0.349283 27772
0.349292 28136
0.349315 52276
0.349322 61702
0.349322 89308
0.349326 52756
0.349328 35673
0.349331 91430
0.349335 2755
0.34934 46043
0.349343 38872
0.349349 90156
0.349364 36971
0.349368 71602
0.349385 31085
0.349398 37748
0.349399 29924
0.349406 18472
0.349411 38734
0.349412 75399
0.34942 54200
0.349425 50530
0.34945 98968
0.34947 53417
0.3495 77570
0.349501 60788
0.349505 20174
0.349511 68710
0.349513 60673
0.349517 41248
0.349518 36096
0.349521 63383
0.349521 87405
0.349523 23843
0.349546 55573
0.349549 15226
0.349552 70425
0.349561 8433
0.349576 38398
0.349586 22425
0.3496 26517
0.349613 68306
0.34962 50646
0.349627 81388
0.349629 3768
0.349629 54289
0.349633 58558
0.349645 75561
0.349648 54682
0.349654 11089
0.349682 59430
0.349683 66283
0.349686 12262
0.349688 42935
0.349715 20764
0.349725 20635
0.349734 23572
0.349755 57612
0.349783 56711
0.349783 56887
0.349793 35210
0.349824 8635
0.349828 99227
0.349839 95510
0.349849 44416
0.349851 44589
0.349853 6544
0.349855 66157
0.349866 60384
0.349869 13051
0.34987 22540
0.349878 69073
0.349889 54646
0.349891 15825
0.349892 38566
0.349911 97883
0.349915 61278
0.34994 8290
0.349941 67328
0.349949 8474
0.349951 77596
0.349989 55835
0.349991 100099
0.349991 101099
0.350019 26887
0.350026 3278
0.350027 65437
0.350055 79406
0.350062 56392
0.350068 17895
0.350069 65652
0.350076 11140
0.350085 3939
0.35009 17339
0.350094 89557
0.350126 79884
0.350127 18158
0.350129 22227
0.350132 17808
0.350134 100869
0.350134 101869
0.350139 21471
0.350167 82691
0.350169 10366
0.35017 20552
0.350178 89439
0.350184 41330
0.350197 11930
0.350213 64742
0.350229 97573
0.350258 40727
0.350265 69948
0.350271 83905
0.350272 10067
0.350276 42128
0.350279 44427
0.350286 54343
0.35031 54381
0.350312 48490
0.350325 54396
0.350335 73428
0.350336 70875
0.35034 55847
0.350351 16330
0.350356 1705
0.350372 23396
0.350373 90234
0.350422 12309
0.350431 95842
0.350455 97943
0.350459 35663
0.350483 98204
0.350486 26018
0.350517 20734
0.35055 6246
0.350552 84828
0.350569 9594
0.350578 38926
0.350586 78037
0.350592 24710
0.350608 19021
0.350613 40873
0.35062 170
0.35062 58999
0.350641 43106
0.350645 98308
0.350653 11226
0.350662 100432
0.350662 101432
0.350675 15815
0.350705 66632
0.350705 99674
0.350716 56897
0.350722 15728
0.350723 53644
0.350727 43068
0.35073 79361
0.350734 88392
0.350743 61215
0.350743 8420
0.350748 33070
0.350753 52074
0.350756 47711
0.350767 56824
0.350785 61193
0.350788 63948
0.350789 25788
0.350823 85020
0.350831 72045
0.350833 4278
0.350842 21723
0.350877 93974
0.350881 7397
0.350883 64856
0.350891 18666
0.350896 98562
0.350898 78859
0.350929 71180
0.350937 20210
0.350959 3158
0.350964 720
0.350982 70188
0.351009 94644
0.351012 95198
0.351024 49978
0.351045 19408
0.351048 60912
0.351059 86631
0.351074 3681
0.351078 96725
0.351092 60138
0.351097 72296
0.351119 90643
0.351129 31800
0.351154 99863
0.351166 39249
0.351179 86813
0.351183 61968
0.351187 36397
0.3512 19073
0.351201 590
0.351211 28350
0.351234 162
0.351239 81302
0.351241 31881
0.351254 99768
0.351259 74682
0.351261 73110
0.351271 16502
0.351272 16480
0.351274 45491
0.351281 30613
0.351284 95023
0.351297 82059
0.351303 24455
0.351305 60319
0.351307 91028
0.351319 75726
0.351326 1951
0.35133 92806
0.351335 81392
0.35134 75131
0.351359 53548
0.351362 62187
0.351372 57221
0.35139 12804
0.351423 36668
0.351455 33170
0.35146 97212
0.351467 25358
0.351467 61097
0.351472 81042
0.351475 12950
0.351477 70133
0.351496 3766
0.3515 35381
0.351509 3627
0.351512 16378
0.351519 4655
0.351532 60467
0.351551 92640
0.351555 71558
0.351563 94548
0.351595 85748
0.351596 60704
0.3516 73539
0.351608 49398
0.351608 85370
0.351623 74237
0.351634 93162
0.351635 20016
0.351644 20816
0.351648 29893
0.351648 45064
0.35165 40402
0.351655 49450
0.351658 27574
0.351659 11316
0.351662 66787
0.351674 63933
0.351684 26863
0.351714 20020
0.351715 49671
0.351745 48035
0.351774 24174
0.351777 80044
0.351788 68520
0.351793 65519
0.351796 61464
0.351799 50108
0.351805 73307
0.351818 22269
0.351845 11681
0.35186 41422
0.351864 37019
0.351873 45232
0.351878 34617
0.351889 62304
0.351894 15492
0.351925 960
0.351939 2193
0.35195 5889
0.351956 12775
0.351956 25423
0.351967 68529
0.351967 70880
0.35197 31967
0.351976 79987
0.351985 5460
0.351994 92752
0.352 93210
0.352013 40987
0.352023 86658
0.352027 98373
0.352029 14282
0.352037 94531
0.352057 8899
0.352059 50230
0.352075 57694
0.352075 84599
0.352081 74284
0.352083 39973
0.352083 48299
0.352094 11568
0.352109 12732
0.35212 10254
0.352123 23872
0.352128 78043
0.35213 81146
0.352153 77696
0.352166 62412
0.3522 601
0.352205 35312
0.352219 31337
0.35223 54535
0.352241 63992
0.352241 95544
0.35226 33557
0.352263 5753
0.352297 30848
0.352338 43371
0.352339 65539
0.352347 7473
0.352355 87874
0.35236 34914
0.352363 16682
0.352363 25823
0.352378 37716
0.352379 68983
0.352392 43159
0.352397 91341
0.3524 59779
0.352421 14091
0.352435 61747
0.352446 17965
0.352478 95553
0.352487 88345
0.352495 30303
0.352497 79354
0.352501 37835
0.352504 95899
0.352507 1835
0.352512 79376
0.352513 51264
0.352522 52889
0.352528 69306
0.352536 14421
0.352547 9606
0.352549 66451
0.352566 47415
0.352569 84849
0.352571 31081
0.352571 74907
0.352607 85165
0.352616 100186
0.352616 101186
0.352619 75563
0.352625 11740
0.352625 36985
0.352633 72991
0.352651 94557
0.352672 89390
0.352675 64798
0.35269 11931
0.352708 17177
0.35271 3501
0.352711 45739
0.352714 66704
0.352733 37136
0.352749 2385
0.352756 19735
0.352762 87087
0.352773 60043
0.352792 65736
0.352834 16841
0.352847 48138
0.352847 63958
0.352849 73203
0.352864 62832
0.352879 70019
0.352884 90965
0.352908 48801
0.352924 3881
0.352931 98087
0.352941 39353
0.352941 49035
0.352947 48476
19 81