1 2
391
0.686681 17353
0.686684 68731
0.686688 86932
0.68671 669
0.686715 82737
0.686716 30398
0.68672 84564
0.686729 35755
0.686731 95888
0.686748 20695
0.686769 99921
0.686776 70813
0.686784 64906
0.6868 10033
0.686801 72814
0.686815 73142
0.686828 27598
0.68684 33860
0.686858 32138
0.686866 42969
0.686877 58796
0.68688 79097
0.686888 33108
0.686889 57726
0.686895 70244
0.686896 3409
0.686905 55667
0.686907 11473
0.68691 35082
0.686916 67991
0.686929 49618
0.686943 4559
0.686951 79454
0.686974 23470
0.686989 1672
0.687004 16683
0.687016 37500
0.687018 25854
0.687019 39745
0.687026 69360
0.687027 14019
0.687037 48345
0.687043 85874
0.687048 89375
0.687085 20516
0.687088 63682
0.687094 36008
0.6871 90619
0.687106 58651
0.687126 64668
0.687131 10545
0.687149 29300
0.68715 70699
0.687152 58126
0.687155 66177
0.68717 63337
0.687177 31812
0.687204 14425
0.687228 72933
0.68726 18017
0.687263 90244
0.687285 50631
0.687288 21326
0.687292 44415
0.687292 67818
0.687294 37109
0.687298 62789
0.687343 98561
0.687355 53811
0.687384 67052
0.687408 33423
0.687412 32649
0.687415 12443
0.687428 37101
0.687431 60314
0.687433 96925
0.687435 24359
0.687444 43966
0.687461 42663
0.687492 37903
0.6875 89228
0.687549 37440
0.687557 26955
0.687566 55979
0.687576 61897
0.687594 925
0.687598 88828
0.687605 13421
0.687614 36018
0.687616 43253
0.687619 12799
0.687637 19719
0.68771 63907
0.68772 1891
0.687724 1603
0.687726 70250
0.687745 11836
0.687756 88726
0.687781 83107
0.687789 39501
0.68782 4710
0.68782 63561
0.687824 72953
0.687826 46536
0.687827 79292
0.687834 69012
0.687849 95431
0.687857 4943
0.687858 3424
0.687861 20385
0.68787 40456
0.687877 78934
0.687882 46447
0.687886 5234
0.687891 44925
0.687891 61142
0.687892 68178
0.687898 71438
0.687899 25613
0.6879 35095
0.687906 43361
0.687911 18703
0.687913 46572
0.687932 4242
0.687936 50326
0.68794 84917
0.687947 25816
0.687956 90617
0.687966 44955
0.68797 43027
0.687975 42116
0.687977 17691
0.687989 71324
0.687994 57778
0.688006 18436
0.688025 88754
0.688037 38285
0.688072 76395
0.688078 53866
0.688079 98579
0.688085 40066
0.68809 26731
0.688091 13260
0.688101 22794
0.688104 91958
0.688107 20383
0.688107 4105
0.688124 30849
0.688127 38786
0.688127 96395
0.688129 3037
0.688137 10012
0.688152 5979
0.688176 33884
0.688181 47340
0.688187 93026
0.688189 59711
0.68819 35362
0.688197 18385
0.688229 79213
0.688269 36258
0.688289 63264
0.6883 19610
0.688308 93234
0.688312 70543
0.688314 78857
0.688323 90430
0.688325 61907
0.688332 97761
0.68834 81372
0.688342 70473
0.688349 9800
0.688353 62427
0.688367 68694
0.688369 66915
0.688378 34280
0.688387 45374
0.688412 76550
0.688423 41418
0.688431 66578
0.688436 13073
0.688439 97541
0.688448 10969
0.688452 98166
0.688494 34165
0.688498 27473
0.688536 93573
0.688589 65329
0.688591 72063
0.688594 75655
0.688596 88881
0.68865 80280
0.688653 16463
0.688671 13593
0.688672 58363
0.688682 49692
0.688688 20041
0.688689 68650
0.688699 12
0.6887 98929
0.688712 95457
0.688745 69922
0.688752 15905
0.68876 92609
0.688764 66642
0.688766 52710
0.688776 74420
0.688787 60749
0.68879 55863
0.688792 50928
0.688793 79844
0.688809 40992
0.688815 52862
0.688828 20447
0.688836 99276
0.68884 48644
0.688843 15212
0.688859 100791
0.688871 73358
0.68888 44564
0.68889 15927
0.688931 40599
0.688931 53776
0.688936 31323
0.688971 30229
0.688973 75042
0.688985 59983
0.688991 18962
0.689018 45041
0.689018 961
0.68902 78086
0.689035 31980
0.689039 13821
0.68905 83082
0.689065 12301
0.68907 10268
0.689074 78661
0.689078 65823
0.689087 44243
0.689104 30383
0.689107 19127
0.689143 40086
0.689154 67100
0.689158 2666
0.689163 53885
0.689166 38583
0.68917 68635
0.689222 85050
0.689251 31268
0.689262 18722
0.689262 86865
0.689272 11602
0.689287 89357
0.689289 23052
0.689321 66118
0.689327 53116
0.689329 96145
0.689336 4362
0.689342 66412
0.689353 79068
0.689368 28564
0.689369 5328
0.689383 58786
0.689384 93549
0.689411 57833
0.689415 20958
0.689426 46752
0.689433 2450
0.689459 52721
0.689469 13624
0.689479 78853
0.689485 21278
0.689505 81236
0.689518 45847
0.68952 71094
0.689526 41885
0.689528 43843
0.689553 67478
0.689565 35699
0.689568 55692
0.689582 19044
0.689585 8868
0.689603 16866
0.68961 25602
0.689614 87471
0.689621 53521
0.689626 40042
0.689635 5526
0.689638 47556
0.68964 42629
0.689656 16147
0.689667 99752
0.68967 62137
0.689673 14936
0.68969 37750
0.689701 45025
0.689704 29998
0.689724 18185
0.689731 73782
0.689731 92406
0.689738 49703
0.68974 67645
0.68974 68179
0.689744 87711
0.689755 77584
0.689756 39380
0.68976 56443
0.689767 95329
0.689768 69525
0.689793 44149
0.689817 5687
0.689821 5237
0.689836 97354
0.689846 7253
0.689848 18893
0.689848 62393
0.689875 6992
0.689879 35928
0.689892 19258
0.6899 4408
0.689905 30668
0.689924 88365
0.689941 22903
0.689958 72297
0.689961 65881
0.68998 29117
0.689992 45501
0.690001 83129
0.690017 58299
0.690017 81414
0.690037 48188
0.690038 39446
0.69004 58341
0.690042 50936
0.690057 33466
0.690067 41917
0.69007 50444
0.690074 91053
0.69008 86555
0.690085 91173
0.690101 41874
0.690105 100730
0.690107 2236
0.690126 72152
0.690144 30522
0.690155 39733
0.690163 87110
0.690166 30201
0.690167 35306
0.690168 29075
0.690171 29532
0.690175 27503
0.690177 100674
0.690183 46226
0.690209 80374
0.690214 61795
0.69025 85447
0.690253 98051
0.69028 90716
0.690289 5493
0.690318 38542
0.690318 49914
0.69032 86801
0.690324 88814
0.690325 57494
0.69033 26084
0.690345 88435
0.69035 52693
0.690362 277
0.690363 28298
0.690363 5413
0.690365 79399
0.690375 50681
0.690418 100602
0.690425 68896
0.690429 20190
0.690446 74197
0.690447 49025
0.69045 37356
0.690452 46643
0.690455 95956
0.690461 62784
0.690472 78292
0.690487 80254
0.690508 4698
0.690508 98101
0.690568 16246
0.690569 52405
0.690571 82157
0.690603 35900
0.690605 23592
15 100