1 2
381
0.046992 13841
0.046996 48370
0.047 22860
0.047032 73275
0.047046 80673
0.047046 93812
0.047079 18515
0.047098 71928
0.047114 84210
0.047121 21272
0.047122 25646
0.047126 39821
0.047127 57961
0.047129 94122
0.047133 29888
0.047135 77594
0.047135 82300
0.04715 11180
0.047156 84284
0.047158 37117
0.047165 33831
0.047182 29160
0.047195 5179
0.047197 33996
0.047201 62312
0.047225 256
0.047231 37224
0.047252 66549
0.047278 30597
0.047279 90172
0.047281 88609
0.047292 20301
0.0473 21400
0.047302 54878
0.047323 51693
0.047335 97405
0.047354 53192
0.047368 75737
0.04737 45400
0.04737 69818
0.047387 14560
0.04743 42210
0.047431 26854
0.047435 45266
0.047438 75727
0.047448 57234
0.04745 77745
0.047454 98684
0.047455 58665
0.047455 85493
0.047459 73619
0.047475 52915
0.047532 86683
0.047548 64291
0.04759 22699
0.047614 30432
0.047625 93542
0.047627 71495
0.047632 4194
0.047641 35334
0.047642 83468
0.047651 34669
0.047653 51033
0.047654 49922
0.047688 16279
0.047698 34854
0.047699 1435
0.047701 57019
0.047706 15119
0.047707 23955
0.047713 29234
0.04773 91012
0.047749 40898
0.047762 67523
0.047784 53093
0.047787 81508
0.047803 9858
0.047804 82179
0.047809 64374
0.047831 84334
0.047838 28891
0.047846 46330
0.047862 50591
0.047867 29098
0.047871 31436
0.047873 80264
0.047897 12781
0.04792 24716
0.047935 29943
0.047946 81583
0.047985 47902
0.047986 84557
0.047988 30094
0.048022 15094
0.048024 35763
0.048032 81679
0.048033 55701
0.048058 56266
0.048077 14059
0.048085 55249
0.048116 87605
0.048125 22117
0.04813 97282
0.048135 37710
0.048151 35870
0.048165 48964
0.048166 7208
0.04817 42211
0.048196 9455
0.048201 17451
0.048208 82792
0.048219 13677
0.048227 88619
0.048249 92585
0.04825 91555
0.048254 51779
0.048254 82405
0.048255 97430
0.04826 75489
0.048273 82469
0.04828 3331
0.048284 92654
0.048302 34812
0.048307 11395
0.048325 72497
0.048327 31165
0.048327 99881
0.048344 72813
0.048351 98714
0.048358 98392
0.048364 52791
0.048366 79914
0.048374 37514
0.048376 58087
0.048406 88137
0.048407 42470
0.048418 16270
0.048418 54854
0.048418 59722
0.048434 28590
0.048463 49736
0.048467 56975
0.048472 9533
0.048476 16124
0.048501 16601
0.048502 27719
0.048533 6130
0.048538 89795
0.04855 45869
0.04855 92133
0.048558 24930
0.048572 52979
0.048574 23091
0.048577 28725
0.04858 25337
0.048591 59077
0.048603 92934
0.048606 14007
0.048608 7653
0.048627 65970
0.048636 46133
0.048645 56839
0.048651 96849
0.048657 5608
0.048659 1712
0.048663 38707
0.048665 31153
0.048723 99164
0.04873 17006
0.048733 19874
0.048753 14473
0.048758 81806
0.048769 18325
0.04878 79826
0.048796 29865
0.0488 77549
0.04884 27764
0.04884 36045
0.048859 74078
0.048891 42192
0.048898 44717
0.048904 41280
0.048916 59908
0.048918 22599
0.048925 10397
0.048928 51119
0.048937 98328
0.04894 4897
0.048949 9792
0.048966 5404
0.04897 70491
0.048996 26796
0.049018 5757
0.049027 91272
0.049031 95296
0.049036 24311
0.049044 65623
0.049046 39510
0.049066 30864
0.049084 46730
0.049093 69040
0.049094 20528
0.049098 23457
0.049105 9663
0.049116 29861
0.049126 83263
0.049131 18234
0.049139 13777
0.049148 59320
0.049156 40076
0.049184 18519
0.049187 14882
0.049188 98794
0.049192 34862
0.0492 95308
0.049202 56629
0.049217 68120
0.049227 36677
0.049267 41785
0.04927 1499
0.049271 73018
0.04929 1811
0.04931 65032
0.04933 66873
0.049338 36802
0.049351 50392
0.049358 82571
0.04936 42607
0.049366 80528
0.049374 6603
0.04941 4049
0.049413 66694
0.04942 79648
0.049426 27213
0.049427 22456
0.049427 871
0.049439 93481
0.049444 95733
0.049453 49775
0.049469 84067
0.04948 40045
0.049503 27771
0.049505 66315
0.049507 85471
0.049513 29032
0.049513 37472
0.049514 86652
0.049522 50163
0.049525 85654
0.049534 82415
0.049538 4128
0.04954 31682
0.04956 14704
0.04956 67164
0.049561 36117
0.049567 59720
0.049579 24577
0.049584 45309
0.049601 27662
0.049602 88223
0.04961 57625
0.049616 92020
0.04962 76912
0.049626 69931
0.049638 42125
0.049644 92173
0.049647 22398
0.049659 26817
0.049665 36301
0.049696 16794
0.049698 36765
0.049698 88094
0.04971 21406
0.049715 97611
0.049725 54489
0.049729 22788
0.049757 87985
0.049764 47108
0.049777 33719
0.049782 43459
0.049789 77246
0.0498 20636
0.049806 88723
0.049817 11055
0.049834 52382
0.049838 47928
0.049853 88464
0.04986 52412
0.04988 67302
0.04989 40590
0.049894 82432
0.049903 38857
0.04992 11041
0.04993 93176
0.049936 11063
0.049937 7525
0.04994 71824
0.049968 31267
0.049971 89209
0.049976 13634
0.049996 77953
0.05 30146
0.05001 61277
0.050011 61012
0.050014 92166
0.050019 698
0.050031 61974
0.050031 65317
0.05005 76507
0.050083 9765
0.050093 3373
0.05013 92898
0.050153 71534
0.050156 19226
0.050192 80021
0.050206 44919
0.050218 7817
0.05022 94267
0.050235 69604
0.050236 48266
0.050238 27847
0.050241 22638
0.05025 7181
0.050269 31536
0.05029 78637
0.050298 63580
0.050308 67258
0.050309 97712
0.050315 87248
0.05033 60591
0.050332 17960
0.050359 9713
0.05036 6671
0.050362 74161
0.050364 54123
0.050369 6933
0.050378 3705
0.050386 6125
0.050397 39277
0.0504 15681
0.050402 51093
0.050404 30439
0.050413 16591
0.050416 942
0.050427 85993
0.050456 53510
0.050458 37955
0.05046 19181
0.050466 35018
0.05051 20386
0.050514 69805
0.050525 61352
0.050536 21327
0.050548 9955
0.050558 30135
0.050559 61275
0.050573 96988
0.050578 78224
0.050588 20160
0.05059 12479
0.050595 34054
0.050608 3599
0.050609 20349
0.050611 8662
0.050617 17389
0.050629 52755
0.050647 34783
0.050656 20085
0.050656 98097
0.050665 56221
0.050689 97923
0.05069 34352
0.050694 47029
0.050703 42142
0.050704 14800
0.050744 67213
0.050746 60332
0.050752 61243
0.050773 37585
0.050786 73052
0.050791 33256
102 51