1 2
397
0.245362 4470
0.245362 68035
0.245368 37588
0.245382 91473
0.245389 39207
0.245431 97525
0.245451 100967
0.245451 101967
0.245467 78978
0.245475 9699
0.245483 15630
0.245488 4005
0.245492 85709
0.245501 92830
0.245511 69853
0.24553 81221
0.245566 48804
0.245595 27221
0.245604 93502
0.245609 89214
0.24562 67149
0.245624 84821
0.245632 26157
0.245635 8616
0.24565 29876
0.245676 61065
0.245685 43673
0.245692 90143
0.245704 15759
0.245718 56850
0.245724 98576
0.245725 64637
0.245741 79486
0.245743 77094
0.245744 18999
0.245759 61775
0.245763 63139
0.245776 41521
0.245794 39777
0.245796 20662
0.245803 15042
0.245803 74506
0.245817 13095
0.245824 87901
0.245826 31122
0.245839 7098
0.24584 21829
0.245874 39587
0.24589 70295
0.245895 91073
0.245923 100724
0.245923 101724
0.245936 18190
0.245936 25441
0.245949 100363
0.245949 101363
0.245955 50461
0.245959 41579
0.245961 18143
0.246016 73044
0.246028 35486
0.246102 34502
0.246119 96205
0.246126 48045
0.246141 94584
0.24615 39183
0.246153 51661
0.246155 99463
0.246179 39395
0.246182 64834
0.246186 61365
0.246193 95911
0.246204 54477
0.246207 45483
0.246211 87826
0.246214 94922
0.246225 7285
0.246247 5671
0.246251 21414
0.246253 66735
0.246254 31381
0.246264 44981
0.246288 94459
0.246293 50711
0.2463 64166
0.2463 66785
0.246303 19551
0.246312 22031
0.246315 87619
0.246341 27320
0.246343 15378
0.24635 82294
0.246351 70406
0.246363 80849
0.246375 89533
0.24638 35865
0.246382 51656
0.246388 55422
0.24643 779
0.246438 92014
0.246452 96448
0.246459 4520
0.246462 74083
0.246463 18511
0.246472 63809
0.246495 12266
0.246502 40343
0.246502 6698
0.246507 36931
0.246508 60826
0.246511 79952
0.246522 86404
0.246534 46334
0.246547 68989
0.246554 89303
0.246557 29286
0.246564 42292
0.246573 74908
0.246576 70759
0.246596 62402
0.246615 5046
0.246628 39836
0.246638 70276
0.246654 3822
0.246657 51431
0.246664 58502
0.246679 63067
0.246684 38277
0.246687 45688
0.246696 9230
0.246719 40038
0.246725 84974
0.246739 51616
0.246754 37050
0.246757 68565
0.246767 42169
0.24678 78220
0.246788 13509
0.246792 4140
0.246798 19557
0.246804 76953
0.246809 70567
0.24682 7352
0.246845 16833
0.246848 14102
0.246854 99668
0.246855 91112
0.246871 8554
0.246873 6688
0.246882 16015
0.246887 9447
0.246896 100767
0.246896 101767
0.246908 37491
0.246926 54150
0.24693 23785
0.246945 35182
0.246946 34901
0.246956 50025
0.246959 53991
0.246966 97953
0.24697 65092
0.246976 41911
0.247002 640
0.247011 29358
0.247019 34469
0.247019 83737
0.247024 63455
0.247038 71758
0.247041 57794
0.247066 88868
0.24708 47175
0.247084 43585
0.247097 39084
0.247119 48193
0.247122 34156
0.247153 28124
0.247174 6519
0.247174 72477
0.247175 88751
0.247189 46892
0.247192 83934
0.247195 20199
0.247201 71066
0.247215 88677
0.247231 98737
0.24724 14527
0.247254 53660
0.24728 26879
0.247301 61726
0.247315 48799
0.247328 5045
0.24733 24207
0.247345 19817
0.247348 495
0.247357 44691
0.247357 78624
0.247369 60744
0.247373 8683
0.247383 71090
0.247391 94866
0.247397 79431
0.2474 79403
0.247406 18731
0.247416 93362
0.24742 77716
0.24744 78794
0.247442 93345
0.247448 4246
0.247464 27519
0.247468 30479
0.247473 77980
0.247484 57290
0.247484 96065
0.247501 28025
0.247517 94017
0.247526 29065
0.247532 87887
0.247556 85348
0.247573 69802
0.247579 88355
0.247594 60702
0.2476 62586
0.247611 74233
0.247632 17713
0.247645 56194
0.247657 49687
0.24767 37760
0.247691 59555
0.247712 80188
0.247713 48479
0.247714 41171
0.247715 84850
0.247716 37400
0.247723 57955
0.247732 88770
0.247733 98112
0.247741 68106
0.24778 87325
0.2478 1477
0.247806 35187
0.247822 75898
0.247824 1613
0.247827 28879
0.247835 89152
0.247868 26520
0.247871 34762
0.247872 38977
0.247875 75602
0.247877 14636
0.247914 24701
0.247914 6982
0.247924 9218
0.247952 83794
0.247968 84507
0.247969 63869
0.247977 23932
0.24799 9769
0.248023 64288
0.248025 49963
0.248025 92823
0.248029 14532
0.248033 91949
0.248042 44730
0.248078 9652
0.248088 64471
0.24809 33409
0.248106 36719
0.248122 82714
0.248131 18324
0.248131 31590
0.248139 78747
0.248141 86292
0.248167 16421
0.248167 79902
0.248191 55323
0.248193 58196
0.248195 98073
0.2482 75812
0.248204 59824
0.24821 43810
0.248212 7243
0.248213 2204
0.248213 33507
0.248214 48927
0.248225 79663
0.248229 27702
0.248236 52676
0.248268 40865
0.248286 9703
0.248294 57413
0.248315 14017
0.248329 10370
0.248338 67892
0.248347 78264
0.248352 72967
0.248376 50471
0.24841 47840
0.248414 21146
0.248451 30454
0.248454 22422
0.24847 9146
0.248482 60264
0.248488 61500
0.24851 33296
0.248517 14392
0.24852 24112
0.248522 99071
0.248525 15209
0.248528 74045
0.248534 13423
0.248539 90124
0.248545 92627
0.248546 79038
0.248563 46137
0.248596 52942
0.248611 42802
0.248613 47997
0.248616 49550
0.248653 85776
0.24867 217
0.248678 21855
0.248691 86616
0.248693 57705
0.248703 79589
0.248704 89602
0.248708 33312
0.248711 90250
0.248717 40850
0.248719 94683
0.248739 44287
0.248749 91400
0.248762 40669
0.248777 97675
0.248779 34525
0.24881 67571
0.248814 58919
0.248824 73158
0.248829 8187
0.24884 10501
0.248841 32295
0.248841 7502
0.24885 62265
0.248851 39734
0.248857 78939
0.248861 2580
0.248867 94923
0.248892 61871
0.248896 76502
0.248901 58231
0.248905 59037
0.248906 10025
0.248912 42624
0.248927 6589
0.248928 55801
0.248933 17362
0.248946 10810
0.248951 79690
0.24898 97846
0.249006 33343
0.249009 59531
0.249016 15690
0.249019 82132
0.249021 12482
0.249025 40458
0.249025 8105
0.249031 10175
0.249032 49365
0.249037 49494
0.249041 65196
0.249046 69359
0.249046 95165
0.249054 11383
0.249056 97885
0.249075 23753
0.249089 13897
0.24912 84333
0.249121 23671
0.249122 98174
0.249125 25999
0.249126 14606
0.249135 55894
0.249135 96035
0.249147 52414
0.249151 25737
0.249164 25028
0.249179 84263
0.249181 64665
0.249189 69995
0.249212 59615
0.249214 17417
0.249221 10890
0.249221 37442
0.249252 45919
0.249261 43283
0.249268 70500
0.249319 57085
114 38