1 2
407
0.092996 2718
0.092998 81251
0.092999 71919
0.093013 33278
0.09302 64206
0.093029 24661
0.093029 53751
0.093041 65095
0.093046 76159
0.093061 78481
0.09307 6577
0.093076 38910
0.093078 34704
0.093084 96600
0.093086 100668
0.093086 101668
0.0931 48104
0.093101 6388
0.093103 51843
0.09311 24300
0.093128 83893
0.093142 34853
0.093159 3883
0.093162 90170
0.093176 83667
0.093203 84633
0.093226 28901
0.093238 19750
0.09325 19207
0.093253 24929
0.093274 31395
0.093276 31775
0.09328 94746
0.093302 35689
0.093304 98687
0.093313 5857
0.093333 64610
0.093342 41465
0.093346 74562
0.093356 80975
0.093371 27304
0.093378 23826
0.093378 50339
0.093383 100376
0.093383 101376
0.093389 93209
0.093422 87027
0.093426 95182
0.093448 36321
0.093456 64698
0.093457 3012
0.093472 68160
0.093473 55237
0.093486 100300
0.093486 101300
0.093492 85864
0.093502 59952
0.093513 57338
0.093528 98728
0.093532 31020
0.09354 12282
0.093541 2041
0.09355 37049
0.093567 100637
0.093567 101637
0.093574 86771
0.093587 89840
0.093588 93836
0.09362 45376
0.093626 29484
0.093649 67137
0.093694 70763
0.09371 98588
0.093729 56202
0.093734 57226
0.093787 55176
0.093789 90493
0.093797 83028
0.093805 11789
0.093807 2190
0.093813 45115
0.093833 90040
0.093853 11769
0.093856 88862
0.093866 92178
0.093867 72968
0.093874 99651
0.093887 41966
0.093887 68853
0.093897 34201
0.093899 77455
0.093905 63253
0.093907 21610
0.09391 42332
0.09392 90222
0.093942 46951
0.093942 67727
0.093963 48228
0.093964 2746
0.093964 98429
0.093982 39701
0.093984 62351
0.093992 70181
0.093994 13200
0.094003 83319
0.094007 81265
0.094009 52158
0.09401 74995
0.094014 69130
0.094044 48300
0.094047 39512
0.094069 45823
0.09407 89902
0.094088 17208
0.094113 100624
0.094113 101624
0.094136 16039
0.09414 1468
0.094153 96903
0.094161 94616
0.094173 68448
0.094185 10791
0.094196 48961
0.094198 87126
0.0942 81101
0.094207 63369
0.094227 13334
0.094266 30353
0.094287 92579
0.094292 8913
0.094301 22626
0.094303 89473
0.094322 33750
0.094327 58097
0.094331 34579
0.094358 58038
0.094395 2716
0.094401 55925
0.094424 85961
0.094427 38147
0.094441 39038
0.094444 35924
0.094461 8264
0.094463 23612
0.094477 77215
0.094478 56114
0.094479 54027
0.094503 59291
0.094508 65048
0.094541 79580
0.094552 42896
0.094576 94287
0.094592 28150
0.094592 54211
0.094619 42828
0.094627 13535
0.094628 47414
0.094659 71269
0.094678 82276
0.094681 41347
0.094693 2895
0.094706 33394
0.094714 7045
0.09472 75189
0.094724 70689
0.094751 36499
0.094758 82769
0.09476 87582
0.094764 64047
0.094765 41077
0.094774 45252
0.094784 75118
0.094794 16226
0.094799 81913
0.094804 78849
0.094815 61040
0.094829 23600
0.094831 40204
0.094836 53384
0.094846 21788
0.094859 83503
0.094864 97670
0.094869 67148
0.094881 9585
0.094905 33434
0.094909 83081
0.094911 14325
0.094914 28382
0.094918 67111
0.094927 78263
0.094928 34764
0.094929 72246
0.094933 21571
0.09494 54254
0.094946 45814
0.094956 31305
0.094961 18014
0.094967 71375
0.094978 41901
0.094979 60204
0.094988 45502
0.094989 56735
0.094998 53692
0.095014 74094
0.095043 91422
0.095051 97315
0.095054 6492
0.095055 35257
0.095066 91862
0.095079 1914
0.09508 14740
0.095088 75407
0.095096 49748
0.095097 96328
0.095106 84443
0.095124 37370
0.09513 54560
0.09513 61904
0.095138 20439
0.09514 90027
0.095141 85994
0.095143 95306
0.095144 78968
0.095149 42761
0.09515 78991
0.095159 85683
0.095173 42
0.095187 97930
0.095195 71327
0.095195 98779
0.095239 78093
0.095254 65936
0.095263 40593
0.095265 49321
0.095274 86344
0.095283 28938
0.095287 61513
0.095293 68079
0.095294 91431
0.09532 68408
0.095322 27762
0.095328 10066
0.095334 84970
0.095339 8948
0.095347 31187
0.095351 38444
0.095351 97106
0.095361 34023
0.095366 59177
0.095368 11781
0.09537 30374
0.095373 51846
0.095382 45349
0.095389 13945
0.09539 58674
0.095394 14730
0.095398 88433
0.095414 65988
0.095421 27522
0.095421 4621
0.095426 38647
0.095434 99450
0.095447 56660
0.095448 62271
0.095456 21734
0.09546 50265
0.09546 91651
0.095461 6468
0.095461 79997
0.095471 3706
0.09549 44576
0.095495 10539
0.095498 14767
0.095503 10582
0.095515 14457
0.095523 64220
0.095538 47843
0.09554 94452
0.095541 95689
0.095548 56642
0.095562 53572
0.095567 99730
0.095596 80648
0.0956 75369
0.095601 39598
0.095607 16329
0.095623 44309
0.09563 90480
0.095635 5515
0.095641 70345
0.095656 25132
0.095658 19797
0.095686 65467
0.095689 19776
0.095693 77841
0.095699 18352
0.095706 58782
0.095717 20743
0.095719 59025
0.095735 17003
0.095745 37222
0.095745 43998
0.095746 76049
0.095754 23690
0.095758 69799
0.095778 12763
0.095783 46002
0.095789 83519
0.095799 28679
0.095833 24028
0.095834 24881
0.095839 60696
0.095841 29619
0.095875 65421
0.09588 39373
0.095881 3235
0.095893 27459
0.095895 25787
0.095919 65937
0.09593 14107
0.09594 56985
0.095952 55717
0.095952 976
0.095955 56870
0.095974 28648
0.095975 92078
0.095986 65518
0.095989 15738
0.095996 46564
0.096006 50648
0.09601 70659
0.096016 9915
0.096019 28623
0.096031 85904
0.096051 83736
0.096065 13301
0.09607 12075
0.09607 59810
0.096081 4365
0.096088 88443
0.096095 61396
0.096103 82342
0.096119 80251
0.096124 86087
0.096137 92210
0.096155 14645
0.096155 44485
0.096208 50989
0.096224 39003
0.096226 70969
0.096244 28153
0.096254 34373
0.096259 97421
0.09627 81727
0.096274 93266
0.096277 50521
0.096278 95680
0.096279 14802
0.096285 48894
0.096289 52600
0.096299 96878
0.0963 22424
0.096312 1569
0.096319 36994
0.096346 16300
0.096352 8946
0.096369 63516
0.09638 61727
0.096403 41819
0.096432 70862
0.096437 49721
0.096438 18313
0.096438 59678
0.096449 29752
0.096458 79346
0.096458 98130
0.096469 11350
0.096474 54171
0.096491 30322
0.0965 34702
0.096517 933
0.09653 21769
0.09654 21838
0.096543 73686
0.096544 17775
0.096553 94184
0.09657 64831
0.09658 69870
0.09659 29237
0.096601 7467
0.096607 88111
0.096608 31838
0.096614 33175
0.096622 62914
0.096627 40352
0.096629 87466
0.096641 60253
0.096659 71932
0.096669 72403
0.096669 8925
0.096681 64943
0.096695 9773
0.096721 18855
0.096728 90435
0.096735 18133
0.096743 19285
0.096743 26253
99 26