1 2
396
0.891912 8546
0.891919 26692
0.891919 3586
0.891927 66382
0.891957 44705
0.891961 49438
0.891965 27384
0.892013 63748
0.892032 75707
0.89204 81922
0.892044 48384
0.892068 19435
0.892076 81004
0.8921 79969
0.892121 33236
0.892125 48857
0.892133 11691
0.892142 45432
0.892155 11660
0.892162 74415
0.892183 79037
0.892221 20401
0.892224 79823
0.892228 86379
0.892238 80173
0.892241 5825
0.892245 51785
0.892246 62459
0.89226 34900
0.89227 3484
0.892271 81547
0.892279 42235
0.892288 15875
0.892292 53408
0.8923 6201
0.892304 85649
0.892306 15409
0.892306 46809
0.892354 41042
0.892359 71607
0.892365 51249
0.892371 19701
0.892381 89124
0.892386 33601
0.892389 99208
0.892399 63330
0.892401 11917
0.892401 2166
0.892407 15631
0.892416 90255
0.892425 39574
0.892446 21302
0.89246 71164
0.892467 73688
0.892474 49563
0.892477 10124
0.892478 52467
0.89251 73594
0.892513 22642
0.892524 46221
0.892531 88550
0.89254 33663
0.89254 54621
0.892542 57080
0.892549 85923
0.892554 51137
0.892579 34668
0.892582 95548
0.892585 55062
0.892603 26705
0.892604 54754
0.892615 26244
0.892633 23995
0.892633 84754
0.892649 57370
0.892652 25382
0.892663 80687
0.892663 95752
0.892686 89989
0.89269 12069
0.892692 11218
0.892705 97309
0.89271 89212
0.892729 97274
0.892738 28240
0.892738 81407
0.892749 62879
0.892754 27517
0.892769 10188
0.892772 78874
0.892775 19592
0.892784 4980
0.892794 44266
0.892794 49463
0.892808 47053
0.892813 62959
0.892853 2060
0.892874 10684
0.89288 60486
0.892931 57404
0.892937 29210
0.892956 40932
0.892965 100279
0.892987 99193
0.892999 46887
0.89301 86452
0.893013 78328
0.893025 98083
0.893033 10908
0.893041 15052
0.893044 32908
0.893059 27844
0.893065 82562
0.893067 1960
0.893075 43758
0.893092 23075
0.893104 9839
0.893106 13516
0.893117 89754
0.89313 56894
0.893163 82568
0.893177 83542
0.893185 10540
0.893192 92851
0.893193 21650
0.893194 80624
0.893211 75779
0.893215 69645
0.893227 74172
0.89323 96582
0.893245 12621
0.89325 66308
0.893254 75817
0.893257 75276
0.893268 75143
0.893272 83509
0.893283 99774
0.893286 36037
0.893291 9082
0.893294 100446
0.893299 76596
0.8933 64566
0.893307 40327
0.893307 7027
0.893321 97984
0.893351 71411
0.893359 77950
0.893362 7161
0.893382 64231
0.893395 76427
0.893404 74013
0.893406 49180
0.893406 80859
0.89341 66196
0.893411 93743
0.893413 42745
0.893419 60128
0.893451 71370
0.893476 31136
0.893483 11782
0.893491 65374
0.893511 42960
0.893511 59996
0.893525 8934
0.893536 13015
0.89354 63381
0.893561 16165
0.893581 29451
0.893585 71314
0.89359 2163
0.8936 50375
0.893614 15888
0.893616 11774
0.893618 90600
0.893627 69663
0.893637 55108
0.893639 17044
0.893642 98129
0.893653 85456
0.893663 3920
0.893666 21260
0.893688 61994
0.893714 13591
0.893716 36599
0.893721 70558
0.893724 17595
0.893726 34078
0.893738 61982
0.893761 23751
0.893774 82711
0.893776 53462
0.893779 24350
0.893781 70255
0.893791 35810
0.893796 36773
0.893797 52742
0.893805 27956
0.893814 64816
0.893816 60937
0.893818 36711
0.893834 98524
0.893838 64862
0.893846 21854
0.893863 100198
0.893908 81318
0.893913 771
0.89392 66483
0.893927 27023
0.893933 76523
0.893956 44379
0.893958 38369
0.893962 12111
0.893966 54077
0.893977 63446
0.893988 89855
0.893996 13717
0.894019 87655
0.894039 65957
0.89404 48352
0.894055 62609
0.894056 29371
0.894057 32660
0.894059 90415
0.894061 35783
0.894075 50434
0.894083 81225
0.894089 3667
0.894126 8168
0.894137 11706
0.894166 72429
0.89417 67610
0.894171 77874
0.894178 43593
0.894196 43701
0.89422 43333
0.894227 24100
0.894248 48472
0.89426 4966
0.894268 18549
0.894268 68867
0.894284 41844
0.894288 96310
0.89429 45415
0.8943 7634
0.894305 80903
0.894309 67591
0.894315 21373
0.894317 75304
0.894322 10702
0.89433 49950
0.894333 18455
0.894338 42333
0.894345 93450
0.894355 5778
0.894369 74318
0.894387 71350
0.894396 365
0.8944 59712
0.894405 49965
0.894411 3614
0.894419 31660
0.89443 38739
0.894435 1369
0.894439 47031
0.894446 69396
0.894465 96684
0.89447 82022
0.894484 3061
0.894495 58042
0.894503 26002
0.894509 98401
0.894517 13203
0.894526 22302
0.894533 79807
0.894591 86695
0.8946 53279
0.894616 89213
0.894618 29733
0.894618 49129
0.89462 34069
0.894625 66343
0.894628 20754
0.894632 34184
0.894636 35943
0.894638 5828
0.894643 86182
0.894644 70538
0.894664 55950
0.894664 8947
0.894693 72931
0.894694 91039
0.894705 78795
0.894713 12885
0.894716 46831
0.894748 96840
0.89475 95441
0.894762 68684
0.894765 19500
0.894773 357
0.89478 81000
0.894781 46292
0.894784 31619
0.894786 52356
0.894796 4792
0.894802 18141
0.894811 78018
0.894813 72094
0.894826 86768
0.894827 6279
0.894837 1957
0.89485 41462
0.894863 44775
0.894866 11693
0.894887 9330
0.894916 64557
0.894917 50177
0.894925 55997
0.894937 77074
0.894958 92742
0.894959 41684
0.894966 27539
0.894969 906
0.894986 92484
0.894999 46372
0.895007 85503
0.895011 6302
0.895013 65856
0.895034 32467
0.895038 35292
0.895042 65266
0.895045 36664
0.895054 37529
0.895075 7925
0.895085 17185
0.89509 19536
0.895115 44078
0.895129 100404
0.895136 10766
0.895145 17016
0.895151 70912
0.895174 74648
0.895175 26127
0.895175 51376
0.895206 60697
0.895215 60038
0.895219 20429
0.895257 13594
0.895268 7876
0.89527 98306
0.895288 76380
0.895317 95465
0.895327 6873
0.895332 81040
0.895343 3634
0.895368 58288
0.895374 80517
0.895379 80674
0.895392 40354
0.895393 41865
0.895393 45040
0.895401 34187
0.895406 2886
0.89542 48632
0.895426 96516
0.895428 44299
0.89544 90404
0.895475 26992
0.895484 11158
0.895491 94832
0.895492 2550
0.895508 73472
0.895513 41257
0.895516 51685
0.895528 100922
0.895528 15102
0.895538 36122
0.895546 87800
0.895554 97271
0.895557 19111
0.895558 19411
0.895571 82875
0.895574 94348
0.895586 46567
0.895593 842
0.895596 80460
0.895606 84239
0.895614 66855
0.895636 27513
0.895669 342
0.895683 11847
0.895684 59090
0.895688 95309
0.895695 23896
0.895696 45796
0.895703 42112
0.895723 17881
104 46