1 2
399
0.299638 19046
0.299669 31622
0.299677 89871
0.299686 27105
0.299686 89516
0.2997 82919
0.299709 67961
0.299732 10238
0.299732 97135
0.299734 27650
0.299737 20811
0.299743 36173
0.299749 67881
0.299762 23779
0.299764 97373
0.299777 25670
0.299787 34698
0.299795 51037
0.2998 50730
0.299812 2162
0.299814 56790
0.299828 53896
0.29985 26422
0.299866 100515
0.299866 101515
0.29989 39063
0.299891 35487
0.299896 62912
0.299908 71678
0.29991 37506
0.299929 16447
0.299935 23039
0.299947 95236
0.299948 45820
0.299951 66555
0.299963 12716
0.299972 71233
0.299979 36566
0.29999 4438
0.299995 89664
0.30001 17107
0.300011 27382
0.300014 96062
0.300023 70814
0.300025 81622
0.300032 28784
0.300033 77881
0.300047 84921
0.300061 46782
0.300081 49517
0.300083 31236
0.300087 38057
0.300087 44016
0.300094 49472
0.300095 54774
0.300101 82567
0.300104 45650
0.300118 43417
0.30012 96764
0.300147 19955
0.30015 47199
0.300154 64535
0.300159 59153
0.300179 34144
0.300199 79689
0.300221 5476
0.300228 17091
0.300229 43986
0.300233 22744
0.300244 63571
0.300246 16031
0.300252 19987
0.300256 7633
0.300271 95693
0.300293 53420
0.300303 40417
0.300313 17982
0.300315 70786
0.300358 8309
0.30037 13818
0.300379 48558
0.30038 87078
0.300388 36905
0.300402 76481
0.300409 48581
0.300411 66908
0.300447 90042
0.300467 27185
0.300475 38347
0.300488 40021
0.30049 46931
0.300509 27896
0.300526 36466
0.300533 23350
0.300542 44086
0.300556 31673
0.30056 64102
0.30057 84149
0.300613 98454
0.300614 14977
0.300624 59418
0.300627 31483
0.300654 95426
0.300656 79557
0.300657 83820
0.30066 49196
0.300675 50613
0.300682 82538
0.300691 93230
0.300699 11120
0.300711 71026
0.300726 74968
0.300745 76546
0.300752 77412
0.300755 84704
0.300761 7704
0.300763 22415
0.300763 75479
0.300771 10754
0.300781 24880
0.300782 61351
0.300812 80459
0.300818 14512
0.300845 15185
0.300849 902
0.300851 58902
0.300856 59154
0.300857 42196
0.300862 40137
0.300869 63578
0.300879 51436
0.300895 5352
0.300902 29724
0.300911 80881
0.300912 75345
0.300912 96880
0.300918 18578
0.300922 94783
0.300936 92936
0.300946 66591
0.300947 93394
0.300969 11347
0.300972 79153
0.300976 25077
0.301015 31175
0.301016 54710
0.301024 82884
0.301025 74479
0.30103 27631
0.301044 80808
0.301046 92855
0.301066 92712
0.301067 76320
0.301071 61517
0.301085 65249
0.301094 89907
0.301098 80567
0.301116 53144
0.301129 17542
0.301129 58800
0.30113 80505
0.301134 51460
0.301137 6778
0.301139 22113
0.30114 56861
0.301144 30531
0.301175 90449
0.301194 65424
0.301195 14521
0.301198 66440
0.301211 18070
0.301243 2229
0.301245 80928
0.301261 37722
0.301267 6683
0.301271 35765
0.301289 88285
0.301324 46300
0.301346 21927
0.301348 29779
0.301351 65530
0.301357 33556
0.301374 2996
0.30138 31952
0.301384 62226
0.301407 7897
0.301426 94996
0.301427 89595
0.301442 100396
0.301442 101396
0.301479 37893
0.301479 49493
0.301504 76934
0.301516 55592
0.301527 89865
0.301542 46603
0.301543 66381
0.301547 36120
0.301585 7649
0.301587 23853
0.301594 28807
0.301595 86787
0.301608 83310
0.301617 52419
0.301634 45472
0.301651 52465
0.301653 92646
0.301655 92305
0.301664 36340
0.301679 77984
0.30168 44301
0.301699 53893
0.301705 78317
0.301709 56426
0.301749 9886
0.301784 38772
0.301831 23278
0.301832 76461
0.301836 11276
0.301841 79488
0.301889 58944
0.301928 9214
0.301938 87287
0.301939 38101
0.301939 39696
0.301954 30345
0.301956 42113
0.301957 97879
0.30196 24024
0.30198 36888
0.302021 90844
0.302024 29992
0.302034 59985
0.302057 91803
0.302061 68404
0.302067 98434
0.302071 44100
0.302072 90268
0.302075 17312
0.302075 62831
0.302079 100841
0.302079 101841
0.302084 78931
0.302087 63967
0.302098 90274
0.302104 36434
0.302109 99332
0.302141 14573
0.302173 31889
0.302195 100684
0.302195 101684
0.302201 28254
0.302204 30768
0.302204 97731
0.302211 9239
0.302218 6098
0.302225 43220
0.302228 33683
0.302233 7800
0.302233 91574
0.302238 19313
0.302239 57366
0.302239 98496
0.302246 2271
0.302262 100144
0.302262 101144
0.302272 8688
0.302287 34052
0.302293 55678
0.302317 41697
0.302318 27046
0.30233 17424
0.302348 85500
0.302354 22373
0.302364 27024
0.302368 10824
0.302372 88602
0.30239 88300
0.302399 1578
0.302405 79053
0.302424 91433
0.302438 13618
0.302442 45984
0.302447 88358
0.302465 91164
0.302466 70334
0.302486 61741
0.302498 35936
0.302513 28257
0.302514 24436
0.302523 27763
0.302529 5070
0.30253 53972
0.302536 42907
0.302542 71083
0.302542 94356
0.302545 13548
0.302548 89243
0.30255 17425
0.302567 93768
0.302575 9666
0.302576 26364
0.302586 64903
0.302614 19515
0.302635 83258
0.302648 62237
0.302675 63360
0.302697 93751
0.302705 83511
0.302709 46735
0.30271 4240
0.302711 18079
0.302712 37255
0.302715 79197
0.302731 42776
0.302731 96391
0.302732 2410
0.302734 28389
0.30274 85377
0.302742 15490
0.302742 76904
0.302743 86341
0.302757 48103
0.302761 60835
0.302765 24938
0.302765 70778
0.302807 53482
0.302814 62193
0.302816 7682
0.30282 31783
0.302821 1081
0.302828 84811
0.302862 8858
0.302878 44625
0.302901 80974
0.302908 58712
0.302912 93298
0.302916 812
0.302949 27411
0.302955 77597
0.302956 72579
0.302966 19197
0.302984 85801
0.302993 34274
0.303014 96011
0.303019 4982
0.303045 48695
0.303047 93083
0.303056 50786
0.303062 50504
0.303065 80090
0.303077 8159
0.303097 52471
0.303101 51945
0.303103 83031
0.303104 32675
0.303107 32355
0.303114 24302
0.30313 6901
0.303148 44340
0.303158 20777
0.303178 17052
0.303204 14359
0.303208 61368
0.303215 70210
0.303232 85819
0.303235 13756
0.303252 11764
0.303303 71159
0.303306 17788
0.303317 16976
0.30335 26818
0.303354 86488
0.303355 91252
0.303357 37824
0.303415 5473
0.303419 42715
0.303425 91342
0.30343 1497
0.303431 9861
0.303437 76584
0.303445 62375
0.303481 84313
0.303485 74497
0.303519 4101
0.303558 34431
0.303561 75039
0.303563 4164
0.303569 21950
0.303581 43623
0.303592 64247
0.303596 71746
0.303597 9826
0.303613 51907
0.303614 34922
0.303621 67825
0.30363 76421
0.303631 25428
0.303631 4617
35 85