1 2
387
0.352974 60015
0.352982 16817
0.352988 2319
0.352994 42123
0.353018 68714
0.353028 65907
0.353031 12327
0.35304 23885
0.353056 18456
0.353057 39757
0.353059 42444
0.353071 47879
0.353084 51924
0.353102 27364
0.353106 48152
0.35315 50215
0.353153 24713
0.353172 77340
0.353173 10305
0.353212 30021
0.353212 99757
0.353215 67576
0.353238 81981
0.353259 79336
0.353264 72723
0.353272 86410
0.353279 38598
0.353284 71009
0.353332 70535
0.353349 35776
0.353359 10977
0.353385 53678
0.353401 20539
0.353423 18642
0.353446 73614
0.353449 75695
0.353452 51415
0.353474 72129
0.353484 92871
0.353485 884
0.353486 78744
0.353497 67971
0.353516 82988
0.353543 34163
0.353563 67342
0.353587 5723
0.353593 94837
0.353607 15413
0.353607 81166
0.35361 48113
0.353622 61419
0.353623 27128
0.353629 86007
0.353635 75751
0.353642 60426
0.353652 61647
0.35366 90200
0.353667 12181
0.353676 85653
0.3537 2046
0.353716 18389
0.353719 1634
0.353728 12390
0.353756 46972
0.353765 23174
0.353786 76114
0.353792 83643
0.353794 29176
0.353794 82655
0.353806 915
0.353831 83760
0.353854 28826
0.353865 37942
0.353885 97374
0.35389 19489
0.353901 10133
0.35391 78335
0.353947 88614
0.353955 79058
0.353963 5365
0.353972 61892
0.353976 49151
0.353976 66841
0.353988 97736
0.353999 27547
0.353999 46486
0.354009 80356
0.354014 12449
0.354018 39498
0.354028 7456
0.354032 78507
0.354036 27371
0.354047 31887
0.354074 14050
0.354074 99943
0.354077 4042
0.354117 8790
0.354131 64258
0.354137 54226
0.354144 30741
0.354148 83516
0.354154 51115
0.354175 62708
0.354179 76874
0.354182 75897
0.354183 88209
0.354186 6500
0.354201 37838
0.354201 46991
0.354204 17010
0.354213 58811
0.354217 18530
0.354248 37707
0.354256 23458
0.354264 63174
0.354267 74329
0.354276 89326
0.354291 70192
0.354309 69892
0.354327 27666
0.354333 97567
0.354341 34262
0.354344 3025
0.354357 6451
0.354365 98483
0.354397 52395
0.354398 73869
0.354412 44748
0.354413 63789
0.354414 83705
0.354417 52939
0.354439 58518
0.35444 12596
0.354456 30904
0.35446 17155
0.354468 19907
0.354473 80669
0.354485 46365
0.354488 33771
0.354489 36014
0.354492 3999
0.354492 91024
0.354505 92835
0.354519 34937
0.354531 29154
0.354536 16828
0.354542 36968
0.354563 74298
0.354567 33545
0.354582 2805
0.354587 98085
0.354618 61454
0.354625 74673
0.354639 58696
0.354654 21064
0.354668 35160
0.354671 17836
0.354672 62616
0.354677 90030
0.354686 58661
0.354695 3493
0.354742 13913
0.354753 53848
0.354771 50701
0.354795 73712
0.354807 17218
0.354841 72402
0.354842 15282
0.354852 18025
0.354857 96812
0.354866 32311
0.354877 15507
0.354896 18009
0.354899 71585
0.354911 88797
0.354944 39857
0.354949 53799
0.35496 31371
0.35497 73136
0.354977 15911
0.354979 64069
0.354987 98470
0.354994 67380
0.355018 95710
0.35502 47081
0.355031 4788
0.355032 35143
0.355036 80179
0.355044 98616
0.355067 12215
0.355067 36640
0.355069 35861
0.35507 39988
0.355086 16097
0.355123 31786
0.355142 52895
0.355165 41711
0.355195 88076
0.355206 61939
0.355212 46529
0.355218 2159
0.355236 90246
0.355241 54716
0.355245 37601
0.355257 14351
0.355271 31281
0.355273 23810
0.355281 68390
0.355282 58743
0.355285 85956
0.355292 25729
0.355324 80233
0.355328 90318
0.355337 22074
0.355338 3952
0.355347 95233
0.35536 4009
0.355365 29610
0.355367 71941
0.355374 28159
0.355378 80341
0.355381 68042
0.355386 38394
0.355389 23561
0.355389 45647
0.355395 73529
0.355398 17029
0.355418 34969
0.355429 57072
0.355437 25898
0.355438 61372
0.35548 83440
0.355482 64954
0.355486 98985
0.355489 64196
0.355515 31296
0.355522 94115
0.355529 53766
0.355542 77706
0.355545 10535
0.355548 36259
0.355554 8544
0.35556 40595
0.355586 69951
0.35559 45522
0.355595 54423
0.355603 72120
0.355606 7880
0.355607 10985
0.35561 8517
0.35561 924
0.355612 68303
0.355626 6766
0.355639 30652
0.355647 14562
0.355658 53816
0.35566 63279
0.355715 22281
0.355728 22710
0.355729 46332
0.355738 26665
0.355754 28668
0.355762 53503
0.355764 11323
0.355771 92780
0.355777 14891
0.355777 4516
0.355783 58374
0.355784 98217
0.355793 4711
0.355802 82506
0.355809 40860
0.355821 68439
0.355823 6161
0.355853 42814
0.355857 49857
0.355857 86959
0.355858 29211
0.355891 57515
0.355896 54775
0.3559 51367
0.355901 99944
0.35592 27206
0.355924 78409
0.355932 35764
0.355932 58688
0.355936 90612
0.355941 75202
0.355952 8271
0.355957 65934
0.355959 78775
0.355959 79210
0.355968 5278
0.355971 73058
0.356011 54471
0.356026 80322
0.356045 98213
0.356048 98531
0.356049 33406
0.356053 67409
0.356058 11566
0.356062 22454
0.356066 33003
0.356123 28437
0.356124 52126
0.356127 1989
0.356127 69467
0.356129 53601
0.356137 37005
0.356145 83448
0.356148 50276
0.356156 25467
0.356159 10157
0.356183 35733
0.356197 41979
0.356276 3260
0.356304 67224
0.356312 85946
0.356313 18938
0.356314 75814
0.356315 31440
0.35632 86329
0.356334 80735
0.356336 72754
0.356344 47891
0.356349 8194
0.356356 786
0.35636 21705
0.356365 45246
0.356384 36809
0.356408 81834
0.356416 15300
0.356434 73035
0.356441 75684
0.356443 60896
0.356443 92744
0.356468 97676
0.356473 27922
0.356482 53741
0.356482 54416
0.35649 89009
0.356507 56867
0.356512 61561
0.356523 88660
0.35653 19446
0.356546 24653
0.356547 43642
0.356552 66832
0.356553 6271
0.356574 45793
0.356612 30600
0.356612 9127
0.356617 79792
0.356637 78226
0.356644 7527
0.356651 44316
0.356677 84999
0.356716 25097
0.356722 75790
0.356727 42330
0.356742 46034
0.356748 66097
0.356755 32787
0.356757 60345
0.356764 79529
0.356767 61573
0.356769 1474
0.356782 10042
0.356784 472
0.356785 93086
0.356786 33163
0.3568 59040
0.356803 9941
0.356815 95530
0.356829 49507
0.356829 6548
0.356848 69820
0.356866 39794
0.356879 16382
0.356885 70743
0.356888 48233
0.356898 81148
0.356905 34803
0.35691 38475
0.356927 42359
0.356928 8932
0.356937 12117
154 183