1 2
402
0.157032 3298
0.15704 69766
0.157041 2533
0.157042 20011
0.157081 39342
0.157095 19480
0.157095 55426
0.157104 37600
0.157113 21827
0.15713 76625
0.157138 3294
0.157148 66448
0.157169 22018
0.157176 26775
0.157182 14060
0.157188 99908
0.157195 96979
0.157199 58840
0.157211 13631
0.157212 60927
0.157246 2806
0.157249 50733
0.157257 14320
0.157271 74002
0.157272 71549
0.157297 86988
0.157305 20241
0.157307 97849
0.157308 43609
0.157332 86096
0.15735 35021
0.157354 74014
0.157358 82694
0.15737 93775
0.157372 90120
0.157383 71741
0.15739 31893
0.157399 29191
0.157405 86370
0.157432 74295
0.157434 82028
0.157441 84761
0.157449 10984
0.157449 39519
0.157456 96249
0.157474 12606
0.157488 76211
0.157497 86829
0.157499 81432
0.157508 30458
0.157534 32237
0.157554 42502
0.157557 91466
0.157558 43781
0.157564 37263
0.15758 54948
0.157583 13846
0.157586 29703
0.157587 69754
0.157594 44293
0.157605 100632
0.157605 101632
0.157614 41947
0.157617 95526
0.157618 35132
0.157626 20446
0.157629 1905
0.157643 15845
0.157655 49353
0.15766 17274
0.157695 86773
0.157697 3272
0.1577 83629
0.157715 33924
0.157715 37308
0.157716 22243
0.157722 62037
0.15773 98720
0.15774 33332
0.157751 70146
0.157763 59443
0.157772 24641
0.157787 73415
0.157797 25700
0.157802 32719
0.157802 47860
0.15784 33569
0.157857 67316
0.157862 50241
0.157906 8020
0.157912 39412
0.157917 45244
0.157926 73241
0.157927 48968
0.157939 42230
0.157943 53937
0.157956 3241
0.157959 28953
0.157962 73264
0.157973 77235
0.158007 11452
0.158012 13581
0.158022 72114
0.158027 23423
0.158034 43065
0.158044 62657
0.158055 7906
0.158076 70954
0.15809 51898
0.158092 44114
0.158099 62810
0.158109 2890
0.158116 86604
0.158118 4821
0.158119 4758
0.15813 73479
0.158149 14162
0.158155 93399
0.158167 97398
0.158189 85774
0.158192 15940
0.158228 78726
0.158248 64766
0.158253 39979
0.158256 30425
0.158276 56644
0.158278 32155
0.158279 48760
0.158281 11591
0.158282 8752
0.158297 54751
0.158316 58298
0.158338 87945
0.158344 17150
0.158351 67092
0.158366 63309
0.158372 81194
0.158372 98972
0.158374 70228
0.158376 65742
0.158383 91492
0.158391 22979
0.158395 17169
0.158407 66298
0.158415 38443
0.158435 36023
0.158438 44814
0.158447 99489
0.158464 35201
0.158468 80016
0.158499 60923
0.158501 75983
0.158506 14868
0.158508 7038
0.158523 4806
0.158539 94569
0.158545 76151
0.158562 35372
0.158567 13215
0.158577 1299
0.158588 22033
0.158594 13948
0.158606 94905
0.158626 75219
0.158642 57192
0.158643 2717
0.158643 76294
0.158651 21309
0.158653 87748
0.158654 9190
0.158673 71329
0.158695 75833
0.158702 42166
0.158705 3795
0.158711 31756
0.158733 99396
0.158752 4884
0.158758 5951
0.15876 80766
0.158767 3808
0.15877 21124
0.158787 73292
0.158795 99653
0.158799 65030
0.158801 69621
0.158803 97481
0.158804 94886
0.158806 37793
0.158815 56220
0.15882 87881
0.15883 3485
0.158836 58851
0.158847 11832
0.158847 99220
0.158861 84234
0.158885 73180
0.158894 97773
0.158912 15265
0.158925 95893
0.158932 16907
0.15894 84108
0.158964 44694
0.158973 29399
0.158975 31486
0.158982 33844
0.158984 87418
0.159022 41371
0.159026 23275
0.159035 36749
0.15907 35017
0.159095 53921
0.159155 42073
0.159164 49909
0.159165 83287
0.159166 65553
0.159168 18796
0.159169 5294
0.15918 67251
0.159212 45299
0.159252 33260
0.159263 37169
0.159268 85464
0.159279 8498
0.15928 71446
0.159288 44161
0.159297 37765
0.159299 20496
0.159329 34529
0.159331 8646
0.159354 28433
0.159355 5892
0.159357 32161
0.159363 67470
0.159374 50412
0.159377 98466
0.159385 30951
0.159386 9468
0.159392 29212
0.159402 88242
0.159407 91345
0.159409 41638
0.15942 60850
0.159421 59132
0.159426 62344
0.159427 84034
0.159436 25888
0.159455 67475
0.159465 10581
0.159486 47942
0.159492 65636
0.159513 45708
0.159523 5798
0.159526 49060
0.159528 22038
0.159536 53020
0.159539 554
0.159545 36494
0.159554 31858
0.159564 94150
0.159579 14368
0.159592 35422
0.159598 70597
0.159643 54601
0.159653 26684
0.159662 57005
0.159671 28787
0.159676 24522
0.159677 30980
0.159688 95114
0.159699 86648
0.159724 64825
0.159725 56166
0.159747 89531
0.15975 90194
0.159752 40294
0.159759 35794
0.159778 38600
0.159778 70697
0.159782 88063
0.159789 94499
0.15979 24720
0.159793 68906
0.159804 11507
0.159835 2696
0.159836 96530
0.159848 60019
0.159871 90157
0.159892 97837
0.159904 75552
0.159912 10004
0.159925 94168
0.159936 55845
0.159953 16824
0.159958 14735
0.159959 58464
0.159962 40309
0.159964 54458
0.159992 50332
0.16003 43497
0.160034 36715
0.160049 70325
0.160059 27278
0.160065 60676
0.16008 11231
0.160089 73240
0.160102 64377
0.160108 53719
0.160119 42572
0.16012 73476
0.160142 80836
0.160162 50890
0.160163 14173
0.160192 74604
0.160196 46203
0.160201 24934
0.160208 82152
0.160217 94180
0.160221 11738
0.160228 19943
0.160232 75862
0.160245 7105
0.160254 77747
0.160256 91143
0.160258 58649
0.160287 49928
0.160288 44085
0.160298 38371
0.1603 19121
0.160303 51272
0.16035 41169
0.160353 68488
0.160366 26920
0.160384 26660
0.16039 97235
0.160393 12916
0.160409 991
0.160455 66008
0.160472 69942
0.160478 79470
0.160485 75145
0.160503 93915
0.16051 57585
0.160537 97642
0.160542 8178
0.160551 54005
0.160555 9314
0.16057 92000
0.160583 62907
0.160586 35688
0.160588 91539
0.160593 35657
0.160615 37569
0.160616 33121
0.160616 82133
0.160628 27782
0.160634 64824
0.160659 69803
0.160672 22215
0.16068 31386
0.160683 13409
0.160683 49730
0.160685 29684
0.16069 63864
0.160694 64357
0.160718 6396
0.160728 95089
0.160733 18734
0.160763 23002
0.160773 7879
0.160774 59442
0.160776 34072
0.160781 22460
0.160794 18428
0.160798 78755
0.160805 16261
0.160811 93260
0.160844 54887
0.16085 8090
0.160876 80760
0.160878 94360
0.16089 99967
0.160894 52184
0.160926 90901
0.16093 82103
0.160947 65114
0.160951 56379
0.160959 87665
0.160964 82826
0.160977 100313
0.160977 101313
0.160978 53997
0.16098 15794
0.161018 80002
0.161022 2492
0.16103 95109
0.161037 86642
0.161045 20395
0.161046 96353
0.161066 36874
0.161067 73555
0.161068 85900
0.16107 5406
92 25