1 2
405
0.76328 6019
0.763286 31896
0.763314 47104
0.763323 69339
0.763332 1740
0.763334 11996
0.763377 88389
0.763406 20850
0.763407 57869
0.763407 77155
0.763411 72085
0.763415 34758
0.763448 77247
0.763466 77011
0.7635 22737
0.763507 34053
0.763518 70515
0.763521 66904
0.763545 87883
0.763556 20978
0.763567 24135
0.763585 49509
0.763599 33859
0.763602 70920
0.763617 55404
0.763631 26281
0.763667 12649
0.763669 93029
0.763681 54213
0.763684 51943
0.763693 71780
0.763707 50861
0.763708 40276
0.763715 92977
0.763727 69714
0.76374 12143
0.763751 18259
0.763752 59212
0.763754 3277
0.763758 51973
0.763791 73314
0.763802 11398
0.763802 22696
0.763804 58456
0.763805 7289
0.763808 96747
0.763823 18356
0.763825 54805
0.763832 22695
0.763839 81757
0.763842 59945
0.763844 69308
0.763867 8225
0.763889 80419
0.763901 72639
0.763902 83437
0.763909 86201
0.76391 79855
0.763914 99951
0.763916 32861
0.763918 20911
0.763937 94169
0.763938 46877
0.763948 91290
0.763957 4828
0.763966 20027
0.763978 38421
0.763984 49177
0.763988 59079
0.763989 5056
0.763989 74351
0.763989 87916
0.763998 26967
0.764 30863
0.764041 52599
0.764041 64263
0.764043 47611
0.764053 53639
0.764054 77906
0.764061 63350
0.764066 69903
0.764071 74649
0.764081 20725
0.764084 4287
0.764093 81423
0.764104 60269
0.764109 25036
0.764109 33531
0.764109 42126
0.764118 232
0.764118 76205
0.764119 98530
0.764134 69864
0.76418 67632
0.764181 29222
0.764185 15521
0.764197 61900
0.764207 81970
0.764213 1195
0.764216 47817
0.764217 88398
0.764243 41271
0.764255 87112
0.76426 47369
0.764273 32200
0.764288 89188
0.764296 1665
0.764298 95815
0.764309 43849
0.764316 14542
0.764316 27301
0.764316 69417
0.764339 65744
0.76435 82507
0.76436 44805
0.764364 48339
0.764369 4582
0.764372 92843
0.764377 78617
0.76438 80784
0.764421 68810
0.764425 72996
0.764436 81823
0.764447 11997
0.764457 89101
0.764458 98961
0.764467 90732
0.764468 30075
0.764475 55433
0.764483 52525
0.764514 30538
0.764522 96234
0.764525 30442
0.76453 19662
0.764534 91455
0.764536 49932
0.764542 82482
0.764563 85955
0.764591 29040
0.764603 78467
0.764625 15468
0.764632 33752
0.764633 62942
0.764638 52712
0.764641 21178
0.764651 98628
0.764655 25627
0.764655 68484
0.764668 6193
0.764676 35165
0.764705 42051
0.764714 96942
0.764726 23910
0.764726 58207
0.764731 17459
0.76475 87981
0.764758 4641
0.764759 66163
0.764764 17474
0.764764 46140
0.764767 77065
0.764772 41473
0.764783 20620
0.76479 15115
0.764821 93917
0.764831 32808
0.764832 96184
0.764838 24624
0.76484 94086
0.764853 48969
0.764866 17609
0.764869 60890
0.764887 9042
0.764937 19170
0.764944 94796
0.764977 4519
0.764984 50584
0.764984 8539
0.764988 22874
0.764988 29026
0.76499 89366
0.765005 48674
0.765009 12915
0.765016 18671
0.765017 44856
0.765045 5372
0.765045 68649
0.765049 12464
0.765051 2921
0.765061 38666
0.765086 11697
0.765102 5470
0.765105 98413
0.765111 78003
0.765118 49172
0.765141 35628
0.765147 87547
0.765149 81019
0.765171 46435
0.765175 83540
0.765182 50528
0.765192 99988
0.765194 67910
0.7652 9967
0.76523 77107
0.765238 25251
0.76524 81140
0.765257 63082
0.765275 22495
0.765276 43300
0.765288 94602
0.76529 51845
0.765328 69401
0.765371 17700
0.765373 40405
0.765385 32051
0.765436 99845
0.765471 52000
0.765507 66465
0.765515 722
0.76553 91214
0.76553 92661
0.765531 88979
0.765542 91093
0.765552 52416
0.765556 83722
0.765559 54327
0.765562 70286
0.765581 48393
0.765586 61665
0.765599 46155
0.7656 22479
0.765603 96050
0.765625 49681
0.765642 60730
0.765644 73967
0.76565 57477
0.76568 44593
0.765697 51204
0.765703 64661
0.765713 76015
0.765737 15065
0.765742 8594
0.765754 82770
0.765791 4760
0.765806 98621
0.765812 77858
0.765819 1759
0.765837 47497
0.765875 77387
0.765877 49333
0.765878 15204
0.765885 52925
0.765899 16485
0.765909 24777
0.765913 14889
0.765921 1726
0.765936 52550
0.765937 59532
0.765944 48669
0.765955 18507
0.765994 9368
0.765995 70748
0.766002 41142
0.766004 70106
0.766005 39941
0.766014 37980
0.766021 88495
0.766032 46492
0.766034 61143
0.766039 1247
0.766048 13256
0.76605 32585
0.76607 3233
0.76609 20973
0.766109 86833
0.766117 5779
0.766119 54355
0.766201 68670
0.766208 73118
0.766216 32335
0.766225 93619
0.766228 94001
0.76626 82560
0.766264 78597
0.766265 10416
0.766284 45953
0.766287 21903
0.76629 95008
0.766295 62250
0.766303 11746
0.766315 61050
0.766319 94589
0.766327 14388
0.766339 31819
0.766346 96550
0.766365 74176
0.766367 71138
0.766376 75074
0.766391 10999
0.766398 13265
0.766411 71689
0.766415 40776
0.76644 96800
0.766444 52309
0.766451 83898
0.766453 96520
0.766457 92721
0.76646 38007
0.76646 99710
0.766461 8482
0.766468 37274
0.766473 11667
0.766475 92810
0.766487 51485
0.766499 96641
0.766513 34972
0.766513 43315
0.766515 51428
0.766516 46936
0.76652 19868
0.766522 62775
0.766523 10447
0.766523 76032
0.766528 13738
0.76653 95216
0.766535 89437
0.766542 12802
0.766549 73894
0.766554 36242
0.766566 9570
0.766578 64126
0.766594 57280
0.766597 1600
0.76661 59889
0.766612 84559
0.766615 98980
0.766635 32542
0.766657 19398
0.766684 44652
0.766691 68212
0.766694 59272
0.766702 6570
0.766719 25775
0.766721 64419
0.766727 74216
0.76673 7913
0.766745 26658
0.766754 20425
0.766765 24562
0.766767 35402
0.766767 39285
0.766774 39683
0.766796 28979
0.766815 32315
0.766819 74192
0.766851 73581
0.766855 98257
0.766871 638
0.766871 64981
0.766878 65451
0.766905 66341
0.76691 46151
0.766911 26486
0.766916 1283
0.766916 91747
0.766933 50104
0.766933 91061
0.766977 83649
0.766978 96929
0.766988 32872
0.767005 58964
0.767005 59517
0.767012 95140
0.767024 67992
0.76706 33126
0.767068 75591
0.767089 26716
0.767113 77954
0.767114 3008
0.767125 32778
0.76713 3429
0.767145 64145
0.767149 98784
0.767155 97290
0.767179 32651
0.76719 37334
0.767191 39972
0.767198 88304
0.767225 96986
0.767233 80811
0.767234 53249
0.76724 4335
0.767263 28348
0.767271 61324
0.767273 29621
0.767273 33969
0.767279 81381
0.767283 44760
0.767295 63522
0.767298 33149
0.76731 39391
0.767325 77396
0.76733 93968
0.767353 60958
57 97