1 2
395
0.110023 15420
0.110027 78450
0.110034 87551
0.110042 22703
0.110044 40828
0.110053 34562
0.110058 63116
0.110075 89944
0.110107 39460
0.110116 15302
0.110122 29617
0.110131 29249
0.110139 89012
0.110175 20209
0.110176 70802
0.110185 54392
0.110187 55987
0.110215 9240
0.110225 41792
0.110237 16572
0.110246 91535
0.110252 74641
0.110263 85506
0.11027 100007
0.110276 79130
0.11029 98417
0.110293 100136
0.110331 21339
0.110341 4661
0.110342 20000
0.110344 54442
0.110363 92558
0.110365 41741
0.110375 89613
0.110378 51868
0.110407 48812
0.110413 10151
0.110423 74717
0.110428 26577
0.110428 40397
0.110446 13946
0.110454 43029
0.110459 50287
0.110461 19787
0.110485 36206
0.110493 78061
0.110511 78367
0.110514 47201
0.110519 20713
0.110523 72224
0.110542 15848
0.110549 91586
0.110556 26239
0.110557 63624
0.110579 48879
0.110593 46339
0.110597 59175
0.110599 50854
0.110618 52577
0.110622 30001
0.110625 69080
0.110631 54374
0.110632 74452
0.110642 47173
0.110672 38702
0.110705 87497
0.110707 41130
0.110719 56427
0.110748 91724
0.110762 55233
0.110783 22930
0.110807 64396
0.110823 60532
0.11084 85599
0.110849 67792
0.11086 13930
0.110891 93412
0.110895 12160
0.110933 9716
0.110951 64848
0.11096 73882
0.110961 20879
0.110967 95045
0.110994 20430
0.111005 95211
0.111007 48989
0.111009 49938
0.11101 6150
0.111012 47351
0.111017 60473
0.111026 42409
0.111087 93665
0.111094 58563
0.111095 50532
0.1111 4736
0.111112 51897
0.111113 72486
0.111114 62321
0.111144 96374
0.111156 51006
0.111159 43638
0.111167 50654
0.111172 65960
0.111173 93531
0.111178 60867
0.111179 54067
0.111183 71712
0.111196 64002
0.111229 46141
0.111233 27683
0.111285 65735
0.11131 27393
0.11132 57021
0.111327 59206
0.11133 89732
0.111356 24672
0.111362 20575
0.111382 69371
0.111382 74226
0.111394 47330
0.111408 60527
0.111414 64475
0.111416 17867
0.111422 72469
0.111425 63746
0.111426 94190
0.111432 76702
0.11146 64363
0.111478 98088
0.111488 98118
0.11149 31022
0.111493 99953
0.111501 55292
0.111505 65298
0.11153 33563
0.111531 93659
0.11155 84663
0.111555 13405
0.111559 78903
0.111577 43873
0.111577 50022
0.111608 28376
0.111634 38395
0.111661 42254
0.111663 27871
0.111692 89248
0.111696 19658
0.111696 60753
0.111697 38876
0.111712 73931
0.111719 59658
0.111723 17106
0.111734 32459
0.111755 9077
0.111782 44803
0.111795 92900
0.1118 76437
0.111814 28082
0.111837 85660
0.111865 36270
0.111867 62256
0.11187 54542
0.111882 64334
0.111898 53273
0.111911 61713
0.111924 79010
0.111942 47952
0.111948 35213
0.111951 13111
0.111954 64001
0.111957 98182
0.111996 24211
0.111996 31538
0.112006 15044
0.112011 79993
0.112015 2606
0.112019 64889
0.112023 67360
0.112026 100214
0.112029 80420
0.11203 95373
0.112041 85816
0.112061 28899
0.112062 62148
0.112072 28686
0.112074 90503
0.112077 96562
0.112081 75558
0.112109 55262
0.112123 64951
0.112141 78352
0.112154 24349
0.112156 76930
0.112156 9264
0.11216 49351
0.112162 6937
0.112164 100535
0.1122 1766
0.112212 1678
0.112213 76126
0.112215 76272
0.112223 79347
0.112224 22382
0.112239 589
0.112269 42753
0.112286 77557
0.112291 63622
0.112291 69537
0.112303 51546
0.112313 100943
0.112324 87676
0.112327 4563
0.112327 95778
0.112346 76835
0.112349 45871
0.112364 56019
0.112379 22388
0.112387 78642
0.112391 73318
0.112406 33754
0.112425 6891
0.112425 77920
0.112441 36215
0.112447 53934
0.112464 100744
0.112464 48899
0.112466 80266
0.11247 59757
0.112472 28819
0.112474 71240
0.112485 51520
0.112487 100033
0.11249 63029
0.112521 63303
0.112562 60360
0.112573 12626
0.11258 74379
0.112588 85208
0.11261 90317
0.112613 57228
0.112616 80551
0.112628 285
0.112629 48362
0.112631 99222
0.112641 25458
0.112646 21296
0.112662 33321
0.11267 67442
0.112679 71113
0.112686 17463
0.112686 4536
0.1127 25549
0.112709 90807
0.112719 55671
0.112725 55763
0.112739 54899
0.112747 47367
0.112753 74472
0.112765 13582
0.112766 22340
0.112768 95573
0.112785 18403
0.112801 1886
0.11282 77186
0.112835 46940
0.112857 68063
0.112901 93736
0.112902 26104
0.112916 57098
0.112929 5264
0.112931 89879
0.112959 25141
0.112974 19833
0.112974 65883
0.113005 31495
0.113014 17921
0.113015 31200
0.113016 87267
0.113031 78088
0.113038 65058
0.11304 82455
0.113046 25858
0.113065 97986
0.113091 28318
0.113092 31766
0.113102 3757
0.113107 78033
0.113124 51253
0.113125 23203
0.113125 51603
0.113134 80558
0.11315 62195
0.113156 66042
0.113186 24229
0.113193 39957
0.113202 92735
0.113208 83617
0.113213 62613
0.113216 75564
0.113222 72660
0.113242 12316
0.113243 55181
0.113254 61905
0.113255 2421
0.113258 54755
0.1133 80214
0.113308 13937
0.113321 2303
0.113334 25548
0.113368 9813
0.113388 26561
0.113393 5369
0.113394 5789
0.113396 5848
0.1134 85491
0.113416 68158
0.113425 96463
0.113451 93440
0.113468 76218
0.11347 4747
0.113472 96012
0.113479 5408
0.113499 34787
0.113499 87739
0.1135 70705
0.113503 77348
0.113527 83008
0.113529 40105
0.113532 32829
0.113537 15746
0.113565 13606
0.113572 1609
0.113573 18457
0.113576 97917
0.113577 51024
0.113585 50460
0.113587 28473
0.113602 56095
0.113607 29163
0.113617 99457
0.113634 64772
0.113646 85204
0.113651 1252
0.113651 63034
0.113662 37100
0.113664 54045
0.113671 3094
0.113706 5997
0.11371 28769
0.113714 14976
0.113741 17480
0.113742 73798
0.113744 47895
0.113758 23958
0.113768 31957
0.113783 86591
0.113791 100850
0.113795 61231
0.113823 48418
0.113827 87138
0.113868 36181
0.113879 69719
0.113885 65815
0.113885 8675
0.113911 36483
0.113914 7262
0.113925 65502
0.113926 16738
0.113933 100072
0.113946 88269
0.113947 88481
0.11395 13691
0.113952 43612
0.113963 94601
0.113966 29393
0.113975 72883
0.113977 39310
0.113982 30981
0.113983 67339
0.113983 9427
0.113986 74470
0.113992 19006
0.114019 53225
0.114045 4956
0.114047 4288
0.114054 53547
0.114055 46154
0.114062 96152
0.114065 56288
0.114096 97417
0.114104 7303
0.114111 33325
0.114133 13999
0.114133 61303
0.114144 54345
112 53