1 2
370
0.500025 3316
0.500031 62561
0.500044 78668
0.500057 29556
0.500068 11172
0.500087 37523
0.500104 82967
0.50012 93074
0.500122 45272
0.500128 42119
0.500144 100145
0.500144 20784
0.500165 87869
0.500167 7663
0.500168 42548
0.500178 5874
0.500188 86165
0.500195 95202
0.500205 32197
0.500205 723
0.50022 59820
0.500223 70090
0.500225 19671
0.500299 7771
0.50032 7366
0.500332 9557
0.50035 83398
0.500363 73214
0.500365 39031
0.50037 20835
0.50037 43425
0.500374 89768
0.500413 60590
0.500427 93341
0.500443 64337
0.500446 42233
0.500458 45481
0.50048 36250
0.50048 71663
0.500501 37911
0.500502 61098
0.500505 27469
0.500506 54565
0.500507 83030
0.500513 51596
0.500526 4968
0.500545 39166
0.50056 90995
0.500562 7237
0.500564 83438
0.500576 68430
0.500576 96400
0.500583 36932
0.500583 47451
0.500604 67495
0.500613 9650
0.500618 76443
0.500627 45401
0.500631 52903
0.500649 43211
0.500658 10162
0.500672 76196
0.500674 83
0.500707 31188
0.500715 100906
0.500715 97524
0.500721 47123
0.500738 9901
0.500753 82483
0.500762 42797
0.500775 17711
0.500783 20134
0.500787 32157
0.500802 6935
0.500863 26596
0.500881 55270
0.500883 40561
0.500884 27159
0.500889 50068
0.500898 61596
0.500904 80478
0.500922 82703
0.50093 52174
0.500936 56831
0.500942 11094
0.500948 93717
0.500953 11098
0.500953 22748
0.500954 5972
0.500966 99016
0.500983 3185
0.500986 89180
0.501 6678
0.501012 8211
0.501014 98218
0.501015 47361
0.501024 81861
0.50103 41102
0.501035 73047
0.501045 24882
0.501047 69970
0.501057 35916
0.501072 79414
0.501088 11647
0.501091 77226
0.501093 83127
0.501096 79033
0.501107 85911
0.501108 1492
0.501121 80161
0.501126 46157
0.50113 35002
0.501137 81974
0.50116 59118
0.501179 43671
0.501189 32518
0.50119 20618
0.5012 9364
0.501208 50313
0.501215 12483
0.501221 27842
0.501232 96215
0.501238 84551
0.501248 32576
0.501257 98887
0.501276 43743
0.501278 17337
0.50128 29023
0.501282 15855
0.501298 55885
0.501308 34501
0.501328 23155
0.501336 87089
0.501337 1508
0.501341 18690
0.501346 67934
0.501355 19422
0.501371 58332
0.501378 42985
0.50139 21054
0.501392 33671
0.501412 42922
0.501415 76167
0.501419 71036
0.501422 33306
0.501424 678
0.501432 46687
0.501466 6363
0.501484 970
0.501502 55887
0.501533 5078
0.501545 31542
0.501551 81847
0.501553 14409
0.501559 40846
0.501564 45750
0.501586 66550
0.501602 75836
0.501612 14428
0.501617 25202
0.50167 7327
0.501677 23937
0.501696 433
0.501719 43773
0.501725 60688
0.501728 40573
0.501742 90804
0.501766 21392
0.501766 56007
0.501774 23844
0.501776 43856
0.501777 92201
0.501778 53454
0.501779 52943
0.501783 44233
0.501788 2375
0.501788 94722
0.5018 12190
0.501805 77324
0.501818 23621
0.501821 77925
0.501846 29297
0.501852 20270
0.501868 6287
0.501875 45461
0.501879 28239
0.501882 47020
0.501882 74209
0.50189 14943
0.501896 46792
0.501912 42393
0.501913 15076
0.50192 41210
0.501963 19872
0.501977 28685
0.50199 10668
0.502001 79720
0.502009 75163
0.502013 26518
0.50204 52133
0.502043 50077
0.502045 44609
0.502048 45155
0.502051 42422
0.502063 152
0.502071 44815
0.502075 93906
0.502084 79158
0.502101 50677
0.502116 48328
0.502119 77170
0.502139 58739
0.502146 70387
0.502161 95293
0.502202 28326
0.502209 72548
0.502212 32941
0.502244 14618
0.502263 3115
0.50228 33013
0.502294 73040
0.502297 53158
0.502299 59160
0.502311 65290
0.502333 79654
0.502348 30740
0.502348 46290
0.50235 64360
0.502359 64043
0.502367 90390
0.502369 31445
0.502379 54671
0.50238 49873
0.502383 73979
0.502436 75096
0.50244 48534
0.502452 88542
0.502458 27193
0.502462 53153
0.502471 81299
0.502484 67131
0.50249 48237
0.502498 85142
0.502509 85112
0.502521 68387
0.502538 21930
0.502557 62619
0.502563 16531
0.502571 22255
0.502574 79821
0.502587 29460
0.502599 3408
0.502605 36910
0.502619 55746
0.50263 64083
0.502634 75932
0.502644 97556
0.502652 63449
0.502653 43825
0.502655 83810
0.502657 82911
0.502661 44409
0.50267 14661
0.502675 85073
0.502676 97939
0.502683 38856
0.502691 64810
0.502697 22073
0.502715 8561
0.50272 27259
0.502722 13003
0.50273 70618
0.502741 53376
0.502759 50909
0.502783 38917
0.502787 54000
0.502788 53577
0.502793 15652
0.502804 80775
0.50281 93617
0.502826 41449
0.502827 59766
0.502827 59827
0.502842 3608
0.502844 98302
0.502846 75034
0.502867 7448
0.502883 25361
0.502897 74931
0.502906 5028
0.502918 70612
0.50292 43261
0.502922 39276
0.502929 44230
0.502938 48312
0.502962 28895
0.502974 34660
0.503007 57917
0.503016 82631
0.503026 46541
0.503031 97055
0.503033 56858
0.503033 66511
0.503041 42550
0.503055 98475
0.503057 20163
0.503071 49935
0.503085 64617
0.503099 40119
0.503104 72869
0.503135 34226
0.50314 36547
0.503141 52513
0.503144 57378
0.503147 5358
0.503153 56256
0.503154 72067
0.503155 89220
0.503166 66432
0.503167 20907
0.503174 91513
0.50318 20564
0.503181 19308
0.503184 9812
0.503185 95197
0.503207 70279
0.503207 9360
0.503222 29552
0.503224 17117
0.503229 51665
0.50323 44878
0.503234 21003
0.503239 32323
0.503239 71797
0.503247 81139
0.503253 7413
0.503273 96350
0.503275 14796
0.503279 100076
0.503288 27963
0.503293 79427
0.503299 43004
0.503322 15842
0.503354 53989
0.503357 5542
0.503386 89263
0.503397 28381
0.5034 84472
0.503403 20302
0.503408 15613
0.503412 35705
0.503415 4391
0.503416 8274
0.503426 3524
0.50344 71627
0.503456 45888
0.503469 28631
0.503472 16622
0.503492 13487
0.503549 36996
0.503559 16143
0.503562 59041
0.503566 1241
0.503566 83308
0.503594 60107
0.503595 84908
0.503601 69600
0.503605 97118
0.503623 82018
0.503625 93837
88 41