1 2
416
0.951787 15779
0.951791 97159
0.951798 19703
0.951798 87137
0.95181 83614
0.951827 28065
0.951837 34137
0.951852 36830
0.95187 81411
0.951873 73120
0.951874 41599
0.951883 86527
0.951901 52560
0.951921 40022
0.951923 35454
0.951937 9231
0.951944 70354
0.951952 26181
0.951952 51758
0.951959 12321
0.951998 29604
0.952001 17931
0.952003 80430
0.952014 61528
0.952025 13704
0.952039 89081
0.952044 90094
0.95205 26376
0.952053 84479
0.952061 16150
0.952071 10523
0.952097 27037
0.952109 56425
0.952127 54262
0.952159 41944
0.952162 55943
0.952174 5254
0.952177 12899
0.95219 79996
0.952196 96679
0.952208 55901
0.952209 85336
0.95222 25834
0.952233 61860
0.952245 25841
0.952248 65547
0.95229 54668
0.952325 71210
0.952326 25429
0.952327 405
0.952335 40858
0.952335 73845
0.95235 40060
0.952351 19155
0.952363 94768
0.952365 12260
0.952371 64373
0.952377 47669
0.952396 88404
0.952426 71579
0.952436 8916
0.952445 76253
0.952446 71891
0.952461 10114
0.952477 84523
0.952482 26888
0.952483 64488
0.952506 67223
0.952521 26371
0.952539 72802
0.952551 4581
0.952577 27705
0.952581 26307
0.952595 18493
0.952601 31038
0.952622 71606
0.952635 23288
0.95264 30402
0.952645 46217
0.952672 50961
0.952689 26392
0.95269 55501
0.952714 85445
0.952729 72790
0.952731 95153
0.952732 80583
0.952742 60800
0.952788 11736
0.952809 40041
0.95281 49887
0.952821 66375
0.952827 14999
0.952845 58506
0.952846 75249
0.952848 93588
0.952858 44836
0.952864 74065
0.952884 30920
0.952885 40487
0.952912 93229
0.952928 98643
0.952932 88527
0.95295 18467
0.952967 20361
0.952983 51483
0.952988 86168
0.952997 19290
0.953021 63048
0.953024 88077
0.953033 4750
0.953037 82220
0.95304 70889
0.953049 79115
0.953056 15047
0.953058 57843
0.953063 83325
0.953086 61408
0.953087 35022
0.953092 98469
0.953103 47389
0.953111 66294
0.953122 22080
0.953136 53865
0.953145 15500
0.953146 33362
0.953157 57677
0.953161 24456
0.953171 6956
0.953201 51583
0.953213 64143
0.953216 33445
0.953217 33429
0.953225 89382
0.953239 17742
0.953244 48317
0.953247 19117
0.953255 88794
0.953265 43702
0.953277 18170
0.953287 80477
0.953289 37065
0.953292 13553
0.953319 95624
0.953351 63924
0.953363 93168
0.95337 30274
0.953371 89743
0.953383 8733
0.953385 77985
0.953387 9007
0.95339 1602
0.953411 84168
0.953432 51880
0.953441 92381
0.953462 22002
0.953465 69423
0.953472 31010
0.953476 25820
0.953486 58740
0.953486 92510
0.953495 14776
0.953506 68241
0.953508 13571
0.953513 62264
0.953514 56813
0.953524 1129
0.953539 13012
0.95354 14103
0.953548 96428
0.953555 81848
0.953562 29743
0.953582 18212
0.953587 96348
0.953598 74939
0.953616 1947
0.953626 33144
0.953627 64087
0.953646 42925
0.953659 93279
0.953661 27013
0.953665 91304
0.953672 77262
0.95368 95330
0.953681 73049
0.953702 90511
0.953707 22627
0.953711 42712
0.953721 4466
0.953721 54558
0.953721 97068
0.953734 46466
0.953759 57390
0.953759 59619
0.953764 43785
0.95377 78581
0.953799 69287
0.95382 24959
0.953845 57430
0.953855 38625
0.95386 69127
0.95387 79685
0.953885 14459
0.953897 83606
0.953904 27667
0.953934 80589
0.953938 68950
0.953938 94449
0.953939 89741
0.953947 92889
0.95395 23691
0.95395 39615
0.953953 28945
0.953966 93128
0.953971 66482
0.953976 50251
0.95399 8883
0.954 31635
0.954008 60100
0.954041 34237
0.954044 12097
0.954059 49142
0.954059 67256
0.954065 93207
0.954078 37820
0.954085 85272
0.954089 57542
0.95409 72335
0.95409 87858
0.954099 38376
0.9541 20110
0.954115 23943
0.954119 28003
0.954119 78681
0.954137 59984
0.954144 45069
0.954147 7555
0.954168 53519
0.954178 2601
0.954179 60454
0.954191 95316
0.954193 90614
0.954217 27006
0.954224 14559
0.954226 88867
0.954233 80364
0.954235 94210
0.954252 6694
0.95426 13211
0.954304 39795
0.954304 99846
0.954309 21842
0.954324 73378
0.954336 320
0.954344 46749
0.954354 8965
0.954374 95160
0.95438 63087
0.954394 14279
0.954394 40973
0.954395 58803
0.954407 85866
0.954444 97752
0.954457 100932
0.954457 101932
0.954462 44359
0.954467 85685
0.954469 44152
0.954482 22781
0.954482 45865
0.954485 11936
0.9545 35590
0.954501 2991
0.954508 50091
0.954548 14338
0.954571 921
0.954574 33425
0.954577 69659
0.954587 79576
0.954596 57346
0.954606 30795
0.954608 91052
0.954622 81643
0.954624 54984
0.954628 32013
0.95463 23608
0.95464 53208
0.954646 92283
0.954652 49797
0.954653 23563
0.954703 7485
0.954706 94325
0.954709 69175
0.954723 79686
0.954726 95250
0.954732 60174
0.954769 23179
0.954774 45001
0.954782 90516
0.954813 79961
0.954819 85466
0.954829 25885
0.954851 98388
0.954856 84758
0.954859 45130
0.954866 91003
0.954879 28450
0.954885 90793
0.954898 58882
0.954904 33021
0.954911 82309
0.954913 93319
0.954919 72475
0.95493 48118
0.954946 82517
0.954954 25011
0.95496 82928
0.954979 67735
0.954999 97009
0.955008 16346
0.955015 10453
0.955015 68540
0.955021 94165
0.955026 80806
0.955033 35607
0.955051 15970
0.955051 88170
0.955064 44528
0.955064 47727
0.955104 85271
0.955116 54137
0.95513 77782
0.955142 74252
0.955143 97832
0.955147 55070
0.955151 31192
0.955151 58428
0.95516 94965
0.955173 26009
0.955189 13255
0.955192 33470
0.955196 81385
0.955197 21467
0.955197 32891
0.955201 17910
0.955204 47434
0.95523 15349
0.955248 72496
0.955256 68572
0.955267 52807
0.955303 81203
0.955325 18798
0.955325 21052
0.955334 37295
0.955347 28371
0.955349 39544
0.955368 98915
0.955369 44075
0.955393 41240
0.95541 93527
0.955411 35750
0.955415 81805
0.955436 45746
0.955446 12477
0.955454 95009
0.955463 8125
0.95547 4666
0.955483 82425
0.955484 99535
0.955498 99178
0.955507 13888
0.95551 77904
0.955512 20605
0.955518 67279
0.955519 83678
0.955521 33142
0.955522 53780
0.955529 49396
0.955536 40958
0.955537 37209
0.955543 67117
0.95556 4340
0.955563 11154
0.955566 17289
0.955602 59082
0.955603 27546
0.955608 41245
0.955613 97829
0.955617 23982
0.955629 9416
0.955634 95470
0.955653 89550
0.955655 49758
0.955662 3676
0.955667 77018
0.955679 73774
0.955689 26026
0.955698 8351
0.955701 68600
0.955708 66746
0.955717 61652
0.95574 21625
0.955751 57935
0.955753 87031
0.955755 56369
0.95576 43775
0.955763 40886
0.955775 94089
0.955802 75090
0.955808 16629
0.95583 16102
0.95584 34135
0.955843 69234
0.955857 78257
0.955861 81182
0.955873 69383
0.955887 86276
75 48