1 2
409
0.852901 26290
0.852938 95303
0.852941 74992
0.852964 38372
0.852964 94703
0.852967 49308
0.852969 80725
0.852994 32699
0.853023 66449
0.853035 64819
0.853049 45367
0.853065 82515
0.853084 18607
0.85312 39064
0.853123 62337
0.853125 8693
0.853135 92887
0.853167 83354
0.853184 36239
0.853188 53562
0.853209 74619
0.853214 94119
0.853229 99281
0.853233 92657
0.853237 38599
0.853257 59487
0.853267 15599
0.853293 82467
0.853301 99718
0.853308 75722
0.853316 49974
0.853325 29966
0.853326 95070
0.853328 20066
0.853353 75438
0.853355 86877
0.853362 59727
0.853368 81772
0.853373 50562
0.853378 9549
0.853384 19237
0.853409 63827
0.853416 69042
0.853447 44198
0.85345 76355
0.853458 62008
0.853468 8954
0.85348 80140
0.853492 83930
0.853506 9357
0.853526 1507
0.853528 18849
0.853533 51314
0.853544 39371
0.85357 22494
0.85357 48864
0.853576 9844
0.853579 88633
0.853583 43035
0.853601 44693
0.853618 37033
0.853618 53524
0.853628 12435
0.853637 86072
0.853659 40365
0.853663 64739
0.85368 79634
0.853693 39004
0.853701 42453
0.853712 64602
0.853724 44665
0.853729 35911
0.853743 95606
0.853757 83234
0.853761 55006
0.853764 86774
0.85378 31872
0.85378 99966
0.853781 45610
0.853797 98527
0.853799 49329
0.853808 40051
0.85381 33826
0.853815 95538
0.853823 30084
0.853834 26650
0.853835 99547
0.853837 13257
0.853839 13651
0.853844 2577
0.85385 84342
0.853856 138
0.853863 33858
0.853867 95789
0.853884 99935
0.853895 12842
0.853904 98421
0.853913 88471
0.853915 7510
0.853927 45412
0.853933 4771
0.853936 85826
0.853938 39513
0.853952 63752
0.853977 29710
0.853987 54147
0.853991 99045
0.853994 38595
0.853999 77734
0.854008 21358
0.854042 17562
0.854044 15399
0.854071 83179
0.854092 60116
0.854107 88340
0.854108 35482
0.854135 68834
0.854157 28244
0.854166 81087
0.854168 80921
0.854169 96279
0.8542 17078
0.854244 97872
0.854255 41576
0.854261 43568
0.854263 7385
0.85429 96810
0.854308 19989
0.854311 63145
0.854325 85128
0.85435 50369
0.854366 77415
0.854368 68405
0.854375 19974
0.854392 38267
0.854399 97713
0.854419 71390
0.854437 21759
0.854439 22995
0.854469 66419
0.854474 80694
0.854475 71719
0.854484 27904
0.8545 29871
0.854518 13702
0.854518 29125
0.854555 88720
0.854566 78926
0.854578 35042
0.854603 22964
0.854603 99255
0.854617 17145
0.854623 90627
0.854627 46021
0.854627 80652
0.854631 84734
0.854638 60254
0.854639 18816
0.854641 54988
0.854642 93146
0.854646 6879
0.854651 94202
0.854666 34089
0.85467 55403
0.854672 2791
0.854678 9297
0.854682 13009
0.854685 66844
0.854686 1843
0.854699 92959
0.854709 76457
0.85471 62036
0.854716 21820
0.854737 58637
0.854744 22854
0.854744 87246
0.854778 97439
0.854786 35834
0.854786 38897
0.854791 23381
0.854793 95861
0.854795 11351
0.854804 63012
0.854807 10101
0.854809 518
0.854817 78618
0.854825 28553
0.854829 30473
0.854837 23276
0.854845 5042
0.854851 29537
0.854855 52077
0.854896 4285
0.854903 69399
0.854925 1615
0.854954 24352
0.854959 11683
0.854978 65631
0.854996 38800
0.855013 28962
0.855016 81191
0.855018 52727
0.855025 82696
0.855045 28278
0.855046 77220
0.85505 63843
0.855055 61163
0.855064 65753
0.85507 34517
0.855077 90910
0.855085 30549
0.855087 44551
0.855115 9825
0.855122 7569
0.855141 99667
0.855143 72319
0.855176 84784
0.855177 26974
0.855214 19839
0.855232 38937
0.855233 96741
0.855247 87142
0.855257 44897
0.855259 47114
0.85527 33166
0.855271 32491
0.855293 13488
0.855299 41252
0.855314 35603
0.855314 96248
0.855322 29605
0.855328 65612
0.855371 64105
0.855385 94179
0.855401 80358
0.85542 45346
0.855466 36532
0.85547 20530
0.855479 49822
0.855493 69835
0.855498 30219
0.855505 20048
0.855507 46363
0.855514 97189
0.855522 55334
0.855524 40136
0.855547 11816
0.85555 76478
0.855553 71297
0.855556 43301
0.855595 4142
0.855604 87783
0.855615 39520
0.855641 73773
0.855655 16342
0.855658 2854
0.855662 68164
0.855664 78646
0.855676 81842
0.855678 84289
0.855679 42298
0.8557 93668
0.855702 91269
0.855709 49274
0.855717 10687
0.855718 34780
0.855737 5524
0.855759 23148
0.855772 98346
0.855781 94702
0.855798 33426
0.8558 3765
0.855801 98016
0.85581 56001
0.85582 94462
0.855821 51653
0.855845 51141
0.855845 91432
0.855846 66699
0.855905 13744
0.855909 27591
0.85591 26870
0.85592 31959
0.85592 70575
0.855923 4596
0.855927 14133
0.855952 21371
0.855982 13795
0.855983 31127
0.855984 89649
0.85599 78823
0.855999 90667
0.856037 23027
0.856042 19227
0.856055 87637
0.856071 62679
0.856073 93200
0.85608 24772
0.856091 37128
0.856099 40067
0.856114 61378
0.856117 42557
0.856132 23201
0.856132 41304
0.856132 87841
0.856134 47967
0.856135 14244
0.856144 62500
0.856147 60498
0.856153 97223
0.85617 62281
0.856171 78541
0.85618 73228
0.856193 68947
0.856194 96565
0.856198 35909
0.856202 23341
0.856205 72890
0.85622 68227
0.856224 26637
0.856235 73564
0.856238 96917
0.856241 22516
0.856253 95098
0.856263 85695
0.856269 30492
0.856283 66671
0.856314 22731
0.856322 92647
0.856366 94853
0.856367 286
0.856379 80935
0.85638 29856
0.856381 54296
0.856382 19002
0.856392 6765
0.856396 29115
0.856396 54888
0.856409 53541
0.856409 72959
0.856413 27793
0.856417 4787
0.85642 70411
0.856424 82949
0.856463 38893
0.856467 1481
0.856485 35314
0.856488 34070
0.85649 33168
0.856491 37556
0.85651 34310
0.856552 42732
0.856566 44144
0.856583 9409
0.856595 44628
0.856602 82996
0.856613 87850
0.856646 22244
0.856691 42610
0.856695 27744
0.856723 71863
0.856733 53494
0.856741 52237
0.856744 67943
0.856761 23108
0.856769 58066
0.856789 90473
0.856809 3802
0.856837 12404
0.856881 67085
0.856893 43801
0.856918 75757
0.856923 82980
0.856924 1806
0.856926 53068
0.856941 66053
0.856943 66345
0.856947 36477
0.85695 77110
0.85696 21959
0.856962 1859
0.856985 52281
0.857003 71900
0.857012 8698
0.857041 11271
0.857044 31027
0.857048 62263
0.857063 77501
0.857075 21884
0.857082 61422
0.85709 80918
0.857091 65786
0.857093 59189
0.857105 82410
0.85712 84994
0.857132 94876
0.857135 45583
0.857135 77960
0.857139 59853
0.857143 94880
0.857145 71179
0.85718 81075
0.857181 71100
0.857192 20089
0.8572 43892
0.857203 65124
0.857225 22587
0.857233 5855
0.857254 22102
64 101