1 2
400
0.275199 2491
0.275199 89370
0.275206 41509
0.27524 89020
0.275246 68054
0.27527 28075
0.275273 56062
0.275284 41492
0.275321 83344
0.275328 9259
0.275338 39467
0.275342 3211
0.275346 58289
0.275368 71119
0.275369 73623
0.27537 54036
0.275377 86673
0.275413 84187
0.275445 30155
0.275445 98143
0.275458 39484
0.275473 87346
0.275486 49414
0.275523 6647
0.275527 19470
0.275528 13058
0.27554 92617
0.275544 26502
0.275571 58425
0.275577 28835
0.27558 97812
0.275581 48859
0.275625 93940
0.275636 31317
0.275666 53233
0.275672 82546
0.275682 58230
0.275717 93199
0.275721 5320
0.275735 90723
0.275736 79227
0.275742 17550
0.275769 51535
0.275773 54573
0.275785 55865
0.275792 72885
0.275807 54997
0.275808 1915
0.27581 17781
0.275825 91714
0.275833 87274
0.275833 94387
0.27584 64279
0.27584 98172
0.275849 80417
0.275857 67862
0.275866 4122
0.275866 53443
0.275875 57251
0.275881 10599
0.275906 63542
0.27592 84848
0.275921 2411
0.27594 24957
0.27596 84490
0.275979 57887
0.275987 60864
0.275994 17418
0.275994 31318
0.275994 51462
0.27601 40966
0.276038 76156
0.27606 70456
0.276076 70585
0.276092 87053
0.276097 90180
0.276097 96383
0.276109 94738
0.276113 20632
0.276116 12044
0.276117 35604
0.276122 78249
0.276132 51040
0.276139 80891
0.276153 15353
0.276158 73608
0.276159 11177
0.276189 88838
0.276196 18843
0.276196 22818
0.276223 6154
0.276226 83147
0.276261 35717
0.276265 94118
0.276268 12698
0.276274 10193
0.276275 68885
0.276279 26109
0.2763 12505
0.276301 63832
0.276305 67508
0.276315 63896
0.276323 8573
0.276323 87235
0.276337 82341
0.276345 80591
0.276357 2913
0.276363 61527
0.276365 6579
0.276366 26423
0.276372 10460
0.276398 65790
0.276427 87607
0.27644 57336
0.276444 34837
0.276448 29665
0.276454 94749
0.276461 42647
0.276488 91171
0.276491 46457
0.276495 26053
0.276496 38991
0.276501 57711
0.276508 4370
0.276514 63458
0.276514 68873
0.276521 78796
0.276532 30612
0.276536 69694
0.276557 1240
0.276559 67016
0.27658 88005
0.276586 16505
0.27659 34338
0.276591 12679
0.276595 68987
0.276602 36427
0.276605 17126
0.276608 78877
0.276609 4379
0.276611 1708
0.276613 10360
0.276622 972
0.276626 38941
0.276627 88925
0.276648 47872
0.276655 20182
0.276655 95953
0.276665 94243
0.276669 75798
0.276684 26248
0.276693 8043
0.276693 81141
0.276707 5052
0.276716 74520
0.276718 50340
0.276724 60238
0.276752 73632
0.276763 27846
0.276775 54413
0.276788 51015
0.27679 75991
0.27681 50439
0.276818 81604
0.276832 70444
0.276836 34782
0.276841 10406
0.276842 27606
0.276846 24904
0.276849 24670
0.276864 76187
0.27687 20798
0.27687 53083
0.276877 92458
0.276887 98743
0.276902 31494
0.276909 19025
0.276914 82957
0.27692 34918
0.27694 97821
0.276978 71478
0.276985 42101
0.27699 52404
0.277004 27326
0.277004 9020
0.277007 54359
0.277043 55385
0.277053 76324
0.277053 99616
0.27707 13355
0.277075 17912
0.277082 43437
0.277084 28971
0.277095 36768
0.277099 9471
0.277101 84745
0.277102 85420
0.27713 98154
0.27716 41295
0.277184 28680
0.277201 84012
0.277203 1733
0.277204 66019
0.277216 16298
0.277217 34673
0.277243 65148
0.277257 41151
0.277267 37395
0.277274 51664
0.277275 39984
0.277284 88586
0.277291 95582
0.277292 32581
0.277294 75715
0.277324 39607
0.277325 45850
0.27736 40404
0.277363 6986
0.277392 76537
0.277393 4363
0.277397 57560
0.277425 82623
0.27744 2884
0.277444 24241
0.277449 66619
0.277454 49454
0.277459 26758
0.277464 29479
0.277469 65155
0.277494 65174
0.277505 33604
0.277507 28137
0.277514 12288
0.277521 76948
0.277521 91046
0.277535 82716
0.27755 78944
0.277554 36126
0.277557 25782
0.277566 43171
0.277577 72200
0.277579 56278
0.277587 79710
0.2776 37767
0.277609 109
0.277609 8140
0.277629 962
0.277644 25195
0.277677 16219
0.277685 56101
0.277708 36009
0.277737 24857
0.277766 57997
0.277772 3164
0.277777 90908
0.27779 85486
0.277805 47731
0.27781 39706
0.277823 63365
0.277835 46675
0.277844 12503
0.277847 14816
0.277863 77545
0.277885 23299
0.277892 31016
0.277898 103
0.27793 99924
0.277935 37189
0.277942 42160
0.277948 68309
0.277951 17403
0.277956 45730
0.277974 30297
0.277975 92804
0.277987 59478
0.277992 83577
0.277995 68217
0.278004 27499
0.278005 74500
0.278036 52632
0.278037 67297
0.27804 55632
0.278044 97957
0.278054 68711
0.278059 9413
0.278075 82692
0.278095 65259
0.278103 9442
0.278129 33725
0.278129 74532
0.278143 76078
0.278154 45885
0.278154 96157
0.278162 99748
0.278179 44607
0.278196 87645
0.278212 23104
0.278212 29526
0.278223 46337
0.278258 80262
0.278263 2698
0.278264 61349
0.278276 88353
0.278303 14266
0.278331 2256
0.278336 68307
0.278349 29850
0.278353 15859
0.278366 48052
0.278366 74289
0.278371 38912
0.278371 73795
0.278376 46208
0.278385 76325
0.278397 78639
0.278402 32069
0.278415 16306
0.278417 22152
0.278425 62956
0.278447 83748
0.278449 39731
0.27845 43502
0.278453 63459
0.278472 86560
0.278474 55571
0.278512 79445
0.278514 5144
0.278516 54541
0.278527 2589
0.278537 44637
0.278556 86765
0.278571 56837
0.278581 80926
0.278599 186
0.278604 62303
0.278606 30817
0.278623 80531
0.27863 88990
0.278644 92787
0.278657 1909
0.278665 53602
0.278683 21456
0.278721 92731
0.278731 24514
0.278743 85022
0.278746 86817
0.278778 71410
0.278786 83861
0.278798 41154
0.278818 93062
0.278823 4586
0.278835 52603
0.278845 17602
0.278854 73838
0.278857 81607
0.278858 28588
0.278863 4899
0.278863 84797
0.278897 30354
0.278897 40468
0.278932 87641
0.278954 13527
0.278972 87409
0.278981 14548
0.278987 57224
0.27899 62592
0.278999 4722
0.279025 90048
0.279028 5665
0.279029 61323
0.279031 10127
0.279045 325
0.27905 51035
0.279055 9811
0.27906 77760
0.279065 69487
0.279071 39488
0.279085 64987
0.279114 82925
0.27912 33909
0.279144 60032
0.279146 32445
0.279148 18901
0.279154 37462
0.27916 74299
0.279165 91660
0.279207 44137
0.279215 95512
0.279221 31863
0.279257 88885
0.279257 94599
0.27926 21141
0.279263 54651
0.279278 62108
0.279312 74898
0.279319 13306
0.27932 47030
0.279349 43769
0.279353 8465
0.279368 85513
86 47