1 2
416
0.425703 10595
0.425709 61042
0.425718 31249
0.42572 75079
0.425734 36010
0.425736 2139
0.425763 77114
0.425768 75653
0.425774 79484
0.425795 44636
0.425798 45810
0.425801 16840
0.425805 88802
0.425814 6298
0.425818 44009
0.425828 99038
0.425841 11845
0.425847 12341
0.425852 11784
0.425868 91756
0.425871 34387
0.425872 55208
0.425873 99183
0.425877 69220
0.425883 28741
0.425887 4245
0.425895 84791
0.425912 39476
0.425947 33847
0.425954 56418
0.425977 21651
0.425993 42971
0.426021 88287
0.426035 18327
0.426042 73237
0.426064 83605
0.42607 78876
0.426077 55392
0.426093 87403
0.426104 37213
0.426109 12074
0.426141 33950
0.426146 936
0.426155 83575
0.426183 93124
0.426193 26780
0.426226 88563
0.426227 43352
0.426234 51692
0.426235 37962
0.426273 89496
0.426286 91644
0.426299 77219
0.426305 71311
0.426306 43117
0.426319 86041
0.42632 47507
0.426321 32080
0.426321 95642
0.426331 93063
0.426337 82137
0.426355 35578
0.426361 93991
0.426378 89540
0.426392 79394
0.426416 29051
0.42642 90929
0.426424 82364
0.426425 28378
0.426437 92546
0.426444 94907
0.42646 17366
0.426463 97874
0.426474 48890
0.42648 61945
0.426491 62188
0.426496 40620
0.426503 25697
0.426547 5495
0.426563 98048
0.426564 14462
0.426579 11810
0.426585 9868
0.426589 14408
0.426593 93477
0.426594 81564
0.426603 82332
0.426605 93745
0.426612 48425
0.426616 35190
0.426616 80425
0.426622 27125
0.426643 51696
0.426649 58556
0.426675 23136
0.426728 136
0.426728 83600
0.426734 7989
0.426747 28875
0.426755 8228
0.426776 23633
0.42678 31901
0.426781 11650
0.426781 19000
0.426786 21731
0.426795 83724
0.42683 47235
0.426833 56666
0.426856 61607
0.426867 4601
0.426876 100216
0.426876 82771
0.42688 86902
0.426886 46130
0.426917 71738
0.426919 71827
0.426926 44967
0.426931 47368
0.426948 14681
0.426948 79181
0.426954 3427
0.426957 43613
0.42696 41054
0.426974 47022
0.426985 43334
0.426985 8065
0.426991 86163
0.426998 65894
0.426998 7033
0.42701 21730
0.42702 60210
0.427021 60622
0.427021 85122
0.427025 75691
0.427039 50135
0.427062 65323
0.427072 20127
0.427101 15020
0.427104 76213
0.427105 41961
0.427109 83589
0.427141 90534
0.427155 29435
0.427155 36875
0.427157 49762
0.427167 14801
0.427179 75427
0.427193 10892
0.427205 8240
0.427217 57779
0.427244 65178
0.427245 85989
0.42727 1710
0.427271 75293
0.427272 59863
0.427276 95958
0.427298 23215
0.427306 49292
0.42731 99344
0.427317 86685
0.427319 32527
0.427321 27933
0.427336 57396
0.427347 1622
0.427348 76268
0.427363 38157
0.427372 74499
0.427377 45584
0.427382 45955
0.427385 34061
0.427385 64570
0.427389 33186
0.427389 54082
0.42741 85413
0.427415 80741
0.427428 10768
0.427433 2891
0.427451 1028
0.427451 91974
0.427465 25628
0.427465 41098
0.427477 81577
0.42748 28264
0.427532 24277
0.427537 5863
0.427538 30056
0.427553 54459
0.427568 85056
0.427582 21341
0.427593 23353
0.427599 99865
0.427618 52296
0.427624 88574
0.427666 84888
0.427669 18135
0.427682 32130
0.427693 18805
0.427694 32821
0.427694 93961
0.427727 57702
0.427728 38882
0.427741 24260
0.427746 97729
0.42775 87636
0.427764 80383
0.427765 90675
0.427768 41131
0.427773 51491
0.427777 66113
0.427785 39669
0.427808 88351
0.427815 21603
0.42783 75020
0.427856 80108
0.42788 98472
0.427902 57355
0.427906 2346
0.427908 65710
0.427917 25309
0.427923 88026
0.427926 33375
0.427927 87082
0.427936 98210
0.427948 70026
0.427955 81615
0.427969 44226
0.427976 88532
0.427992 79926
0.427993 72929
0.427998 99186
0.428015 46868
0.428037 63820
0.428069 69982
0.428085 94810
0.428121 34361
0.428127 96033
0.428135 6138
0.428149 84442
0.428154 48204
0.428175 51276
0.428186 25453
0.428189 44414
0.428196 18864
0.428201 72381
0.428205 38494
0.428216 83339
0.428221 81145
0.428255 83771
0.428275 56987
0.428281 84622
0.428284 81737
0.428286 91688
0.428289 71321
0.428305 63115
0.428307 22594
0.428309 28630
0.428312 59625
0.428316 15040
0.428318 26590
0.42832 26739
0.428325 51179
0.428331 3268
0.428335 66932
0.428343 63810
0.428348 62079
0.428361 22158
0.428384 20786
0.428394 13090
0.4284 3993
0.428403 22380
0.428415 90730
0.428419 93930
0.42843 41466
0.428434 41776
0.428452 70214
0.428466 76322
0.428479 33602
0.428482 51245
0.428504 1216
0.428506 27142
0.428518 21361
0.428551 86681
0.428552 42645
0.428593 90387
0.428602 92817
0.428604 73862
0.428625 25513
0.428627 80787
0.428631 52410
0.428646 49316
0.428654 41973
0.428655 41513
0.428655 77318
0.428658 66786
0.428678 22580
0.428706 52111
0.428707 73684
0.428713 25871
0.428721 27201
0.428725 79986
0.428727 71963
0.428755 52406
0.428757 3123
0.428773 7211
0.428777 57050
0.428782 32896
0.42881 13401
0.428815 42212
0.428825 78623
0.42883 23439
0.428843 82142
0.428855 48646
0.428862 33028
0.42887 91122
0.428877 45747
0.428901 92024
0.428914 29899
0.428916 81489
0.428918 39942
0.428927 96963
0.428936 83342
0.428962 82158
0.428966 31144
0.428972 18856
0.428977 9035
0.428978 44334
0.42898 17949
0.428987 78259
0.428988 85810
0.429001 59557
0.429012 97955
0.429043 20974
0.42909 64054
0.42909 96619
0.429093 55107
0.429104 9483
0.42912 60504
0.429121 86528
0.429135 60573
0.429138 58973
0.42914 18905
0.42914 52473
0.429145 36714
0.42915 77203
0.429175 6510
0.429178 18
0.429195 57012
0.429213 67028
0.429218 24435
0.429228 33328
0.429229 2736
0.429237 7449
0.429266 22106
0.429293 37233
0.429304 90668
0.429309 66082
0.42931 90837
0.429314 95982
0.429326 16903
0.429331 97217
0.429337 21577
0.429362 20970
0.429366 94471
0.429371 62184
0.429377 6082
0.429377 90631
0.429378 47508
0.429397 23295
0.429406 70913
0.429408 80193
0.42942 22554
0.429432 42639
0.429438 57981
0.429448 74127
0.429457 630
0.429468 56857
0.429478 73910
0.429481 87931
0.429512 53113
0.429522 6692
0.429567 96233
0.429595 70312
0.429596 98138
0.429597 69461
0.429609 32931
0.429622 44035
0.429629 41438
0.429653 97300
0.429676 97928
0.429682 62268
0.429686 55872
0.429696 60562
0.429698 41694
0.429712 47365
0.429723 37170
0.429731 46144
0.429736 77099
0.429742 71894
0.429746 7447
0.429776 71939
0.429791 15023
0.429794 47068
0.429794 75640
0.429795 48230
0.429797 92709
0.429821 69183
0.429827 99379
0.42984 53671
0.429859 77721
0.42987 77682
0.429872 89796
0.429874 20299
0.429882 51804
0.429883 68843
0.429901 15950
0.429914 9243
52 107