1 2
382
0.054734 23512
0.054743 6383
0.054744 71873
0.054759 576
0.054762 2241
0.054772 65197
0.054784 6801
0.054799 68148
0.0548 32834
0.054802 90369
0.054812 85218
0.054818 94046
0.054824 6705
0.054828 62986
0.054837 51895
0.054849 5906
0.054851 94519
0.054868 51636
0.054876 91728
0.054876 95645
0.054883 82377
0.054884 39749
0.054888 68748
0.054889 68010
0.054907 17579
0.054907 66653
0.054917 18138
0.054933 28058
0.054934 51313
0.054947 99643
0.054961 71143
0.054988 40889
0.054994 15946
0.054998 85767
0.05502 27115
0.055032 61953
0.055047 21161
0.055048 60895
0.055063 52691
0.055072 34441
0.055077 44171
0.055096 43493
0.055107 6627
0.055115 16537
0.055116 66901
0.055117 84325
0.055124 61121
0.055128 1267
0.05513 70995
0.055131 79000
0.055144 83013
0.055146 37371
0.055148 86238
0.055151 89529
0.055154 35555
0.055159 53336
0.055178 41608
0.055191 95147
0.055216 3613
0.055237 51203
0.055245 43732
0.055245 66599
0.055251 44410
0.055267 40740
0.055269 3236
0.055278 6851
0.055288 82336
0.055301 16663
0.055306 84702
0.055307 39400
0.055319 44479
0.055344 35197
0.055372 8295
0.05538 7537
0.055387 18163
0.055407 92189
0.055412 68814
0.055419 9584
0.055431 85576
0.055434 10886
0.05544 98245
0.055442 20155
0.055447 29378
0.055456 27093
0.055461 37464
0.055472 64287
0.05549 55241
0.055518 60935
0.05553 67802
0.055531 70934
0.055547 65410
0.055562 25440
0.055565 45544
0.055567 32396
0.055569 42608
0.055571 17981
0.055572 41259
0.055581 1498
0.055582 49735
0.055627 69146
0.05563 33270
0.055639 48963
0.055668 91628
0.055675 51539
0.055678 85632
0.055678 98584
0.055681 10740
0.055685 78322
0.0557 32330
0.055705 96411
0.055715 75845
0.055731 48359
0.055736 10430
0.05574 48946
0.055744 58539
0.055746 43319
0.055762 54748
0.055773 18031
0.055773 73224
0.055801 24946
0.055801 30672
0.05582 19850
0.055824 21888
0.055828 51090
0.055832 16822
0.055832 4014
0.055833 59352
0.055876 4944
0.055878 63480
0.055878 72173
0.055884 25298
0.055889 882
0.05589 76737
0.055898 71033
0.0559 6057
0.055914 83991
0.05593 39165
0.055949 44703
0.055965 8372
0.055979 78356
0.055981 70944
0.055999 72376
0.05601 3229
0.056023 35059
0.056025 60639
0.056033 66659
0.056042 19947
0.056042 35466
0.05605 53940
0.056051 86326
0.056068 46156
0.056094 54818
0.056098 70846
0.056099 97924
0.056103 36050
0.056104 50992
0.056105 69625
0.05613 25569
0.056143 61872
0.056159 9463
0.056169 84966
0.056173 89028
0.056182 33027
0.056197 15442
0.056206 41148
0.056222 64187
0.056225 1894
0.056244 49705
0.056261 5297
0.056275 2171
0.056279 42276
0.056287 35784
0.056295 41429
0.056346 57193
0.056364 45655
0.056367 27009
0.056367 8004
0.056392 30273
0.056393 72906
0.056402 69861
0.056406 16391
0.056424 70481
0.056448 55038
0.056453 46879
0.056455 4257
0.056455 60234
0.056469 81903
0.05647 56489
0.056476 86191
0.056481 9327
0.056485 13303
0.056505 70653
0.056506 71924
0.056511 70757
0.056534 51817
0.056554 12084
0.056554 80395
0.056568 2199
0.056568 35953
0.056575 83880
0.056579 3404
0.056594 38908
0.056599 93979
0.056621 19338
0.056632 44621
0.05667 69867
0.056704 19481
0.056722 43532
0.056733 82570
0.056744 95300
0.056763 36312
0.056765 71234
0.056767 78735
0.056781 79489
0.056789 73245
0.05679 19098
0.05679 44242
0.0568 65672
0.056822 24330
0.056823 69344
0.056837 9451
0.056839 33193
0.05684 14791
0.056851 19814
0.056859 11729
0.056879 10503
0.056884 36691
0.056887 21937
0.056888 4273
0.056895 93517
0.056897 80634
0.056907 85746
0.05691 59116
0.056918 83917
0.056925 64517
0.056926 4244
0.056937 67956
0.05697 66007
0.056974 26593
0.056982 24184
0.056999 19972
0.057019 65324
0.05703 17535
0.05703 6340
0.057062 86812
0.057066 57863
0.057081 19428
0.057084 94874
0.057085 65926
0.057094 39254
0.057108 95054
0.057128 2519
0.057132 34620
0.057135 64285
0.057149 51951
0.057193 37234
0.057203 47915
0.057204 75257
0.057204 96976
0.057214 21015
0.057257 54372
0.057263 3572
0.057279 79614
0.057304 38994
0.057305 77420
0.057312 47419
0.057326 5331
0.05734 37872
0.057342 3380
0.057343 58308
0.057345 46142
0.05736 41032
0.057365 67037
0.05738 97697
0.057402 14934
0.057408 82505
0.057459 18081
0.057471 44255
0.05748 14616
0.057491 47032
0.057501 77426
0.057502 71961
0.057505 95718
0.057524 39613
0.057528 86073
0.05756 15258
0.057564 6606
0.057565 8876
0.05757 31117
0.057597 99302
0.057598 47239
0.057599 94709
0.0576 40243
0.057609 10591
0.057616 28482
0.057619 255
0.057639 57253
0.05765 24452
0.05765 71409
0.057659 81657
0.057666 45282
0.057672 37150
0.057691 30081
0.057691 42401
0.057744 64241
0.057745 57416
0.057749 84317
0.057765 18807
0.057767 42709
0.057776 14079
0.057781 70725
0.05779 10703
0.057808 72744
0.05781 84835
0.057811 28258
0.057824 81125
0.057829 35795
0.05783 67264
0.057833 74634
0.05784 63589
0.057844 21639
0.05786 13656
0.057863 15228
0.057882 34466
0.057883 90307
0.05789 75022
0.057896 15385
0.057918 97164
0.057933 87416
0.057935 56355
0.057936 97512
0.057945 93693
0.057953 83217
0.057958 97339
0.057964 56953
0.057976 2734
0.05798 16387
0.057991 40007
0.058001 17942
0.058005 30776
0.058005 94883
0.058013 1661
0.058019 92885
0.058026 9166
0.058052 81105
0.058063 36005
0.058068 44522
0.058068 64004
0.058075 54855
0.05809 95808
0.058147 76658
0.058164 34335
0.058165 69111
0.05817 53623
0.058178 77857
0.058206 79579
0.058239 21082
0.058247 5721
0.058257 54174
0.058261 40763
0.058269 31880
0.058273 80858
0.058281 77609
0.058291 74046
0.058293 12883
0.058296 17439
0.058299 35867
0.058313 5760
0.058315 29958
0.058323 7919
0.058326 73353
0.058334 76291
0.058339 66209
0.058365 51463
0.058369 42218
0.058387 27724
0.058387 29965
0.05841 38509
0.058427 20625
0.058437 64431
0.058449 33338
0.058461 7698
12 102