1 2
398
0.823236 26693
0.823238 5172
0.82324 36341
0.823255 90414
0.823259 87365
0.823262 22954
0.82327 61066
0.823273 86958
0.823275 59266
0.82328 26682
0.823282 65748
0.823288 57063
0.823288 94367
0.823296 97425
0.823331 31353
0.823345 34120
0.823377 30315
0.823392 72125
0.823405 93661
0.823407 21409
0.82341 100679
0.823412 50975
0.823414 24023
0.823423 54422
0.823427 24806
0.823432 13893
0.823435 35816
0.82344 40175
0.823442 29652
0.823451 99467
0.823458 71597
0.823467 86
0.823468 65925
0.823473 91374
0.823481 51658
0.823483 1955
0.823488 74801
0.823489 93895
0.823506 17264
0.823507 31109
0.823508 24851
0.823511 83466
0.823526 61633
0.823542 33370
0.823544 862
0.823548 2101
0.823549 92795
0.823555 75891
0.823572 10998
0.823572 19152
0.823572 84352
0.823574 51720
0.823577 50196
0.823595 90494
0.823598 21136
0.823614 27340
0.823619 73219
0.823652 61673
0.823659 54800
0.823662 82756
0.823666 92618
0.823692 76418
0.82371 62360
0.823729 20233
0.823739 53124
0.823746 17221
0.823761 26170
0.823765 38605
0.823767 88454
0.82379 24189
0.823793 22976
0.823794 31482
0.823801 61572
0.823825 31262
0.82383 72444
0.823836 51841
0.82385 96586
0.823882 70903
0.823893 67839
0.823901 12271
0.82391 79837
0.823913 87784
0.823929 43168
0.823936 98932
0.82395 17352
0.823956 26
0.823959 70021
0.823971 57780
0.823971 82072
0.823973 47801
0.823987 98635
0.823989 64647
0.823997 26782
0.824004 73493
0.824011 58676
0.82402 47321
0.824026 40311
0.824027 32056
0.824055 74746
0.824069 56104
0.824069 75447
0.824096 98425
0.824099 55117
0.82411 34333
0.824119 92928
0.824149 25438
0.824156 17678
0.82417 14068
0.824174 32258
0.824176 20315
0.824191 41065
0.824206 29572
0.824206 47607
0.824214 23266
0.824221 35162
0.82423 31705
0.824239 29584
0.82424 77973
0.824244 31461
0.824245 76495
0.824255 55766
0.82426 54339
0.824264 87062
0.824267 85433
0.824287 84219
0.824303 69065
0.824305 32742
0.824313 99263
0.824336 21565
0.824346 93931
0.82435 33881
0.824353 79219
0.824357 88492
0.824364 76350
0.824371 16532
0.824371 17665
0.824374 13728
0.82438 22104
0.824385 56805
0.824389 96692
0.824418 54918
0.824425 42497
0.824426 85679
0.824433 57062
0.824453 30781
0.824453 8658
0.824475 61102
0.824484 82846
0.824495 50979
0.824502 87301
0.824519 95376
0.824546 82810
0.824549 91322
0.824552 66942
0.824572 11798
0.824583 93782
0.824595 30936
0.824632 77325
0.824641 7755
0.824649 35719
0.824659 81526
0.824667 99708
0.824668 62394
0.824671 84573
0.824698 56878
0.824715 2504
0.824736 9421
0.82474 39293
0.82475 13239
0.824752 11199
0.824753 40598
0.824778 64092
0.824786 53368
0.824805 39157
0.824809 22363
0.824814 76334
0.824839 9954
0.824851 80630
0.824886 21199
0.824887 1574
0.824921 91047
0.824931 98930
0.824939 33540
0.824946 30539
0.824952 95726
0.824958 83548
0.824986 13626
0.82499 11954
0.825015 77284
0.825036 8460
0.825039 23224
0.825067 83804
0.825088 73436
0.825092 51425
0.825096 45180
0.825106 81630
0.825121 19134
0.825146 56955
0.825154 8692
0.825158 4716
0.825159 17870
0.825159 3752
0.825168 7973
0.825177 14042
0.825177 73039
0.825185 24655
0.825216 40872
0.825222 50640
0.825228 47897
0.825237 56693
0.825247 17299
0.825256 60836
0.825259 20146
0.825277 61570
0.825282 75601
0.825286 31045
0.825296 12220
0.825306 50038
0.825309 36283
0.825313 67620
0.825318 30086
0.825338 19524
0.825359 24949
0.825364 65355
0.825366 13792
0.825366 25255
0.825367 95560
0.825368 71768
0.825378 99590
0.825379 95552
0.825396 61455
0.825416 45654
0.82544 66533
0.825461 29578
0.825461 80457
0.825474 72040
0.825483 60288
0.825493 63824
0.825501 33816
0.825506 14298
0.825516 47754
0.825516 60135
0.825537 97352
0.825548 97328
0.825559 40135
0.825574 25163
0.825577 48458
0.825581 2314
0.825609 36950
0.825637 74822
0.825639 86893
0.825644 87388
0.825646 59610
0.825654 29671
0.825669 72443
0.825684 76385
0.825687 76668
0.825689 863
0.825696 62700
0.825717 45795
0.825729 37665
0.825733 15304
0.825733 28108
0.825737 53101
0.825737 98422
0.825754 4037
0.825754 52595
0.825756 79072
0.825759 39475
0.825773 8910
0.825774 90035
0.825787 8840
0.825788 89089
0.825817 84091
0.825821 91323
0.825823 91100
0.825834 20688
0.825838 4487
0.825849 28355
0.825857 59835
0.825878 30973
0.825881 70649
0.825907 58444
0.825918 18674
0.825921 80865
0.825935 26864
0.825952 52582
0.825952 90559
0.825966 58376
0.825979 44548
0.826008 61439
0.82601 39883
0.826015 18544
0.826033 58178
0.826034 37002
0.826045 11511
0.826092 95902
0.826095 42672
0.826102 26383
0.826104 81653
0.826114 53588
0.826125 81238
0.826146 90287
0.826147 89548
0.826166 80231
0.8262 35250
0.826203 67529
0.826231 86803
0.826233 22517
0.826252 36272
0.826263 6885
0.826273 69606
0.826276 55787
0.826288 36871
0.826297 76845
0.826298 3689
0.8263 87600
0.826306 31939
0.826316 48167
0.826318 10891
0.826386 22676
0.826391 17120
0.826411 31686
0.826424 99481
0.826429 77949
0.826444 74839
0.826448 57331
0.826459 33378
0.826462 5860
0.826462 61003
0.826488 63524
0.826491 61585
0.826504 76098
0.82651 44347
0.826516 53040
0.826524 53836
0.826561 86226
0.82657 9123
0.82657 97174
0.826571 80494
0.826588 24702
0.826601 5108
0.826606 49964
0.826621 81176
0.826638 18489
0.826669 33334
0.826675 65643
0.826691 2752
0.826701 28033
0.826701 38713
0.826715 6633
0.826719 51986
0.826746 74541
0.826747 88643
0.826748 71842
0.82675 31703
0.826752 88129
0.826759 22060
0.826761 76039
0.826762 99394
0.826771 38706
0.826777 20513
0.826777 72958
0.82678 6016
0.826783 98898
0.826791 18583
0.826821 1126
0.826834 53721
0.826838 64965
0.826841 100918
0.826845 80512
0.82685 21336
0.826854 49147
0.826874 24585
0.826875 50568
0.826906 32653
0.826912 11103
0.826912 4953
0.826918 54549
0.826928 15159
0.826936 77384
0.826937 63489
0.826957 68825
0.826979 68686
0.827018 59339
0.827033 18458
0.827037 85334
0.827042 97316
0.827052 83238
0.827058 57565
0.827058 70571
0.827068 25092
0.827071 90097
0.827088 88697
0.82709 70278
0.827124 88453
0.827147 67684
0.827154 74448
62 89