1 2
277
0 0.390136
0.061134 4995
0.165741 4985
0.205299 4990
0.303019 4982
0.314346 4996
0.360073 4997
0.393473 4989
0.436104 4993
0.480712 4984
0.53963 4992
0.610996 4986
0.794165 4988
0.892784 4980
0.907651 4983
0.910525 4994
0.925078 4981
0.949868 4991
0.949995 0.950415
0.949995 1093
0.950332 1236
0.950332 2373
0.950332 428
0.950476 1261
0.950476 4869
0.950591 3569
0.950611 1383
0.950611 1437
0.950707 1589
0.950707 1594
0.950828 1817
0.950833 2956
0.950987 1919
0.951561 1663
0.951561 3637
0.951708 1832
0.951708 524
0.951717 2601
0.951717 865
0.951718 2858
0.95178 0.958012
0.95178 3239
0.952327 4469
0.952551 478
0.953033 4217
0.953033 829
0.95339 4112
0.953524 656
0.953616 742
0.953721 4785
0.954178 817
0.954501 837
0.954571 4619
0.95547 2367
0.95556 3135
0.955662 4064
0.955893 0.957882
0.956088 4214
0.956687 0.957612
0.956952 474
0.956978 4750
0.95736 599
0.957955 550
0.958009 2538
0.958089 4506
0.958225 1615
0.958626 0.957851
0.958786 3968
0.958899 2005
0.959522 895
0.959564 4340
0.95975 4150
0.960009 3194
0.960567 2802
0.96083 4717
0.960916 2246
0.96096 4236
0.961081 1006
0.961267 2849
0.962124 1664
0.962209 0.958908
0.962845 0.962667
0.963113 1803
0.963116 4625
0.963346 3212
0.963708 0.96378
0.963994 3915
0.964213 4181
0.964286 1761
0.964584 3314
0.965021 4809
0.965226 1754
0.965348 1136
0.965456 2562
0.965691 1519
0.965778 1555
0.965884 2396
0.965995 4349
0.966131 4712
0.966313 4666
0.967281 4125
0.967348 3206
0.9675 3495
0.968331 2560
0.969007 2768
0.969116 0.97047
0.969588 0.96787
0.96978 0.969833
0.970056 2689
0.970744 2625
0.970823 4166
0.971283 4657
0.971326 0.971711
0.971358 4062
0.971646 3824
0.97249 3242
0.972766 1960
0.973069 1691
0.973148 0.970357
0.973512 0.973893
0.973527 4587
0.973782 1988
0.973819 4979
0.973953 4779
0.97411 0.977262
0.974798 4848
0.974822 3124
0.974971 900
0.975301 4330
0.975392 4090
0.975712 3929
0.975913 4188
0.975925 3248
0.976075 5
0.976353 1163
0.976512 2302
0.976897 2723
0.977421 3717
0.97752 3184
0.977618 0.979715
0.977877 1778
0.977924 1831
0.978092 1729
0.978099 4588
0.97833 1160
0.978339 3099
0.978472 3692
0.978552 4455
0.978727 3682
0.978806 4258
0.978981 0.980674
0.980046 1924
0.980591 2454
0.980638 4846
0.980726 1654
0.981314 1179
0.981337 1777
0.981473 4935
0.981525 0.98178
0.981692 3820
0.981805 2473
0.981818 1228
0.982441 4076
0.982805 3280
0.982818 4198
0.982913 4023
0.983557 4998
0.983964 0.98253
0.984273 2603
0.984493 2125
0.984581 1463
0.984623 4435
0.984671 4577
0.98513 1978
0.985283 4127
0.985471 4987
0.986365 2989
0.986459 0.985903
0.98649 954
0.986685 3865
0.987114 4022
0.987317 2481
0.987647 2685
0.987953 1595
0.988097 0.989145
0.988391 4803
0.988414 4581
0.988457 0.986585
0.989224 4206
0.989849 2832
0.989922 0.987768
0.989973 2623
0.990188 0.981888
0.990216 2040
0.990429 2714
0.990614 4086
0.990651 0.990606
0.991028 4029
0.991591 3420
0.991702 2556
0.991734 4425
0.991831 0.992676
0.992121 4440
0.992163 4615
0.992332 3361
0.992582 4466
0.992608 1313
0.99281 2792
0.992926 0.99758
0.993333 4080
0.993559 0.994859
0.993879 0.994901
0.99401 3178
0.994418 3297
0.994521 3365
0.995109 0.995834
0.995262 4272
0.995941 0.997084
0.996388 3107
0.996496 1370
0.9968 0.997662
0.997247 2710
0.997819 4724
0.998098 0.999127
0.998222 0.998232
0.998637 1530
0.999013 4325
0.999077 0.998898
0.999081 1532
0.999325 2462
0.999708 7
3 1700
4 4096
6 18
8 4137
9 927
10 2253
11 3739
12 2991
13 609
14 3764
15 1918
16 1018
17 456
19 0.999256
20 560
452 575
615 887
666 4174
695 834
703 1053
712 618
788 813
1016 914
1120 1020
1140 1107
1211 1992
1218 2250
1235 907
1384 1734
1432 1089
1526 2393
1648 1192
1852 1052
2045 2402
2160 1786
2222 3088
2252 3387
3046 2939
3209 3959
3313 3449
3327 3515
3431 3876
3619 3898
3676 3969
3973 4063
4154 
