1 2
256
0 0.570037
0.000816 4832
0.003972 4903
0.005985 4973
0.007901 4900
0.019511 4924
0.023437 4975
0.024257 4743
0.025049 4962
0.025912 4934
0.03066 4756
0.037104 4926
0.043856 4890
0.045902 4754
0.04894 4897
0.055876 4944
0.059475 4974
0.062555 4734
0.06541 4812
0.070596 4948
0.079749 4895
0.081782 4745
0.082815 4922
0.084515 4777
0.088472 4761
0.089031 4857
0.099765 4936
0.100555 4762
0.10111 4976
0.104792 4918
0.106983 4752
0.108348 4789
0.109566 4933
0.1111 4736
0.11347 4747
0.114045 4956
0.127466 4807
0.128169 4833
0.130538 4845
0.131303 4971
0.137792 4805
0.137989 4727
0.138204 4816
0.13912 4881
0.140283 4946
0.146876 4768
0.154054 4914
0.155739 4739
0.155886 4731
0.158118 4821
0.158119 4758
0.158523 4806
0.158752 4884
0.163795 4970
0.167577 4825
0.172345 4965
0.172517 4942
0.178935 4908
0.180193 4820
0.181128 4850
0.181688 4928
0.182041 4775
0.18653 4959
0.194105 4774
0.19897 4841
0.20028 4725
0.207211 4894
0.216405 4802
0.217133 4851
0.22756 4763
0.228828 4893
0.231293 4925
0.231431 4969
0.238709 4757
0.241828 4730
0.242123 4872
0.244432 4847
0.250547 4878
0.258939 4800
0.259231 4733
0.259838 4947
0.262991 4977
0.274868 4907
0.278863 4899
0.288354 4957
0.294945 4824
0.305104 4831
0.309503 4732
0.316768 4954
0.318581 4852
0.319679 4923
0.324131 4822
0.326456 4949
0.327959 4772
0.328956 4863
0.329747 4879
0.333439 4826
0.341445 4776
0.34665 4952
0.355031 4788
0.358523 4817
0.365318 4906
0.369187 4835
0.371273 4916
0.372194 4728
0.37354 4886
0.374502 4938
0.384888 4741
0.390176 4814
0.393119 4858
0.394347 4931
0.394545 4744
0.406334 4919
0.408461 4790
0.41245 4939
0.413267 4838
0.413976 4782
0.414872 4836
0.419733 4896
0.422551 4839
0.422863 4810
0.425367 4819
0.432092 4748
0.434452 4888
0.442926 4913
0.448305 4783
0.449195 4867
0.449229 4746
0.451188 4740
0.451383 4849
0.454234 4967
0.455909 4801
0.462505 4798
0.463558 4958
0.466526 4829
0.469252 4929
0.47247 4766
0.472486 4892
0.483964 4830
0.484327 4793
0.487809 4815
0.488179 4751
0.493968 4901
0.494623 4964
0.495021 4737
0.49788 4868
0.500526 4968
0.506274 4972
0.509016 4927
0.509031 4940
0.516111 4786
0.518259 4799
0.527244 4937
0.533815 4753
0.536371 4840
0.537328 4770
0.537803 4880
0.55361 4909
0.557145 4769
0.55876 4877
0.563709 4729
0.56437 4905
0.576071 4784
0.57672 4735
0.582401 4780
0.584956 4853
0.601029 4778
0.602793 4764
0.60635 4855
0.60668 4795
0.61365 4875
0.626668 4862
0.626736 4904
0.629929 4873
0.632155 4951
0.651051 4902
0.655647 4950
0.656619 4767
0.660087 4871
0.665063 4854
0.665198 4960
0.676425 4827
0.682146 4796
0.683065 4759
0.683327 4742
0.684616 4921
0.685817 4738
0.687857 4943
0.695575 4889
0.719705 4773
0.722089 4883
0.722183 4781
0.723635 4866
0.726001 4818
0.726202 4791
0.726751 4797
0.727232 4891
0.729951 4864
0.733567 4813
0.736959 4887
0.743826 4843
0.746846 4911
0.748845 4912
0.750788 4749
0.757732 4726
0.760316 4861
0.761395 4876
0.763957 4828
0.765791 4760
0.774152 4811
0.781689 4860
0.785448 4865
0.793845 4917
0.806892 4856
0.826912 4953
0.828416 4920
0.831412 4804
0.831747 4765
0.848542 4961
0.853933 4771
0.856417 4787
0.862209 4932
0.865948 4874
0.880457 4915
0.880908 4837
0.881154 4882
0.885776 4941
0.887197 4808
0.889573 4755
0.89426 4966
0.894796 4792
0.897622 4794
0.900666 4898
0.904626 4930
0.912694 4842
0.91296 4910
0.914347 4885
0.915925 4955
0.92071 4823
0.927188 4978
0.928447 4834
0.931649 4945
0.936544 4963
0.936584 4844
0.937337 4859
0.946615 4870
0.94784 0.948273
0.94784 337
0.948114 2146
0.948136 1462
0.948384 2097
0.948554 3125
0.94867 1939
0.949149 3222
0.949526 3597
0.949784 3556
2