1 2
393
0.039987 11676
0.039987 92124
0.039991 34999
0.039996 47192
0.040008 98734
0.040011 82802
0.040028 51803
0.040032 14124
0.040035 46325
0.040038 46665
0.040046 13547
0.040051 50608
0.040062 46519
0.040065 99521
0.040069 19027
0.040073 58228
0.040081 25538
0.04011 53942
0.040114 98461
0.040119 24551
0.040125 41667
0.040214 51518
0.040224 61522
0.040227 25395
0.040229 69394
0.040232 9801
0.040267 45351
0.040269 94871
0.04028 25773
0.040282 91087
0.040287 55518
0.040287 79664
0.040306 19300
0.040313 92490
0.040328 76928
0.040332 78810
0.040339 91268
0.04035 8082
0.040363 98840
0.040375 55659
0.040384 87947
0.040391 71562
0.040393 66116
0.040395 34492
0.040397 68452
0.040405 86442
0.040441 77243
0.040446 65240
0.040453 62064
0.040453 69915
0.040462 60503
0.040469 91565
0.040476 83323
0.040477 81582
0.040514 20724
0.040532 32535
0.040534 38325
0.040535 56295
0.040544 33559
0.040563 96891
0.04057 78533
0.040577 66076
0.040577 77952
0.04058 78141
0.040593 67348
0.0406 95100
0.040601 82403
0.040602 44181
0.040606 26922
0.040615 66047
0.04062 99237
0.040641 53936
0.040648 98239
0.040656 28724
0.040659 71220
0.040687 64223
0.0407 99771
0.040714 60262
0.040726 1359
0.040728 43309
0.04074 50312
0.040742 26592
0.040745 1720
0.040747 1225
0.040757 54582
0.040772 23315
0.040785 32406
0.040796 49026
0.040801 39830
0.040818 93484
0.04082 18947
0.040832 87851
0.040846 82262
0.040857 24309
0.040894 37091
0.040898 52771
0.040902 66949
0.040906 59605
0.04092 38728
0.040936 91500
0.040938 32416
0.04094 97392
0.04095 75825
0.040969 40553
0.040969 48660
0.040978 8031
0.040979 87979
0.040993 3955
0.041009 52082
0.041034 15586
0.041034 65255
0.041047 27395
0.041058 66886
0.041061 82006
0.041088 18247
0.041097 70275
0.041117 20094
0.041118 5003
0.041123 76890
0.041125 76955
0.041126 43076
0.041132 54982
0.041146 99979
0.041149 439
0.041179 83975
0.041188 8306
0.041208 74628
0.041214 53292
0.041217 20791
0.041218 8243
0.041219 78949
0.041221 19724
0.041226 84355
0.041276 63322
0.041279 68547
0.041283 22680
0.041289 31390
0.041294 96596
0.041301 30885
0.041305 97871
0.041315 9431
0.041337 72580
0.041338 64585
0.041344 46485
0.041363 54722
0.041365 45327
0.041372 27821
0.041375 10654
0.041382 57155
0.041383 48410
0.041388 8206
0.041397 60951
0.041399 76875
0.041407 17210
0.041411 88047
0.041416 37390
0.041419 1249
0.041449 96354
0.041469 59629
0.041475 38046
0.041477 63894
0.041483 676
0.041494 81536
0.041505 40353
0.041507 60447
0.041509 31345
0.041516 11848
0.041525 95567
0.041539 24280
0.041558 1431
0.04157 45601
0.04157 90321
0.041609 14253
0.041619 99083
0.041622 75818
0.04163 60333
0.041645 94319
0.041657 12609
0.041658 36432
0.041679 97576
0.041687 65675
0.041691 38778
0.041691 49750
0.04171 21294
0.041738 45860
0.041738 72481
0.04174 95458
0.041757 23634
0.041758 55909
0.041765 47566
0.041773 28723
0.041778 87309
0.041782 68214
0.041786 91780
0.041792 63979
0.041837 91111
0.04185 52518
0.04187 46201
0.041878 55283
0.041883 1604
0.041891 54889
0.041937 37621
0.041939 14430
0.04195 89105
0.041957 85567
0.041965 12109
0.04197 29923
0.041988 65115
0.041992 81237
0.042024 11968
0.042032 6870
0.042042 72450
0.042043 29947
0.042044 74603
0.042049 36882
0.04209 40342
0.042091 47270
0.042121 45486
0.042122 74890
0.042133 84107
0.042138 51967
0.042141 28856
0.042148 42376
0.042154 88981
0.042157 50109
0.042158 27298
0.042167 18699
0.042177 36523
0.042178 68080
0.042188 26261
0.042189 14115
0.042189 83220
0.04219 92071
0.042191 661
0.042211 97094
0.042221 6107
0.042226 45156
0.042244 48803
0.042274 14900
0.042295 55970
0.042304 65220
0.042308 9085
0.042319 66425
0.042337 49174
0.042354 29304
0.042356 44110
0.04236 60364
0.042369 39118
0.042375 16649
0.042392 67966
0.042402 25427
0.042403 93178
0.042404 43797
0.042415 70317
0.042425 89292
0.042429 69947
0.042464 60551
0.042483 2707
0.042489 93256
0.04249 64324
0.042492 3436
0.042494 27777
0.042521 29790
0.042528 57658
0.042528 65142
0.04253 92746
0.042531 21490
0.04254 7819
0.042553 17255
0.042557 62601
0.042558 92068
0.042563 83433
0.042575 11192
0.042588 57472
0.042612 48790
0.042618 69297
0.042624 100506
0.042624 101506
0.042656 53854
0.04266 35556
0.042668 62862
0.042681 84351
0.042693 28751
0.042702 12030
0.042707 75778
0.042731 57354
0.042743 2574
0.042751 41452
0.042766 18595
0.042778 34935
0.042782 59934
0.042802 37791
0.042802 87250
0.042815 31399
0.042829 18019
0.04284 42563
0.04284 9485
0.042859 21267
0.042873 86912
0.042881 61655
0.042889 47052
0.042898 3455
0.042916 94045
0.042928 99031
0.042936 8162
0.042961 75239
0.042965 5355
0.042975 22751
0.042994 19761
0.043034 30233
0.043043 59482
0.043044 40461
0.043058 79999
0.043067 40080
0.043077 80267
0.043081 30869
0.043102 31585
0.043108 14877
0.043109 92386
0.043116 38004
0.043134 68920
0.043138 11993
0.043147 34869
0.043151 24045
0.043151 4283
0.043155 47821
0.043156 94294
0.043169 86778
0.04317 17478
0.043171 51110
0.043183 22137
0.043184 28490
0.043204 23768
0.04321 20746
0.043211 80148
0.043222 31034
0.043227 88564
0.043235 82087
0.043256 15460
0.043276 1570
0.043279 50201
0.04328 22457
0.043307 23595
0.043326 18350
0.043326 72332
0.04334 38373
0.043359 13939
0.043374 38952
0.043382 84136
0.043397 3794
0.043402 22559
0.043404 70305
0.043405 82401
0.043405 96793
0.043414 58259
0.043415 56604
0.043422 81435
0.043429 85779
0.043443 20259
0.043452 73981
0.043458 14498
0.04346 11126
0.04346 70218
0.043485 51340
0.043497 64734
0.043507 76880
0.043508 23598
0.043509 24753
0.043512 52574
0.043515 11562
0.043517 83531
0.043524 6176
0.043575 56539
0.043583 2945
0.043592 39640
0.043593 35819
0.043599 77434
0.043604 72499
0.043613 87498
0.043613 95941
0.043614 60540
0.043615 95253
0.043618 75513
0.043627 77488
0.043631 3162
0.043634 89454
0.04364 76241
0.043643 72396
0.043644 95040
0.043649 66396
0.043656 22996
0.043659 86871
0.04367 50578
51 84