1 2
406
0.794151 6462
0.794159 43059
0.794163 73957
0.794165 4988
0.794172 26928
0.79419 52853
0.794194 87862
0.794199 87228
0.794209 80969
0.794217 78350
0.794226 7
0.794229 73597
0.794273 86992
0.794282 50390
0.794289 66243
0.794294 79696
0.794327 79246
0.794353 61869
0.794365 56223
0.794372 87604
0.794409 95692
0.794413 81789
0.794418 81675
0.794458 96892
0.794486 3452
0.7945 56219
0.7945 68579
0.794514 24070
0.794518 84514
0.794525 87069
0.794528 75375
0.794535 54024
0.794545 91454
0.794549 32669
0.794551 39044
0.794558 25640
0.794558 72034
0.794558 92954
0.794564 43369
0.794572 20443
0.794577 92422
0.79458 65457
0.794583 73953
0.794587 67544
0.794593 28101
0.794604 86576
0.794625 23586
0.794634 60632
0.79464 21983
0.794672 6407
0.79468 70374
0.794685 49597
0.794687 37365
0.794706 32858
0.794707 84145
0.794708 29209
0.79471 18977
0.79471 6239
0.794725 99961
0.794726 66055
0.794732 58901
0.794733 35879
0.794734 41934
0.794747 54747
0.794749 80120
0.794758 88994
0.794776 36517
0.794784 62204
0.794788 76669
0.794789 87836
0.794801 18742
0.794802 96548
0.794802 9780
0.794811 85344
0.794812 79577
0.794813 63391
0.794833 66783
0.794835 58023
0.794839 40516
0.794849 67865
0.794855 34245
0.794858 92372
0.794865 46377
0.794869 85118
0.794872 83273
0.79488 59667
0.794882 99510
0.794895 29915
0.794896 93093
0.794913 19224
0.79497 12201
0.794983 46027
0.794989 63031
0.794993 75994
0.794996 81032
0.795005 64172
0.795015 94083
0.795018 25065
0.795028 39763
0.795036 80410
0.795044 98402
0.795046 5632
0.795048 76517
0.79505 74852
0.795053 27148
0.795067 41168
0.795078 44006
0.795087 20283
0.7951 58778
0.795104 1417
0.795105 41413
0.795105 61252
0.795113 34520
0.795114 30576
0.795126 34256
0.795127 45582
0.79514 50447
0.795142 44367
0.795144 84705
0.795169 14909
0.79519 27263
0.795198 33817
0.79522 25908
0.795226 79587
0.79523 49408
0.795246 84213
0.795266 36066
0.795268 5468
0.795289 62031
0.79529 86964
0.795298 25584
0.795313 40615
0.795314 53670
0.795316 11621
0.795335 93311
0.795343 49428
0.795356 56538
0.79537 57022
0.795389 31162
0.795393 65193
0.795396 45496
0.795398 77621
0.795408 25157
0.79541 469
0.795417 61477
0.795417 91973
0.795423 79953
0.795425 32039
0.795434 9822
0.795439 44659
0.795442 41209
0.795445 56121
0.795492 17305
0.7955 85495
0.79551 22647
0.795527 30688
0.795533 26149
0.79554 84484
0.795546 26017
0.795566 50376
0.795573 55795
0.79558 36533
0.79558 9509
0.795581 11427
0.795583 8915
0.795592 1546
0.795617 27534
0.79563 99162
0.795636 19920
0.795641 98936
0.795661 99440
0.795667 34813
0.795668 24721
0.795669 94862
0.795673 11616
0.795676 97539
0.795679 96869
0.79568 63084
0.795682 78783
0.795685 2810
0.795704 59847
0.795713 20796
0.795721 7802
0.795727 90757
0.795736 54326
0.795788 32227
0.795793 56399
0.795796 33100
0.795813 98702
0.795829 12688
0.795834 66437
0.795836 19324
0.795848 10934
0.795856 97623
0.795859 77622
0.795868 12371
0.795872 64895
0.795878 78539
0.79589 1199
0.795896 94125
0.795904 11958
0.795912 37088
0.795912 76556
0.795915 17127
0.795915 305
0.795918 98383
0.795939 55946
0.795941 79825
0.795943 60647
0.795945 35337
0.795947 7091
0.795958 7524
0.795969 75428
0.795978 99999
0.795985 52443
0.796009 90259
0.796018 48197
0.796019 69872
0.796019 72774
0.796025 1556
0.796044 25878
0.796044 44175
0.796053 91307
0.796055 26962
0.796071 21582
0.79609 72222
0.79609 75981
0.796109 42616
0.796111 26293
0.796111 74863
0.796116 70128
0.796118 61038
0.796124 93536
0.796147 28673
0.796147 37874
0.796148 66693
0.796151 95107
0.796153 71458
0.796156 40965
0.79616 7017
0.796165 35263
0.79617 56783
0.796171 70328
0.796186 26138
0.796232 90003
0.796251 63482
0.79626 100158
0.79626 101158
0.796286 6727
0.796288 34695
0.796295 83825
0.796311 94659
0.796321 95169
0.796341 74439
0.796355 100855
0.796355 101855
0.796357 56236
0.796387 14919
0.796391 34610
0.796416 56403
0.796429 87586
0.796435 44207
0.796459 50649
0.796463 52578
0.796464 57276
0.796537 37297
0.796542 63866
0.796545 46252
0.796553 66714
0.796577 40395
0.796589 84096
0.796591 91239
0.796611 14404
0.796614 99387
0.796615 65008
0.79666 72685
0.796665 44294
0.79667 61420
0.796675 50944
0.796681 78100
0.796692 58036
0.796693 21078
0.796704 56901
0.796707 52248
0.796712 87320
0.796714 6864
0.796722 36088
0.796743 83377
0.796763 81715
0.796771 31599
0.796778 76525
0.796781 39850
0.796787 10372
0.796804 81678
0.796822 80031
0.796824 21084
0.796827 3934
0.796827 44599
0.796829 36788
0.796832 63526
0.796833 24281
0.796848 41198
0.79685 97224
0.796851 54391
0.796852 3006
0.796855 35473
0.796856 90001
0.79688 22561
0.796891 29062
0.796913 91571
0.796919 85198
0.796924 52479
0.796956 35836
0.796958 48706
0.796966 22131
0.796991 71610
0.796993 21402
0.797001 80982
0.797011 4670
0.797061 55279
0.797066 40187
0.797114 30187
0.797117 51151
0.797138 26984
0.797138 37105
0.79714 69101
0.797151 93632
0.797184 31238
0.79723 99377
0.797239 88581
0.797241 47573
0.79725 41559
0.797256 17261
0.797264 51678
0.797268 1208
0.797281 93563
0.797307 52071
0.797321 94843
0.797329 81157
0.79734 74556
0.797348 57615
0.797377 12027
0.797382 38332
0.797384 33938
0.797387 12768
0.797404 80960
0.797408 99997
0.797417 92232
0.797431 43308
0.797446 3353
0.79745 39141
0.797463 50014
0.797469 91626
0.797474 81529
0.797474 88498
0.79749 83919
0.79754 48394
0.797573 42910
0.797579 61587
0.797582 41848
0.797587 57074
0.797594 41094
0.797594 53189
0.797602 79294
0.797605 36567
0.797611 14478
0.797615 8505
0.797616 34123
0.797621 15628
0.79763 13440
0.797632 24019
0.797633 67335
0.797635 19079
0.797698 72910
0.797708 62238
0.797711 86476
0.797719 67132
0.797724 2047
0.797727 52120
0.797762 14343
0.79777 97358
0.797771 37023
0.797773 89947
0.797779 52978
0.797801 43049
0.797804 88910
0.797813 78063
0.797819 42808
0.797828 81050
0.79783 85174
0.797831 96061
0.797846 48405
0.797853 15359
0.797859 13226
0.797861 20626
0.797873 53563
0.797879 30573
0.797882 16363
0.797898 53537
0.797912 79430
0.79792 57626
0.797954 5712
0.797969 2675
0.797973 96169
0.797976 65040
0.79799 77500
63 121