1 2
390
0.085364 18735
0.085372 52045
0.085376 25272
0.085393 80474
0.085418 79561
0.085424 76725
0.085436 46701
0.085458 76960
0.085465 97301
0.085481 31400
0.085501 24462
0.085507 34505
0.085526 41133
0.085533 54990
0.08556 43324
0.085595 30405
0.085602 44642
0.085615 91913
0.085625 72803
0.085647 18006
0.085662 4008
0.085663 69004
0.085679 99171
0.085687 67141
0.085699 50911
0.085704 55180
0.085714 94773
0.085715 43400
0.085718 20844
0.085736 85792
0.085737 44091
0.085745 83579
0.085761 63533
0.085768 2335
0.08578 4171
0.085802 91718
0.085805 47828
0.085818 53150
0.085824 47130
0.085826 88132
0.085829 66411
0.085832 53948
0.085834 87164
0.085852 79416
0.085859 2472
0.085867 23417
0.08587 27077
0.085875 46335
0.085888 56772
0.085891 51307
0.085957 49340
0.08596 63010
0.08597 77392
0.085984 43992
0.086008 61941
0.086027 37531
0.086039 62100
0.086042 75045
0.086059 7585
0.086059 90532
0.08606 69683
0.086068 39218
0.086101 2885
0.086118 88709
0.08612 71003
0.086124 74667
0.08613 60510
0.08613 85930
0.086146 39772
0.086146 62086
0.086177 23088
0.08619 34158
0.086208 67511
0.086211 100385
0.086226 89036
0.086232 98066
0.086265 54653
0.086284 42579
0.086284 66176
0.086289 45671
0.086294 47156
0.086331 72593
0.086356 12195
0.086362 69534
0.086366 75941
0.086388 53475
0.086403 94103
0.086408 7904
0.086413 56876
0.086415 91334
0.086423 82130
0.086424 52948
0.086424 78482
0.086427 42256
0.086427 71775
0.086443 57715
0.086462 1513
0.086472 7529
0.086475 18990
0.086483 78416
0.0865 22053
0.086502 70608
0.086503 86841
0.086505 19376
0.086505 8732
0.086521 77159
0.086531 41270
0.086539 57214
0.086545 36987
0.086556 16852
0.086562 85871
0.086566 86919
0.08659 66477
0.086593 43842
0.086605 41654
0.086611 32601
0.086658 47629
0.086672 13187
0.086704 75033
0.086714 85526
0.086716 60361
0.08672 46746
0.086743 74708
0.08675 13490
0.086751 90866
0.086777 79069
0.086781 66952
0.086804 17696
0.086811 35558
0.086834 70308
0.086835 93825
0.086842 100801
0.086845 86824
0.086851 34030
0.086857 27575
0.086869 88784
0.086873 69901
0.086909 58513
0.086933 18435
0.086934 86031
0.08697 61595
0.086976 62782
0.087001 53910
0.087012 18923
0.087016 567
0.087038 89274
0.087042 94710
0.08705 95142
0.087064 18523
0.087082 47841
0.087122 38527
0.087129 53149
0.087149 53707
0.087162 87273
0.087163 92850
0.087173 99536
0.087184 58542
0.087189 32127
0.087205 90257
0.087208 47489
0.087217 48768
0.08722 76677
0.087243 98206
0.08727 5686
0.087273 95275
0.087281 2866
0.0873 75859
0.087303 10351
0.087304 52340
0.087326 21097
0.087329 4147
0.087331 78658
0.087334 12164
0.087355 3623
0.087367 75025
0.087369 83243
0.087382 3247
0.087389 43239
0.087393 99441
0.087416 20537
0.087426 79433
0.087439 36335
0.08744 27971
0.087444 68480
0.08745 10620
0.087458 45183
0.087458 95312
0.087482 36801
0.087492 83032
0.087507 66046
0.087509 12574
0.087514 21953
0.087514 74079
0.087527 80834
0.087531 43589
0.087549 34915
0.087556 56042
0.08756 52264
0.087565 63700
0.08757 16186
0.08757 54138
0.087581 40676
0.087582 56516
0.087588 43596
0.087597 28793
0.087604 57091
0.08762 77339
0.087623 76321
0.087628 23329
0.087637 34747
0.087647 50774
0.087651 30996
0.087659 65690
0.08766 69121
0.08767 97035
0.087678 25733
0.087685 100557
0.087688 84597
0.0877 91712
0.087709 13716
0.087721 53831
0.087724 60430
0.087734 65340
0.087754 9869
0.087755 52506
0.087765 72603
0.087767 6790
0.087774 47256
0.087794 22487
0.087801 12598
0.087805 5953
0.087805 67579
0.087812 6539
0.08783 60340
0.087831 19236
0.087847 48639
0.087881 67424
0.087916 45294
0.087921 55083
0.087933 55290
0.087962 58232
0.087965 1703
0.087994 57150
0.087997 82624
0.088029 8217
0.088074 71161
0.088078 90623
0.08808 5820
0.08808 91150
0.088091 61578
0.088102 3136
0.088135 63495
0.088154 12937
0.088154 39637
0.088185 22390
0.088202 5443
0.088243 51728
0.088248 13229
0.088258 7042
0.088267 98291
0.088274 63408
0.088277 3508
0.088278 48710
0.088293 31007
0.088313 64787
0.088352 51507
0.088358 97005
0.088367 33991
0.08838 40509
0.088412 80490
0.088419 66490
0.088421 15835
0.088441 47552
0.088453 35806
0.088454 9308
0.088467 43462
0.088472 4761
0.088475 79991
0.088476 39059
0.088509 63222
0.088526 26877
0.088532 17334
0.08854 41467
0.088543 19895
0.088562 37134
0.088564 3163
0.088581 33573
0.088608 71039
0.088615 65076
0.088631 10533
0.088632 4553
0.088639 414
0.088645 83367
0.088652 2990
0.088661 42475
0.088676 21857
0.088678 21363
0.088679 48577
0.088683 28102
0.088685 34594
0.088691 86637
0.088697 93296
0.08871 72410
0.088711 87548
0.088717 87143
0.088726 89490
0.088728 61884
0.088735 96768
0.088736 97437
0.088773 88627
0.088789 13248
0.088805 51285
0.088805 87209
0.088811 18249
0.088816 28226
0.088817 77271
0.088824 11357
0.088826 83435
0.088829 94247
0.088832 9396
0.088849 91165
0.088864 69831
0.088864 92554
0.088884 23348
0.088888 39433
0.088892 10989
0.088922 85931
0.088925 65418
0.088929 32421
0.088931 482
0.088935 46494
0.088943 8098
0.088951 84581
0.088959 45781
0.088962 80976
0.088975 4235
0.088976 34008
0.088992 29466
0.089003 19364
0.089005 50642
0.08903 41062
0.089031 4857
0.089052 47866
0.089077 22907
0.089086 61703
0.089087 66981
0.08911 95626
0.089119 42065
0.089125 67032
0.089128 58736
0.089128 6815
0.089143 46514
0.089151 6664
0.089153 74156
0.089162 19576
0.089174 6342
0.089174 68298
0.089177 45564
0.089182 81962
0.089188 96162
0.089195 67327
0.0892 1260
0.0892 33502
0.089203 67885
0.089204 30375
0.089209 5322
0.089214 10461
0.089239 96185
0.089252 51628
0.089258 65431
0.089278 31018
0.089289 23829
0.089291 2301
0.089304 88151
0.089324 55102
0.089324 68923
0.08933 25605
0.089337 24363
0.089377 67182
0.089379 55209
0.089379 59076
0.089381 27752
0.089392 54232
0.089392 67411
0.089404 48735
0.089429 100554
0.089439 8121
0.089444 18264
0.089446 25054
0.089453 27740
26 111