1 2
391
0.023354 4481
0.023359 48467
0.023359 56886
0.023365 40845
0.02337 57954
0.023378 46052
0.023379 12383
0.023384 64729
0.023388 21563
0.02339 72149
0.023395 1484
0.023401 30263
0.02341 53704
0.023422 58156
0.023437 4975
0.023441 34674
0.023452 6032
0.023462 57946
0.023467 35415
0.023475 411
0.023483 1190
0.023504 61800
0.023514 57
0.023515 47262
0.02353 89697
0.023536 67708
0.023537 78197
0.023542 23746
0.023552 88376
0.023555 2807
0.023597 46010
0.023605 61134
0.023606 5305
0.023608 4348
0.023625 37864
0.023625 38232
0.023634 60117
0.023636 95248
0.02364 34661
0.023651 16353
0.023652 56382
0.023654 60064
0.023675 51761
0.023683 22531
0.023691 21073
0.023692 43865
0.023697 51721
0.023704 82961
0.023727 98839
0.023735 52946
0.023746 38055
0.023759 95087
0.02378 69156
0.023783 91376
0.023804 23107
0.023862 84485
0.023868 6679
0.023889 26702
0.023921 45906
0.023932 31372
0.023936 8239
0.023955 54462
0.02397 67001
0.023989 25629
0.024002 46428
0.024015 86700
0.02405 34811
0.024054 73322
0.024074 37694
0.024083 52833
0.024083 56055
0.024106 1601
0.02412 61880
0.024121 69699
0.024131 74319
0.024146 33087
0.024148 91495
0.024162 6859
0.024168 59300
0.024205 82555
0.024207 65975
0.024211 53619
0.024212 43894
0.024217 9343
0.024226 54068
0.024228 8631
0.024239 3383
0.024243 11365
0.024245 35286
0.024245 66561
0.024249 96594
0.02425 70120
0.024255 51371
0.024257 4743
0.024263 4342
0.024273 16263
0.024274 54205
0.024278 81898
0.02428 28370
0.02429 39228
0.0243 25872
0.024306 68252
0.024333 76308
0.024345 77042
0.024346 48028
0.024352 89750
0.024366 75451
0.024368 34279
0.024375 91891
0.024381 82895
0.024385 70156
0.024392 25578
0.024397 9439
0.024399 27828
0.024409 63491
0.024415 26414
0.024422 7158
0.024425 94530
0.02443 77322
0.024434 63573
0.024437 24997
0.024452 49514
0.024475 97884
0.024484 93034
0.024498 73138
0.024503 64446
0.024508 94283
0.02452 20880
0.024526 88545
0.024527 74148
0.024536 83224
0.024538 29406
0.02456 46118
0.02457 75092
0.02458 13252
0.02458 57459
0.024588 8073
0.024601 15476
0.024615 52660
0.02462 80229
0.024669 15066
0.024682 3506
0.024689 14347
0.024692 49082
0.024692 96006
0.024709 38366
0.02471 38476
0.024714 15528
0.024714 73067
0.024724 50641
0.024724 51613
0.024729 92550
0.024737 50669
0.024738 6428
0.024747 40189
0.02475 61511
0.024762 91781
0.024773 99113
0.024776 5510
0.024789 76620
0.02479 24148
0.024796 40804
0.024813 55327
0.024821 45926
0.024827 93966
0.024828 64644
0.02483 67857
0.024849 97501
0.024867 74273
0.024878 34874
0.024889 76392
0.024889 80390
0.024893 17144
0.024895 88403
0.024903 3951
0.024934 67871
0.024948 17829
0.02495 97058
0.024962 1295
0.024967 31043
0.024976 62046
0.024978 83083
0.024978 83761
0.024987 33857
0.024997 98177
0.025016 68460
0.025019 17414
0.025031 80367
0.025034 42400
0.025036 55112
0.025049 4962
0.025064 78993
0.025087 38503
0.025089 7012
0.025093 66342
0.025109 2917
0.025115 88674
0.025116 16597
0.025148 85116
0.025168 17791
0.025174 49876
0.025177 5984
0.025195 54977
0.025197 58790
0.025242 67127
0.025251 67407
0.025257 64898
0.025265 70080
0.025276 41943
0.025283 83476
0.025286 31311
0.025323 10906
0.025355 48691
0.025362 94133
0.025376 30588
0.025403 21572
0.025409 27929
0.025418 37796
0.025434 67693
0.025451 42489
0.025482 586
0.025499 77244
0.025512 52036
0.025534 94346
0.025538 69885
0.025553 87265
0.025563 95948
0.025565 11268
0.025567 98832
0.02557 32544
0.02557 9995
0.025592 17501
0.0256 85001
0.025602 38538
0.025604 69477
0.025626 22604
0.025643 93219
0.025652 93359
0.025659 56776
0.025663 30754
0.025673 71999
0.025703 66365
0.025714 71867
0.025728 53063
0.025734 28089
0.025743 28232
0.025743 93177
0.025748 93132
0.025769 81095
0.02579 5518
0.025808 76398
0.025819 73833
0.025839 89282
0.025858 4585
0.025861 86061
0.025866 43957
0.025874 79220
0.025878 91810
0.025895 90096
0.025912 4934
0.025943 30928
0.02595 49474
0.025953 65935
0.02596 35641
0.025986 92741
0.026002 11788
0.026011 51210
0.026017 85414
0.026024 92141
0.026028 56690
0.026055 93709
0.02609 60400
0.026097 64469
0.026114 37146
0.026122 99787
0.026139 40732
0.026139 51286
0.026157 12347
0.026172 66763
0.026215 69675
0.026225 6258
0.026228 29018
0.026228 98233
0.026233 91392
0.026262 16295
0.026266 83995
0.026287 27911
0.026296 91971
0.026298 56128
0.026326 40131
0.026344 28154
0.02635 85135
0.026351 33838
0.026374 31235
0.026415 99412
0.026419 78652
0.026439 65885
0.026479 3896
0.026488 65637
0.026505 56174
0.026513 32890
0.026523 7997
0.02654 90076
0.026555 35431
0.026559 18387
0.026561 4327
0.026563 67515
0.026579 9073
0.026596 52063
0.026599 57327
0.026604 59002
0.02661 80698
0.026615 11883
0.026619 8574
0.026621 69161
0.026664 50625
0.02669 73724
0.026715 74115
0.026716 79212
0.026719 52960
0.02673 55211
0.026754 50872
0.026766 18775
0.026767 9695
0.026795 4309
0.026801 69465
0.026803 587
0.026807 92366
0.026815 56791
0.026829 75875
0.026843 32970
0.026848 3121
0.026852 29027
0.02687 35947
0.026901 30827
0.026936 2432
0.026944 63570
0.026955 44996
0.026963 76212
0.026965 7436
0.026977 41510
0.026977 88846
0.026992 74261
0.027018 14986
0.027021 29006
0.027021 69687
0.027044 40019
0.027055 25349
0.027064 9373
0.027069 42479
0.027078 44848
0.027081 15722
0.027132 60125
0.027133 40639
0.027152 33455
0.027152 69493
0.027202 93181
0.02721 18469
0.027219 12004
0.027234 65605
0.027236 3665
0.027249 98176
0.02725 48772
0.027254 59871
0.027266 84862
0.027273 69678
0.027274 15716
0.027281 89753
0.027287 54660
0.027293 87598
0.027296 64884
0.027301 90553
0.027306 77693
0.027319 21909
0.027341 40708
0.02735 95603
0.027371 34133
0.027383 32807
0.027385 21117
0.027385 53642
0.027387 33089
0.027389 63674
0.027389 67473
0.027401 25056
0.027413 63204
0.027451 8058
0.027462 30903
0.027467 16931
0.027472 66493
0.027479 55897
0.027514 60828
21 105