1 2
406
0.141605 10666
0.141623 1395
0.141627 94565
0.141631 24263
0.141637 45144
0.141641 39746
0.141654 63320
0.141678 20332
0.141681 58725
0.141682 17275
0.141685 100255
0.141685 101255
0.14169 12179
0.141705 95106
0.141708 78084
0.141717 23370
0.141742 90869
0.141755 99903
0.141763 4352
0.141769 80679
0.141769 9102
0.141795 84898
0.141812 44329
0.141817 98278
0.141818 33174
0.141819 74488
0.141825 72239
0.141831 23237
0.141855 32461
0.141866 52442
0.141867 29365
0.141868 981
0.141872 97273
0.141883 40490
0.141887 7507
0.141901 30934
0.141902 4404
0.141909 75069
0.141922 64449
0.141943 76638
0.141965 100056
0.141965 101056
0.141965 102056
0.141971 20795
0.142 258
0.142003 79184
0.14201 70620
0.142013 11642
0.142031 2436
0.142038 80441
0.142053 20183
0.142063 79051
0.142089 45597
0.14209 16704
0.142101 87464
0.142111 80106
0.142115 53747
0.142116 31466
0.142121 53362
0.142134 7668
0.14214 86250
0.142148 30395
0.142153 83765
0.142154 25334
0.142161 92932
0.142164 10605
0.142169 31511
0.142171 19634
0.142221 74424
0.142231 5663
0.142281 35956
0.142281 40235
0.142283 990
0.142293 97052
0.142294 61934
0.142301 13605
0.142301 51144
0.142307 100204
0.142307 101204
0.142311 21246
0.142315 71228
0.142333 7604
0.142342 82954
0.142346 95955
0.142355 84943
0.142378 29954
0.14238 38386
0.142399 59963
0.1424 48454
0.142408 2523
0.142412 19053
0.142422 42316
0.142425 44552
0.142425 7589
0.142431 82698
0.142435 31344
0.142451 83144
0.142478 37380
0.142498 88152
0.142506 90720
0.142511 56475
0.14253 6954
0.142538 80892
0.142545 13537
0.142548 55196
0.142552 42787
0.142559 94466
0.142571 29384
0.142574 56303
0.142587 74309
0.14259 61922
0.142598 49515
0.142615 94784
0.142634 58075
0.142639 39946
0.14267 54965
0.142675 5064
0.142679 21826
0.142687 53152
0.142696 32441
0.1427 40744
0.142702 30088
0.142702 33299
0.142718 75026
0.142738 22963
0.14276 75681
0.14277 55629
0.142771 49050
0.142773 17395
0.142773 30343
0.142785 65854
0.142799 95793
0.142802 36385
0.142806 38913
0.14281 38526
0.142811 58194
0.142819 38123
0.142832 10750
0.142842 10220
0.14285 27494
0.142851 35364
0.142858 80792
0.14286 82642
0.142862 48422
0.142865 56981
0.142865 59268
0.142871 95267
0.142876 10296
0.142885 68882
0.142898 57569
0.1429 6665
0.142915 86731
0.142924 99488
0.142931 62442
0.142944 81216
0.14295 75305
0.14295 87478
0.142951 61730
0.142952 12205
0.142952 39689
0.142952 70199
0.142953 61071
0.142955 77376
0.142964 14911
0.142968 86425
0.142969 86941
0.142971 77872
0.142977 56730
0.142981 94262
0.142984 78160
0.142986 28140
0.142989 77871
0.142997 19898
0.143018 85701
0.143026 33834
0.143031 28414
0.143043 54120
0.143046 97983
0.143054 89715
0.143067 17471
0.143069 88249
0.143072 23263
0.143089 70102
0.143098 19106
0.143115 47298
0.143138 97493
0.143158 32136
0.143158 89884
0.143179 58295
0.14318 23670
0.143188 89405
0.143202 62628
0.143206 99556
0.14321 88605
0.143221 68442
0.143226 93276
0.143237 68858
0.143239 85697
0.14324 79671
0.143244 84036
0.143245 64913
0.143263 2242
0.143276 71614
0.14329 78875
0.143335 2119
0.14334 22449
0.143341 74609
0.143365 87060
0.143369 2006
0.143371 49000
0.143382 27837
0.143383 44031
0.14339 89493
0.143399 47048
0.143404 82280
0.14341 43872
0.143413 70785
0.143425 77143
0.14343 3857
0.143436 82630
0.143464 65171
0.143475 58707
0.143475 82350
0.14348 37553
0.143486 5461
0.143489 87860
0.143509 67465
0.143522 20128
0.143567 66761
0.143589 35254
0.14359 45851
0.1436 26294
0.143603 28783
0.143604 35098
0.143605 72567
0.143611 77032
0.143612 37403
0.143615 11440
0.143615 40152
0.143635 22072
0.143675 33327
0.143683 33655
0.143692 42630
0.143706 92724
0.143711 53907
0.143714 75714
0.143723 32866
0.143723 81132
0.143739 8749
0.14377 22962
0.143773 97553
0.143779 26443
0.143781 29047
0.143786 7001
0.143801 25552
0.143815 75936
0.143816 54529
0.143843 32420
0.143852 51202
0.143866 12147
0.143895 64039
0.143903 69291
0.143915 55880
0.143923 81995
0.143962 87152
0.143963 17236
0.143964 41523
0.143964 44816
0.143965 98329
0.143999 72695
0.144002 77790
0.144003 55284
0.144007 34098
0.14402 81057
0.144023 5784
0.144034 44915
0.144035 51954
0.144035 8648
0.144051 18280
0.144059 20877
0.144064 21391
0.144066 46956
0.144073 31857
0.144088 34816
0.144116 92798
0.144117 68577
0.144119 44905
0.14415 81242
0.144155 8979
0.144181 72280
0.144188 12335
0.144196 11013
0.144204 26265
0.144208 98959
0.144211 84456
0.144213 53270
0.144221 25250
0.144225 81387
0.144235 92946
0.144237 56011
0.144256 97557
0.144266 2888
0.144293 58235
0.144294 42740
0.144297 31266
0.144302 30915
0.144325 67968
0.144331 64491
0.144342 18553
0.144343 11002
0.144344 60709
0.144348 52809
0.144351 66317
0.144375 94671
0.144433 87922
0.144449 65479
0.144486 64497
0.144493 33960
0.144495 78792
0.1445 98250
0.144519 96000
0.144521 12822
0.144532 29908
0.14455 60095
0.144563 57140
0.14458 71107
0.144593 50860
0.144607 27567
0.144622 79234
0.144625 17945
0.144639 83692
0.144646 56966
0.144656 87171
0.144672 42484
0.144672 45014
0.144703 96268
0.144725 11401
0.144732 79138
0.144736 95477
0.144737 30677
0.144765 49753
0.144768 5717
0.144771 6078
0.144784 65838
0.144792 91854
0.144796 49713
0.144798 56072
0.144809 25889
0.144811 97877
0.144815 41243
0.14482 60670
0.144831 27890
0.144838 63314
0.144859 9626
0.144875 75066
0.144889 65525
0.144894 41682
0.144899 48502
0.144915 43569
0.144923 68449
0.144957 31356
0.14496 52018
0.144982 24689
0.145018 68830
0.145035 53038
0.145044 94857
0.145052 33436
0.14506 15437
0.145067 15389
0.145068 56562
0.145068 79438
0.145084 25638
0.145089 76755
0.145096 355
0.145096 97927
0.145099 33715
0.145111 25062
0.145137 16227
0.145153 43898
0.145174 19094
0.145186 56928
0.145186 98884
0.145192 59770
0.145196 94852
0.145202 72762
0.145211 16269
0.145212 82100
0.145213 77674
0.145224 14783
0.14524 65034
0.145253 92674
0.145259 6582
0.145282 76774
0.145291 7275
0.145294 37910
0.14531 81240
0.145313 72334
0.145315 13733
0.145315 27987
0.145317 55445
0.145342 92083
0.145346 76892
0.145359 24819
0.145365 11418
0.145398 75291
0.145409 82256
79 50