1 2
398
0.63633 1109
0.636339 55148
0.63634 94159
0.636356 85769
0.636361 70006
0.636363 96785
0.636368 23351
0.636385 62622
0.636394 10864
0.636396 1390
0.636401 97334
0.636412 51048
0.636442 59721
0.636452 295
0.636454 13224
0.636459 22352
0.63648 20321
0.636494 46016
0.636496 24020
0.636502 39743
0.636514 29262
0.636528 6611
0.636559 56973
0.636579 1207
0.636596 31813
0.636596 58610
0.6366 32541
0.636604 40000
0.636622 39424
0.636629 47526
0.636639 26208
0.636647 24041
0.636662 6861
0.636665 53962
0.636666 13259
0.636666 88147
0.636674 78973
0.636693 67602
0.636705 76778
0.636708 38151
0.636714 58650
0.636717 17079
0.636719 93980
0.636733 83824
0.63675 73863
0.636771 16086
0.636785 65472
0.636795 94104
0.6368 6612
0.636801 94130
0.636823 61343
0.636837 68060
0.636855 48436
0.636856 52393
0.636863 46586
0.636868 95524
0.636876 46776
0.636898 68342
0.636915 41551
0.636957 45440
0.636979 34875
0.636984 54974
0.636987 35855
0.637001 52904
0.637009 27721
0.637029 55980
0.637036 28175
0.637036 9100
0.637051 77703
0.637062 48614
0.637072 90694
0.637094 59444
0.637104 77055
0.637117 24543
0.637133 32929
0.63715 78238
0.637155 16721
0.63716 39564
0.637177 58940
0.637183 79865
0.637185 92937
0.637191 36475
0.637199 57790
0.6372 38316
0.637202 28185
0.637213 78475
0.637223 3110
0.637236 66409
0.637245 10524
0.637258 36844
0.637307 71621
0.637319 49475
0.637323 83603
0.637338 82964
0.63737 28662
0.637378 87037
0.637391 499
0.637393 42304
0.637424 39321
0.637425 93629
0.637426 96477
0.637427 49089
0.637433 15871
0.637456 20111
0.637475 94430
0.637487 68779
0.637497 92061
0.637507 80088
0.637511 74823
0.637535 76056
0.63754 9878
0.637546 18278
0.637569 74119
0.637571 76570
0.637572 80570
0.637573 88271
0.637583 33204
0.637592 61632
0.637601 12096
0.637602 25356
0.637608 71683
0.637609 95631
0.637613 40004
0.637619 82689
0.637625 58806
0.637629 63745
0.637636 46336
0.637642 42397
0.637642 59768
0.637647 15377
0.637647 31949
0.637667 1229
0.637681 53234
0.637686 86361
0.637708 92432
0.63772 90265
0.637758 50617
0.637771 100908
0.637771 101908
0.637774 5739
0.637777 86717
0.63779 41707
0.637796 63090
0.637796 74706
0.637799 7382
0.637809 79949
0.637824 98337
0.637825 57353
0.637846 32083
0.637846 64057
0.637849 81499
0.637864 17361
0.637883 15041
0.637888 82786
0.637912 42681
0.637924 7742
0.637927 27123
0.637933 1473
0.637938 34486
0.637943 64968
0.637956 52803
0.63796 81269
0.637962 15360
0.637978 98110
0.638024 96295
0.638027 32631
0.638027 5642
0.638029 66438
0.638044 1801
0.638051 40394
0.638052 55401
0.638073 51893
0.638076 86200
0.63808 38529
0.638091 16928
0.638105 19692
0.63811 72634
0.638135 14750
0.638144 63417
0.638148 97739
0.638149 83876
0.638181 23238
0.638184 97540
0.638187 51824
0.638204 76479
0.638209 13393
0.638233 80758
0.638239 100027
0.638239 101027
0.638239 102027
0.638254 64774
0.638257 4452
0.638258 10071
0.638264 92155
0.638267 96226
0.638283 75227
0.638297 59163
0.638301 87111
0.638321 48277
0.638322 100548
0.638322 101548
0.638328 88477
0.638328 88517
0.638337 80815
0.638341 64894
0.638348 38097
0.638363 79333
0.638369 26749
0.638383 97041
0.638398 58202
0.638403 79641
0.638413 31493
0.638421 39090
0.638436 65404
0.638458 5693
0.638483 13330
0.638485 24637
0.638491 86535
0.638508 26222
0.638516 73160
0.638524 64502
0.638541 19104
0.638547 64520
0.638572 96638
0.638575 67510
0.638579 30581
0.638583 61549
0.638589 5224
0.638596 61101
0.638603 74188
0.63861 12145
0.63861 48546
0.638617 23013
0.638634 81561
0.638642 39623
0.638645 93815
0.638653 73645
0.638658 43881
0.638661 72229
0.638663 62128
0.638665 29852
0.638671 56463
0.638689 43421
0.638705 36119
0.638706 80562
0.63871 19565
0.638712 7175
0.638717 24910
0.63872 16848
0.638722 31456
0.638746 67902
0.638748 69212
0.638761 91328
0.638766 2694
0.638777 100720
0.638777 101720
0.638779 14281
0.638788 44472
0.638788 56304
0.638802 8002
0.63882 14069
0.638839 48290
0.638856 55033
0.638886 55813
0.6389 59193
0.638911 11951
0.638913 99426
0.638923 73582
0.638927 71531
0.638927 96557
0.63893 40485
0.638935 1049
0.63894 24541
0.63894 51423
0.638943 1399
0.638952 14154
0.638963 34336
0.638968 31257
0.63897 6297
0.638973 51026
0.638978 40121
0.638981 50968
0.638984 70784
0.639009 1685
0.639011 50899
0.639024 78647
0.639027 88706
0.639036 46912
0.639039 98816
0.639041 85180
0.639052 43021
0.639058 69910
0.639064 68735
0.639069 84709
0.639072 85381
0.639092 67077
0.639104 7346
0.639119 88216
0.63914 99241
0.63919 33893
0.639202 38673
0.639203 54765
0.639205 34028
0.639211 73376
0.639215 40793
0.639233 2424
0.63925 54316
0.639274 64771
0.639275 28331
0.639286 69250
0.639297 58290
0.639313 24224
0.639347 46367
0.639348 45269
0.639352 46148
0.639366 81446
0.639369 84271
0.639373 32065
0.639378 79421
0.639383 87997
0.639389 43759
0.639393 91875
0.639398 18240
0.639401 12431
0.639402 24735
0.639418 15665
0.639422 30752
0.639426 78650
0.639432 43537
0.639449 20752
0.639454 19095
0.639457 83890
0.639461 85280
0.639471 80069
0.639482 85197
0.639485 89269
0.639521 30940
0.639524 64328
0.639529 90028
0.639534 46857
0.63954 46872
0.639542 1061
0.639549 63373
0.639554 81447
0.639576 19401
0.639608 70307
0.639617 8075
0.639636 40999
0.639637 12362
0.639647 73530
0.639655 52806
0.639679 46353
0.639693 90507
0.639706 13460
0.63971 94293
0.639718 8200
0.63973 22337
0.639731 71967
0.639736 5067
0.63977 37368
0.639777 47035
0.639791 20317
0.639799 22990
0.639799 68823
0.639802 75960
0.639803 68372
0.639807 23425
0.639813 30450
0.639816 57797
0.639817 85665
0.63982 37045
0.639828 73466
0.639841 29496
0.639851 22618
0.639854 51573
0.639868 263
0.639916 80632
0.639925 46594
0.639945 71312
0.639979 56173
0.639987 47948
0.640002 32956
0.640007 65002
0.640009 73311
0.640022 60297
0.640026 36564
0.640037 50315
0.640041 30624
0.640041 9387
0.640056 26677
0.640059 13156
0.640059 140
0.640094 85793
0.640111 26388
0.640123 51166
0.640124 93304
0.640131 62117
0.640136 84364
98 8