1 2
400
0.433683 15879
0.433698 91094
0.433699 92172
0.433704 8294
0.433713 86816
0.43372 68185
0.433721 70153
0.433754 11397
0.433756 92995
0.43377 43622
0.433773 69838
0.433793 31143
0.433802 85482
0.433812 49755
0.433814 21619
0.433815 24116
0.433818 75742
0.433822 56978
0.433827 49458
0.43383 47343
0.433833 63114
0.433834 52631
0.433837 68433
0.433852 39128
0.433855 70563
0.433861 49905
0.433877 76194
0.433886 3357
0.433898 100089
0.433914 28636
0.433918 54252
0.433931 2597
0.43394 22902
0.433943 54931
0.433961 13159
0.433961 77811
0.433963 59949
0.434021 63469
0.434022 1670
0.434048 78346
0.434059 10304
0.434062 14769
0.4341 80338
0.434101 4351
0.434103 24161
0.434108 17420
0.434122 62929
0.434125 7007
0.434127 34388
0.434134 94933
0.434142 96494
0.43415 73090
0.434155 7933
0.434156 44881
0.434158 40380
0.434166 98683
0.434178 81537
0.434185 11576
0.43421 21575
0.434211 20629
0.434227 32683
0.43423 77887
0.434232 70879
0.434233 37841
0.434246 61921
0.434263 45055
0.434284 2353
0.434284 26024
0.434298 70134
0.434308 51127
0.434328 3545
0.434343 65409
0.434346 21988
0.43435 85778
0.434361 22589
0.434371 24403
0.43439 95191
0.434393 40994
0.4344 25153
0.434407 89204
0.434417 39580
0.434419 71538
0.434421 79955
0.43444 64474
0.434447 12699
0.434452 4888
0.434455 19456
0.434463 72895
0.43448 79244
0.434487 65061
0.434492 54313
0.434499 75514
0.434506 87075
0.434512 70550
0.434531 93554
0.434536 12682
0.434539 52373
0.434541 16362
0.434542 96650
0.434552 74061
0.434584 85141
0.434597 49919
0.434597 75924
0.434599 41807
0.434603 78505
0.434613 85630
0.434616 48019
0.434617 21985
0.434621 1402
0.434633 2181
0.434641 30546
0.434643 82955
0.434644 35308
0.434684 84488
0.434688 39649
0.434693 92248
0.4347 68897
0.434724 2212
0.434737 77361
0.434742 87134
0.434743 8819
0.434762 80053
0.434767 11897
0.434774 72440
0.434779 76384
0.434796 81619
0.434808 10017
0.434829 60957
0.434838 39389
0.434846 8409
0.434848 31746
0.434875 72822
0.434876 80226
0.434877 43200
0.434882 68115
0.434885 69647
0.434896 36363
0.434896 85206
0.434925 85620
0.434929 29264
0.434939 42416
0.434948 23041
0.434973 26111
0.434976 44917
0.43499 53825
0.434998 57860
0.434999 30882
0.435008 34484
0.435037 73898
0.435043 61467
0.435047 71146
0.435049 49426
0.435058 25724
0.43506 14590
0.43506 52891
0.43507 11058
0.43507 13649
0.435106 73198
0.43514 25506
0.435147 33141
0.435179 22367
0.435187 74432
0.435191 56677
0.435198 78353
0.435201 86491
0.435213 91365
0.435218 59073
0.435225 26976
0.435227 11467
0.435244 64907
0.435249 41656
0.43526 76199
0.435267 42031
0.435273 68083
0.435295 74268
0.435301 80413
0.435302 48521
0.435314 43505
0.435315 39083
0.435363 6674
0.435364 21782
0.435385 77120
0.435388 23016
0.435389 84262
0.435391 6661
0.435393 42110
0.435424 14722
0.435424 82178
0.435427 78975
0.435441 50512
0.43546 94553
0.435498 12451
0.435504 7597
0.435537 97657
0.435546 8859
0.435547 25804
0.435567 41202
0.435583 96262
0.435584 69850
0.43559 78011
0.435592 59226
0.4356 14952
0.435618 20398
0.435623 61291
0.435646 6779
0.435666 43538
0.435684 62282
0.435696 69667
0.435707 39712
0.435714 11578
0.435715 23684
0.43572 68536
0.43573 53757
0.435742 91088
0.435744 86170
0.435749 7015
0.43575 49455
0.435751 67584
0.435752 28596
0.43576 9729
0.43578 47010
0.435807 89564
0.435832 88090
0.435841 36108
0.435843 43267
0.435855 92958
0.435857 86598
0.435863 67953
0.435874 28361
0.435877 42912
0.435884 22135
0.435895 10053
0.435898 64255
0.435914 38457
0.435918 96992
0.435959 45219
0.436008 93624
0.436023 42415
0.436027 81047
0.436032 81708
0.436048 32850
0.436068 87870
0.436076 7975
0.436076 90719
0.436089 91178
0.436096 50115
0.436099 8357
0.436104 4993
0.436111 41116
0.436112 83194
0.436133 75113
0.436145 72677
0.436145 76925
0.436145 82523
0.43616 81795
0.436165 10868
0.43617 7580
0.436178 4177
0.436195 57429
0.436203 56510
0.436221 51196
0.436236 46108
0.436237 34
0.436242 70144
0.436245 59197
0.436271 91755
0.436295 7101
0.436298 89899
0.436312 24171
0.436335 83580
0.436342 56869
0.436348 64095
0.436354 15283
0.436357 32224
0.436359 22883
0.436366 61837
0.436378 20422
0.436421 81624
0.436427 64523
0.436439 35982
0.436441 30276
0.436449 25402
0.436454 32893
0.436456 24157
0.436459 71162
0.43646 15692
0.436482 81954
0.436483 26884
0.436486 50069
0.4365 30095
0.436508 9049
0.436509 49529
0.436533 89166
0.436544 1838
0.436553 76215
0.436579 24286
0.436613 46684
0.436624 26061
0.436625 42782
0.43663 47978
0.436637 3190
0.436638 85751
0.436651 58252
0.436656 51345
0.436657 32223
0.436661 74963
0.436671 52990
0.436685 53775
0.436686 33059
0.436704 79549
0.436707 14129
0.436718 22153
0.436726 27349
0.436728 33271
0.436744 78240
0.436766 96950
0.436772 94854
0.436781 5980
0.436784 51439
0.436785 13145
0.436785 73880
0.436787 61018
0.436803 67667
0.436805 4566
0.436806 40049
0.436809 56874
0.436812 73804
0.436815 64736
0.436832 32703
0.436832 76299
0.436836 44541
0.436847 48796
0.436894 43840
0.436907 72977
0.436925 28338
0.436937 57136
0.436948 89435
0.43697 9048
0.436974 59338
0.436983 2008
0.436983 62584
0.436997 97961
0.437007 89311
0.437029 14656
0.437044 53080
0.437056 39238
0.437075 49030
0.437075 93262
0.43709 98119
0.437093 16114
0.437111 81292
0.437129 15672
0.437134 90700
0.437147 57298
0.437153 80359
0.437175 26730
0.437182 19873
0.437182 53823
0.437183 92664
0.437188 46742
0.437211 87072
0.437232 1910
0.437238 46712
0.43724 88561
0.437256 41950
0.437258 25146
0.437259 24749
0.437267 33516
0.437281 81872
0.437323 19342
0.437323 39624
0.437333 29116
0.437367 63709
0.43738 24691
0.437383 96336
0.437389 70461
0.437398 64454
0.437401 91364
0.437424 9516
0.437435 100354
0.437444 98724
0.437451 9987
0.437457 57265
0.437483 14501
0.437485 92368
0.437501 99784
0.437523 83651
0.437527 92075
0.437529 72307
0.437549 56039
0.437574 25047
0.437591 9319
0.437604 55942
0.437606 78153
0.437622 43630
0.437622 77933
0.437625 26025
0.437639 59782
0.43764 39874
0.437648 62324
94 52