1 2
376
0.726202 4791
0.726231 90624
0.726235 3077
0.72624 86517
0.726255 50002
0.726256 12114
0.726264 25052
0.726278 98325
0.726285 48523
0.726287 39175
0.72629 63839
0.726304 80626
0.726322 72059
0.726323 79729
0.726338 97489
0.726342 25607
0.726342 8784
0.726348 13506
0.726349 9772
0.726351 51948
0.726363 36918
0.72637 47504
0.726371 44588
0.726372 27076
0.726383 64769
0.726384 39269
0.72639 20760
0.726401 97847
0.726405 39976
0.726441 4312
0.726452 36896
0.726455 32917
0.726458 20482
0.726463 51839
0.726475 37151
0.726476 38163
0.726483 83422
0.726496 27901
0.726508 51703
0.726518 1262
0.726519 27558
0.726523 62534
0.726536 1505
0.726543 43427
0.726546 31609
0.726549 41820
0.726563 99035
0.726563 99682
0.726566 42533
0.726579 8111
0.726581 3863
0.726594 36986
0.726653 25660
0.72667 66860
0.72668 1937
0.726684 60889
0.726689 84428
0.726722 16573
0.726734 68395
0.726738 64415
0.72675 54184
0.726751 4797
0.726757 7162
0.72676 8387
0.726787 28
0.726791 79626
0.726801 82535
0.726801 93800
0.726807 33492
0.72681 1516
0.72682 35154
0.726825 19766
0.726832 71230
0.726833 25160
0.726833 61603
0.72687 20074
0.726873 82481
0.726875 17129
0.726888 68902
0.726906 75104
0.72692 56322
0.726928 25555
0.726932 38726
0.726938 71046
0.726943 57646
0.726949 98058
0.726951 99315
0.726952 41719
0.726972 13815
0.727026 78955
0.727029 100150
0.727029 101150
0.727037 8591
0.727047 446
0.72706 93290
0.727061 46688
0.727075 73685
0.727093 59796
0.727101 21904
0.727108 78974
0.727118 90884
0.727124 49614
0.727128 82369
0.727136 47198
0.727148 2693
0.727148 69296
0.727158 5811
0.727165 80711
0.727168 68697
0.727174 87730
0.727175 76509
0.727184 30237
0.727187 10413
0.727195 38091
0.727197 56247
0.727201 72516
0.727218 71097
0.727219 51375
0.727232 4891
0.727244 79428
0.727268 97633
0.727297 16513
0.727312 45748
0.727313 12890
0.727319 19930
0.727328 38484
0.727329 28300
0.727329 70395
0.727346 2468
0.72735 61833
0.727363 16538
0.727373 90219
0.727403 79009
0.727419 39975
0.72743 39076
0.727432 62539
0.727461 21828
0.727504 48243
0.727513 80623
0.72752 52970
0.727526 11023
0.727527 74352
0.727546 71723
0.727553 30242
0.727559 33751
0.727588 19463
0.727601 52922
0.727623 60289
0.72763 84031
0.727634 50795
0.727643 98757
0.727644 76341
0.727655 57498
0.727661 82009
0.727664 14221
0.727667 22311
0.727671 65371
0.727699 61284
0.727706 26725
0.727708 80389
0.727724 72698
0.727725 10739
0.727728 64148
0.727733 44057
0.727739 14081
0.727747 91991
0.727761 28458
0.727761 8467
0.727765 85284
0.727774 95983
0.727778 87528
0.727784 38880
0.727787 25876
0.727789 46646
0.727798 78389
0.727807 10263
0.727827 39257
0.727836 16996
0.72784 48522
0.727843 9469
0.727858 72214
0.727861 35477
0.72787 25847
0.727874 16966
0.727875 64587
0.7279 6700
0.727914 83869
0.727916 98362
0.727923 77784
0.727944 97313
0.728003 21618
0.728005 30003
0.728015 42915
0.728021 78808
0.728022 33118
0.728023 40686
0.728026 94736
0.728034 82705
0.728043 42528
0.728047 41747
0.728051 76816
0.728056 42958
0.728059 31757
0.728063 22881
0.728065 19811
0.728089 54259
0.7281 19648
0.728126 84742
0.728136 38597
0.728137 26589
0.728142 1346
0.728148 25112
0.728156 1954
0.728157 67267
0.728159 14850
0.728164 9192
0.728166 30174
0.728174 74004
0.728176 54197
0.728186 100402
0.728186 101402
0.728188 41798
0.728194 15772
0.728197 37684
0.728206 100612
0.728206 101612
0.728215 60099
0.728226 51280
0.728229 84847
0.728232 7147
0.728238 35760
0.72824 17286
0.728247 62643
0.72826 2529
0.728265 51349
0.728266 86866
0.72828 45113
0.728286 58296
0.72829 93951
0.728297 18221
0.728302 5366
0.728314 76802
0.728325 66521
0.728327 56819
0.728346 10861
0.728348 70277
0.72835 16940
0.728355 69005
0.728356 65722
0.728357 17283
0.728363 76242
0.728385 40234
0.728387 13067
0.728392 96894
0.728415 53792
0.728415 90241
0.728418 23343
0.72843 25253
0.72844 64995
0.728446 48878
0.72845 99666
0.728458 53488
0.728459 27312
0.728479 37800
0.728482 87190
0.728514 65313
0.728516 10511
0.728522 62871
0.728531 25311
0.728542 9738
0.728549 29422
0.728569 14654
0.728578 94368
0.728585 50252
0.728616 9133
0.728645 45070
0.728648 31412
0.728665 98428
0.728677 23860
0.728689 8985
0.728706 40634
0.728711 55435
0.728716 67838
0.728752 25576
0.728761 64519
0.728765 94257
0.72877 75752
0.728775 12963
0.728779 20305
0.728787 79942
0.72879 81306
0.728799 53090
0.728802 32384
0.728807 4099
0.72881 34267
0.728816 55048
0.728817 23138
0.728825 85294
0.728854 21184
0.728854 79003
0.728858 25
0.728861 20211
0.728864 243
0.728877 25530
0.728885 30252
0.728894 56796
0.728921 41687
0.728934 75031
0.728958 85207
0.728974 22444
0.72898 97959
0.728999 17265
0.728999 95131
0.729001 6838
0.729004 61870
0.729023 65700
0.729027 8170
0.729036 6309
0.729075 78737
0.729079 39990
0.729083 36322
0.729105 11895
0.72913 68924
0.72918 26791
0.729199 80171
0.729203 48435
0.729213 27629
0.729215 16727
0.729235 62941
0.729249 48358
0.729257 18651
0.72926 92017
0.729264 46835
0.729295 86429
0.729308 95285
0.729345 66681
0.72938 62975
0.729382 60608
0.729386 12583
0.729402 72740
0.729403 14245
0.729414 57316
0.729429 71618
0.729433 57179
0.729446 30123
0.72945 37245
0.729455 94424
0.72946 87524
0.729465 35104
0.729476 12426
0.729479 44351
0.729499 99775
0.729501 88456
0.729507 42710
0.729508 74026
0.729509 30872
0.729544 50611
0.729546 47899
0.729546 76693
0.729546 90045
0.729556 38766
0.729557 14840
0.729562 24968
0.729569 98029
0.729578 2787
0.729586 44399
0.729617 61599
0.729618 73815
0.729618 86415
0.729624 50984
0.729639 67677
0.729648 71347
0.729655 34967
0.729655 67607
0.729658 26808
0.729663 47509
106 27