1 2
383
0.621489 8708
0.621493 80015
0.621499 98564
0.621521 56856
0.621522 50920
0.621523 75062
0.621527 22961
0.621529 71870
0.621541 38627
0.621541 83392
0.621551 81748
0.621553 180
0.621572 607
0.621575 44941
0.621576 55555
0.62158 35203
0.62158 45264
0.621607 76736
0.621609 24063
0.621624 34775
0.621652 106
0.621693 29166
0.621693 32777
0.621701 66394
0.621707 25696
0.621719 47189
0.621733 69056
0.621736 79120
0.621749 89200
0.621753 66299
0.621755 8952
0.621758 94779
0.621768 16487
0.621769 38178
0.621791 19451
0.621799 89063
0.621811 99578
0.62182 98875
0.621835 64752
0.621854 31121
0.621854 60635
0.621868 81303
0.621871 91778
0.621873 67261
0.621877 61671
0.621883 64084
0.621904 83613
0.621939 6015
0.621947 68611
0.621957 58566
0.62197 36991
0.621981 57901
0.621985 64905
0.621995 62003
0.621995 75755
0.622002 7235
0.622005 25947
0.622017 12911
0.622033 82457
0.622042 11279
0.622057 8216
0.622106 100929
0.622112 73254
0.622118 88257
0.622138 27984
0.622149 8727
0.622163 54130
0.622174 13322
0.622187 72957
0.622197 47215
0.6222 52253
0.622201 58118
0.622211 85144
0.622212 33619
0.622221 83189
0.622223 74201
0.622225 95574
0.622236 73213
0.622237 37901
0.622238 59521
0.622246 56769
0.622252 94546
0.622259 20736
0.622259 52337
0.622265 1125
0.622283 38619
0.622285 75925
0.622291 4429
0.622291 66535
0.622327 100211
0.622327 6874
0.622335 16564
0.622339 69489
0.62234 18626
0.622343 75956
0.622343 8068
0.622344 71573
0.622358 81342
0.622363 41488
0.622375 67503
0.622397 33939
0.622401 41902
0.622402 89207
0.622403 42067
0.622413 3708
0.622435 37517
0.622439 21325
0.622451 97717
0.622476 29933
0.622489 56529
0.622493 26178
0.622527 30542
0.62256 60553
0.622575 21768
0.622587 47961
0.62259 10551
0.622611 61234
0.622615 28118
0.622619 26264
0.622638 84302
0.622644 25439
0.622644 8654
0.622671 3126
0.622678 98555
0.622679 97606
0.622682 96314
0.622692 27747
0.622696 60172
0.622697 26432
0.622706 79750
0.622707 74970
0.622716 37198
0.622721 20897
0.622724 36355
0.622726 89959
0.622736 10922
0.622737 99754
0.622739 59169
0.622746 20622
0.622752 31535
0.622767 54664
0.622778 85403
0.622785 36075
0.6228 73970
0.622802 71408
0.622806 81113
0.622811 68117
0.622821 4106
0.622829 87068
0.622837 45537
0.622849 66159
0.622853 23109
0.622855 95762
0.622867 37933
0.622892 35987
0.622892 42983
0.622892 63749
0.622905 48086
0.622913 34770
0.622926 44203
0.622938 66940
0.622942 30092
0.622973 8422
0.622977 46037
0.622986 80867
0.623011 95229
0.62302 37826
0.623022 26674
0.62303 71030
0.623042 3065
0.623052 47313
0.623066 100926
0.623068 16016
0.623074 92057
0.623076 39500
0.623078 74069
0.623099 50308
0.623104 9441
0.623124 88317
0.62313 1019
0.623148 29281
0.623151 84525
0.623153 64388
0.623159 82724
0.623166 72985
0.623169 54428
0.623177 44724
0.623214 23373
0.623219 29171
0.623239 62144
0.623241 23695
0.623266 92237
0.623274 72673
0.62328 73317
0.623285 64652
0.6233 62757
0.623303 20341
0.623316 1572
0.623329 11679
0.623346 91226
0.623365 42733
0.623365 84587
0.62337 2083
0.623373 27862
0.62339 53117
0.623413 99719
0.62343 62072
0.623443 93308
0.623463 8976
0.623465 23887
0.623467 38432
0.62347 35562
0.623471 93251
0.623474 64854
0.623478 61520
0.623491 13973
0.623499 5679
0.623502 478
0.623506 73680
0.623508 56245
0.623509 1297
0.623513 20084
0.623519 55358
0.623527 47831
0.623543 74093
0.623553 11857
0.623572 55869
0.623573 19349
0.623577 16910
0.623591 86623
0.623607 3910
0.623613 36062
0.623619 2044
0.62362 29054
0.623622 56252
0.623638 49094
0.623638 87155
0.623649 36377
0.623666 78908
0.62367 86301
0.623673 77315
0.623677 45670
0.623687 12290
0.623693 40484
0.623705 7796
0.623715 97598
0.623716 53181
0.623719 57995
0.623721 77898
0.623726 16371
0.62373 98357
0.623744 79701
0.623747 16654
0.623752 97946
0.623782 22621
0.623786 37808
0.623793 81341
0.623795 84242
0.623796 84011
0.623798 45418
0.623798 89890
0.623803 25955
0.623838 96602
0.623844 34097
0.623845 32327
0.623859 35736
0.62387 19487
0.623881 2394
0.623898 36519
0.623902 54827
0.623904 49815
0.623909 67093
0.623914 22202
0.623923 42255
0.623924 63339
0.623929 1070
0.623945 82373
0.623947 10796
0.623947 56409
0.623959 49336
0.623961 71464
0.623967 93204
0.623968 97836
0.62397 97738
0.623973 3400
0.623988 3388
0.623989 52760
0.623995 25317
0.623996 38048
0.624008 9461
0.624014 8102
0.624017 5243
0.624019 65820
0.624024 23584
0.624026 21107
0.62403 71173
0.624034 40977
0.624044 22820
0.624049 53696
0.624058 80564
0.624071 7841
0.624079 81317
0.624091 91397
0.624094 66551
0.624107 1245
0.624113 96060
0.624115 77169
0.624123 88412
0.624129 61709
0.624135 61774
0.624137 33105
0.624146 62582
0.624155 71529
0.624158 25681
0.624158 39833
0.62416 49669
0.624161 90983
0.624183 42364
0.624189 56947
0.624206 14529
0.624215 51582
0.624218 53002
0.624234 22816
0.62424 31048
0.624301 97906
0.624309 78865
0.624328 98587
0.624332 19561
0.624346 86916
0.624347 46593
0.624351 17468
0.624376 98150
0.624388 50969
0.624395 86297
0.6244 27440
0.624403 90123
0.624414 30829
0.624433 56491
0.62444 84871
0.624444 81743
0.624447 43410
0.624448 30291
0.624457 92309
0.624459 77475
0.624461 70971
0.624463 7848
0.624466 27375
0.624469 92764
0.624508 21743
0.624509 57884
0.624532 18338
0.624543 11375
0.624549 83385
0.624555 93612
0.624557 29618
0.62456 51294
0.624567 29312
0.62457 61059
0.62458 49806
0.624581 10494
0.624586 92117
0.624616 83530
0.624619 29381
0.62462 16304
0.624625 21426
0.624648 16134
0.62465 34885
0.62466 47559
0.624679 15180
0.62468 41080
0.624709 90867
0.62471 33320
0.624719 76040
0.624771 13680
0.624785 36689
0.624792 65399
0.624793 22396
0.624812 67786
0.624826 64659
0.624835 22370
0.624836 4039
0.62485 81332
0.624853 48902
108 49