1 2
418
0.771365 6011
0.771367 98065
0.771368 38590
0.771371 7478
0.77138 63841
0.771385 76763
0.771386 78925
0.77139 14854
0.771417 96481
0.771418 32782
0.771429 11502
0.771434 37339
0.771441 21655
0.771459 7926
0.771479 71616
0.771481 4551
0.771505 99568
0.77151 24398
0.771518 19360
0.771519 94335
0.771523 46946
0.771529 31942
0.771529 50438
0.771541 99823
0.771548 80922
0.771561 52015
0.771569 82832
0.771581 73823
0.771588 52468
0.77159 74802
0.771599 100700
0.771599 101700
0.771601 57554
0.771601 69200
0.771608 84711
0.771622 84824
0.771662 75446
0.771675 30970
0.771676 69067
0.77168 26067
0.771684 29094
0.771696 11282
0.771701 97490
0.771715 77525
0.771724 2276
0.771737 82265
0.771746 98113
0.771748 90316
0.771788 42718
0.771788 61764
0.771795 27739
0.771795 84359
0.771802 72947
0.77183 41955
0.771839 21176
0.771851 77568
0.771852 98560
0.771853 11148
0.771866 30511
0.771877 6160
0.771885 72298
0.77189 32381
0.771898 2078
0.771898 94528
0.771899 94760
0.771915 40698
0.771926 13663
0.771964 85277
0.771965 52919
0.771969 30420
0.771988 63639
0.771997 13315
0.771997 17865
0.772015 38439
0.772016 56905
0.772027 58547
0.772028 41833
0.772039 59378
0.772047 65376
0.772048 44125
0.772061 27860
0.772086 94697
0.772104 34690
0.772122 44641
0.772133 12066
0.772135 98580
0.772146 86249
0.772183 47808
0.772185 98374
0.772187 11979
0.772192 42860
0.77221 3793
0.772218 94080
0.772279 22598
0.772296 69985
0.772299 26931
0.772319 65680
0.772325 20853
0.772328 62041
0.772333 11136
0.772336 23246
0.772343 63641
0.772345 93239
0.772355 12476
0.772365 80216
0.772367 42976
0.77239 71135
0.772391 18729
0.772401 76239
0.772406 79412
0.772415 94256
0.772432 99519
0.772442 64959
0.772455 48915
0.772455 53725
0.7725 45261
0.772511 83383
0.772524 54676
0.77253 59467
0.772543 1350
0.772552 14756
0.772554 91815
0.772558 100350
0.772558 101350
0.772558 97589
0.772574 4326
0.772578 87035
0.772584 19144
0.772586 24079
0.772592 3600
0.772593 74533
0.772594 6822
0.772599 60065
0.772619 5068
0.77262 704
0.772627 68463
0.772627 95541
0.772637 67281
0.77264 23411
0.772652 30977
0.77266 100756
0.77266 101756
0.772687 49214
0.77271 17716
0.77273 19217
0.77273 75271
0.772738 40508
0.77276 92041
0.772761 2771
0.772766 71498
0.77277 93045
0.772785 69535
0.772801 12219
0.772814 24380
0.772829 24236
0.77283 53167
0.772833 40862
0.772842 51635
0.772845 60124
0.772855 78284
0.772867 56350
0.772873 23448
0.772893 14471
0.772897 52661
0.7729 21905
0.77291 48794
0.772913 63510
0.772915 25710
0.772926 43257
0.772936 65500
0.772941 81811
0.772955 31397
0.772959 7948
0.772978 93883
0.772999 40449
0.773029 47112
0.773038 23952
0.773044 24335
0.77305 88236
0.773056 15117
0.773076 55806
0.773081 15784
0.773081 34745
0.773081 80584
0.773104 68007
0.773108 89471
0.773119 69135
0.773124 46667
0.773127 71340
0.773136 39358
0.773149 41974
0.773159 44790
0.773165 10163
0.7732 73422
0.773202 29894
0.773202 45135
0.773205 21666
0.773224 13078
0.773228 91045
0.773236 3759
0.77325 34223
0.773253 83316
0.773256 22941
0.77326 89441
0.773265 78479
0.773283 92184
0.773303 54998
0.773321 83500
0.773329 75374
0.773337 22667
0.773338 97393
0.773354 18646
0.77338 8310
0.773382 80333
0.773398 96260
0.77341 80182
0.773411 66093
0.773413 87804
0.77343 41963
0.773431 99941
0.773457 56091
0.77346 12363
0.773469 22069
0.773476 97111
0.773482 53427
0.773486 66300
0.773487 92424
0.773503 41580
0.773503 60310
0.773525 64310
0.773535 90638
0.773541 86236
0.773554 36619
0.773554 72934
0.773561 78288
0.773578 87433
0.773581 65527
0.773586 50720
0.773598 59692
0.773599 24908
0.77361 95803
0.773611 61035
0.773616 9069
0.773625 88426
0.773628 12374
0.773628 39715
0.773656 155
0.773656 42285
0.77366 13882
0.773666 90284
0.773673 44649
0.773673 71686
0.773692 66858
0.773694 16992
0.773706 13589
0.773709 80594
0.773712 95372
0.773718 64106
0.773721 87908
0.773732 13218
0.773747 98970
0.773751 84609
0.773753 27838
0.773754 30176
0.773756 48587
0.773762 21104
0.773763 2386
0.773788 10239
0.773804 36992
0.773809 95780
0.773816 72719
0.773833 84910
0.773848 6618
0.773849 7310
0.773851 59830
0.773852 52225
0.773897 93369
0.7739 4045
0.773929 95371
0.773945 23362
0.77395 94088
0.773977 59251
0.773978 76919
0.774001 30138
0.774026 96392
0.774032 25152
0.774054 87726
0.774066 70154
0.77407 60428
0.774077 6007
0.774105 20365
0.77411 85877
0.774115 11644
0.774119 40360
0.774152 4811
0.774187 97442
0.774195 55875
0.774217 18804
0.774235 32306
0.774255 80863
0.774292 25863
0.774298 31891
0.774301 90633
0.774313 55522
0.774317 58268
0.774333 42801
0.774348 18211
0.774352 92662
0.77436 66384
0.774361 88489
0.774381 30703
0.774387 82984
0.774398 50019
0.774401 45981
0.774423 80571
0.774426 58275
0.774446 93599
0.774456 8084
0.77447 10604
0.774481 78349
0.774483 79891
0.774485 53309
0.774504 422
0.774506 41460
0.774508 81266
0.77457 1197
0.77457 25431
0.774574 35370
0.774589 63963
0.774608 18044
0.774614 18113
0.774619 61716
0.774624 34756
0.774644 95035
0.774646 19635
0.774665 17392
0.774666 82362
0.774678 58912
0.774679 50542
0.774683 3557
0.774686 95652
0.774695 94672
0.7747 63762
0.774704 11543
0.774709 94480
0.774727 89301
0.774731 29387
0.774735 79546
0.774743 80646
0.774743 817
0.774746 70111
0.774755 30304
0.774755 76007
0.774783 69962
0.774787 92788
0.774792 18508
0.774801 22767
0.774815 10108
0.774822 80408
0.774823 6447
0.774831 70574
0.774841 58246
0.774846 38040
0.774868 7890
0.774873 85843
0.774887 78309
0.774892 97260
0.774896 36854
0.774905 99978
0.774908 34928
0.77492 16685
0.774938 35319
0.77494 46121
0.774944 31193
0.774947 74884
0.775015 65986
0.775037 98858
0.775041 38319
0.775048 23708
0.775064 83411
0.775067 81978
0.775075 36521
0.775094 24756
0.775103 76301
0.775113 37439
0.775115 4423
0.775119 100689
0.775119 101689
0.775133 6751
0.775141 37945
0.775141 72187
0.775142 50161
0.775162 12246
0.775164 85824
0.775181 23323
0.775181 36401
0.775202 55530
0.775204 85849
0.775213 49176
0.775226 42573
0.775233 71504
0.775269 31860
0.77528 67413
0.775281 76386
0.775291 91221
0.775295 16101
0.775313 73776
0.775342 31955
0.775354 90166
0.775357 9143
0.775365 58067
0.775369 67844
0.775377 95350
0.775384 89046
0.775394 6769
0.775403 57870
0.775409 62280
0.77541 96054
103 57