1 2
387
0.027529 2021
0.027533 52789
0.027539 89577
0.027551 41835
0.027558 62075
0.027561 40283
0.027572 82594
0.027583 4410
0.027584 55866
0.027608 72831
0.027612 8961
0.027623 16675
0.027623 86823
0.027627 19210
0.027638 38364
0.02765 14391
0.027652 73483
0.027656 41565
0.027658 74905
0.027687 60606
0.027706 84169
0.027711 82743
0.027722 43890
0.02775 6039
0.027758 25749
0.027775 65789
0.027802 24933
0.027808 26489
0.027816 53767
0.027835 21113
0.027846 56571
0.02786 69277
0.027883 33757
0.027891 22075
0.027892 37349
0.027905 74655
0.027906 69428
0.027914 10063
0.027932 99102
0.027938 29506
0.027963 49655
0.027963 61551
0.027964 24259
0.027977 74715
0.02798 30179
0.027988 66393
0.028011 2987
0.028026 11730
0.028027 60213
0.028028 17859
0.02803 10093
0.028031 58823
0.028036 73850
0.028044 93141
0.028065 97291
0.028075 54384
0.028081 50360
0.028081 8763
0.028129 45416
0.02813 62934
0.028131 57235
0.028133 35258
0.028145 10303
0.028147 80421
0.02815 88171
0.028154 51211
0.028156 24781
0.028156 75784
0.028169 41311
0.028172 54049
0.028185 95635
0.028186 59494
0.028195 68235
0.028198 35302
0.028199 65027
0.02821 19637
0.02828 17524
0.028296 10729
0.028304 70247
0.028309 59878
0.028313 97816
0.028328 50281
0.028332 29045
0.028334 81599
0.028339 94914
0.028361 30734
0.028368 8421
0.028402 79335
0.028406 58685
0.028408 19708
0.028408 30175
0.028411 55994
0.028413 9964
0.028419 25545
0.028465 69681
0.028467 8152
0.028469 56026
0.028477 45600
0.028496 59428
0.02851 25542
0.028517 7433
0.028519 32860
0.028548 89514
0.028576 98751
0.028578 11811
0.028593 75963
0.028597 78781
0.028605 31478
0.028611 85319
0.028625 9689
0.028628 59248
0.02863 7351
0.028638 46790
0.02865 97570
0.028661 67616
0.028672 89708
0.028674 43156
0.028674 55735
0.028678 99268
0.028695 68197
0.028696 51177
0.028702 37636
0.028706 35907
0.028718 47715
0.028727 68564
0.028728 21564
0.028732 1097
0.028741 34919
0.028744 25447
0.028752 48975
0.028755 30369
0.028756 7631
0.02876 30579
0.028763 76696
0.028803 78478
0.02881 10918
0.028811 5682
0.028823 939
0.028826 75589
0.028853 61736
0.02886 82853
0.028881 63503
0.028893 4368
0.028905 32961
0.028917 93498
0.028923 100410
0.028932 36234
0.028934 7474
0.028941 44672
0.028962 38549
0.028974 35972
0.028977 26543
0.028977 94536
0.028981 90896
0.028992 33517
0.028992 34287
0.029016 724
0.029049 65641
0.029052 40558
0.029072 88167
0.029079 38698
0.029083 16307
0.02909 90286
0.02911 59813
0.029111 70407
0.029113 16218
0.029125 72369
0.029139 2234
0.029139 91427
0.02914 33454
0.029143 30738
0.029164 98586
0.029167 28488
0.029179 91576
0.029184 72809
0.029184 86119
0.029186 54832
0.029216 20498
0.029219 56632
0.02922 20010
0.029233 1750
0.029238 82504
0.029243 27138
0.029292 93227
0.029296 72770
0.0293 67950
0.029311 29287
0.029324 69420
0.029338 62116
0.029341 26611
0.029342 66208
0.029346 1658
0.029371 30731
0.029372 34272
0.029414 64082
0.029419 59618
0.029424 74975
0.029426 70518
0.029434 55297
0.029437 76542
0.029447 13264
0.029478 1716
0.029494 32741
0.029495 44058
0.029496 33575
0.029527 40812
0.029534 33213
0.029539 47317
0.029551 63363
0.029585 33417
0.02959 26536
0.029605 83478
0.029607 86369
0.029628 44823
0.029635 27458
0.029644 35542
0.029668 80170
0.029673 84963
0.02968 71745
0.029686 96048
0.029688 64458
0.029694 48936
0.029701 11668
0.029706 80010
0.029715 8756
0.029717 76260
0.029718 49207
0.029771 45799
0.029777 11092
0.029779 35261
0.02978 32848
0.029813 97586
0.029818 70490
0.029819 76198
0.029822 88826
0.029826 85094
0.029839 62555
0.029845 42650
0.029854 73038
0.029884 13057
0.029886 87348
0.029889 74851
0.02989 21629
0.029903 28850
0.029907 35980
0.029908 67337
0.02992 36013
0.029923 73046
0.029925 67325
0.029929 1303
0.02993 98277
0.029939 43930
0.029945 75710
0.029967 17369
0.029969 98294
0.029974 88604
0.029991 88702
0.030018 90778
0.030024 70249
0.030036 3079
0.030046 20985
0.030048 100824
0.030054 68699
0.030055 36316
0.030073 2493
0.030076 72456
0.03008 50212
0.030083 10264
0.030086 39541
0.030104 8088
0.030127 64249
0.030135 13173
0.03016 60524
0.030181 60219
0.030192 72337
0.030193 52124
0.030196 48176
0.030197 28259
0.030236 3267
0.030242 34791
0.030249 56339
0.030249 60545
0.030259 27704
0.03027 41057
0.030279 79200
0.030298 1525
0.030305 85710
0.030307 48469
0.030321 84388
0.030331 22299
0.03034 54358
0.030352 95666
0.030371 100556
0.030399 39007
0.030406 5600
0.030412 6896
0.030416 22913
0.030429 2500
0.030463 92052
0.030476 33490
0.030479 54616
0.030488 67346
0.030492 19911
0.030501 41499
0.030526 61222
0.030528 773
0.030531 98589
0.030548 2017
0.030552 24143
0.030556 18125
0.030561 15011
0.030583 60842
0.03059 46538
0.030595 56671
0.030616 26407
0.03063 29135
0.030646 65157
0.03066 4756
0.030666 50650
0.030672 57627
0.030687 2814
0.030694 71654
0.030735 41909
0.03074 69311
0.030741 34834
0.03075 84907
0.030773 41475
0.030779 22746
0.030788 22636
0.030795 84196
0.03081 76859
0.030832 65212
0.030841 17983
0.030851 69133
0.030853 59222
0.030857 76244
0.030858 64692
0.030862 7836
0.030902 14683
0.030909 82414
0.030912 2117
0.03092 73385
0.03092 8792
0.030953 40290
0.030954 9756
0.030958 66277
0.03097 62631
0.03097 70761
0.030972 50182
0.030973 12196
0.030988 92716
0.031018 77701
0.031026 58991
0.031031 24575
0.031041 18577
0.031056 59282
0.031056 8605
0.031066 82779
0.031066 87079
0.031067 55578
0.031074 63513
0.03108 68808
0.031084 90602
0.031092 90727
0.03111 79841
0.03112 48434
0.031142 98369
0.031189 42584
0.03121 70451
0.031218 26266
0.031248 16081
0.031253 75000
0.031255 8564
0.031257 75893
0.03126 76444
0.031264 30927
0.031273 24569
0.031291 7561
0.031297 90086
0.031306 23652
0.031324 50084
0.031334 96825
0.031335 76430
0.03134 75882
0.031354 50661
0.031354 86357
0.031363 21492
176 203