1 2
368
0.441378 1547
0.441386 44662
0.441407 93516
0.44141 47473
0.441414 29310
0.441417 38929
0.441428 90439
0.441445 45927
0.44146 69139
0.441464 90477
0.44147 19067
0.441499 82371
0.441515 23190
0.44154 60493
0.441593 82943
0.441597 21133
0.441601 20245
0.441603 19971
0.441615 3866
0.441616 63668
0.44163 96755
0.441644 99566
0.441645 37466
0.441647 70074
0.441651 25661
0.441665 24458
0.44168 91952
0.441698 37396
0.441707 18273
0.441708 26886
0.441725 85374
0.441733 20788
0.441751 76466
0.441759 82439
0.441764 20579
0.44177 95176
0.441774 72713
0.44178 39423
0.441786 1254
0.441798 38995
0.441804 4567
0.441823 61659
0.44183 64260
0.441833 82688
0.441844 62049
0.441884 73829
0.441888 63304
0.441891 52944
0.441893 50555
0.4419 93925
0.441921 92552
0.441932 60159
0.441951 34709
0.441961 98382
0.441964 42944
0.441978 51347
0.441981 25171
0.442003 93913
0.442016 47776
0.442022 74960
0.442026 27819
0.442029 81637
0.442051 19677
0.442052 28467
0.442054 2363
0.442055 26970
0.442103 40338
0.44211 58462
0.442118 49782
0.44212 35452
0.442127 69702
0.442128 97835
0.442146 35789
0.442155 33534
0.442169 38779
0.442187 34824
0.442205 59054
0.442217 7684
0.442217 7779
0.442242 81202
0.442253 63088
0.442259 12903
0.442273 32727
0.442289 61810
0.442293 84885
0.442318 87542
0.442325 29687
0.442328 50585
0.442337 48645
0.442345 93386
0.442352 74341
0.442355 43927
0.44236 60350
0.442362 83944
0.442369 77167
0.44237 13822
0.442378 11974
0.44238 53009
0.442385 7222
0.442391 4547
0.442393 88089
0.442396 10644
0.442404 47757
0.442407 48513
0.442432 46617
0.442449 29126
0.442454 46986
0.442477 15336
0.442506 18475
0.442514 54365
0.442522 1857
0.44253 28221
0.442531 60779
0.442553 77940
0.442564 74167
0.442568 11425
0.442571 99955
0.442581 30039
0.442611 70998
0.442623 83502
0.442632 8772
0.442643 35621
0.442656 21138
0.442667 893
0.442669 54674
0.442669 95905
0.442677 4136
0.442677 49562
0.442692 18621
0.442699 3753
0.442718 52235
0.442748 30679
0.442754 53869
0.442756 1664
0.442758 31570
0.442774 59260
0.442779 22327
0.442803 25970
0.442821 43822
0.442825 52723
0.442826 95242
0.442831 43756
0.442848 76024
0.44285 52102
0.442854 50895
0.442855 78452
0.442859 11205
0.442873 28806
0.442884 29938
0.4429 30482
0.4429 36514
0.4429 53110
0.442906 20059
0.442909 32456
0.442915 57172
0.442918 24972
0.442926 4913
0.442929 67336
0.442956 40486
0.442963 54274
0.442979 80585
0.442998 71361
0.44302 8157
0.443034 26689
0.443038 32845
0.44306 55953
0.443065 49106
0.443074 83523
0.443088 64912
0.443092 64476
0.4431 52734
0.443108 94189
0.44312 97473
0.443141 20981
0.443151 9026
0.443157 65747
0.443176 16244
0.443214 11732
0.443215 3761
0.443237 11726
0.443248 42451
0.44325 100980
0.443255 95223
0.443256 79947
0.443283 68026
0.443292 61866
0.443312 11141
0.443315 64174
0.443316 75162
0.44332 57666
0.443322 14046
0.443326 42079
0.443346 68937
0.443351 22475
0.443353 778
0.443376 14432
0.443384 58624
0.443384 88416
0.443387 40359
0.443392 78767
0.443406 17893
0.443409 67112
0.443429 1796
0.443431 92514
0.443432 63975
0.443436 84457
0.443439 30286
0.443448 59245
0.443474 49694
0.443512 100424
0.443523 76538
0.443545 37821
0.443549 86760
0.443555 1751
0.443564 89809
0.443574 43412
0.443574 46274
0.443578 65096
0.443581 14376
0.443586 18867
0.443602 22581
0.44361 18067
0.443615 61453
0.443631 3352
0.443642 15880
0.443646 48837
0.443652 45138
0.443678 87513
0.443679 33784
0.443681 86154
0.443702 44571
0.443714 22942
0.443736 55547
0.443758 45752
0.443761 37786
0.44377 31416
0.443773 59815
0.443777 94782
0.443781 97377
0.443822 71821
0.443824 35494
0.443825 24358
0.443825 78046
0.443834 45528
0.443845 15116
0.443849 70945
0.443851 83819
0.443853 100582
0.443872 93771
0.443874 59261
0.443875 18566
0.443885 39471
0.44389 52448
0.443896 54823
0.443904 53374
0.443918 52138
0.443923 72848
0.443954 65047
0.443956 29374
0.443959 99231
0.443963 91319
0.44399 31226
0.444014 67830
0.444021 94572
0.444025 49585
0.444029 32403
0.444031 12274
0.444038 60202
0.444048 32201
0.444073 22235
0.444076 2863
0.444088 18196
0.4441 30411
0.444102 29648
0.444109 17828
0.444127 28496
0.444131 48652
0.444139 50238
0.44414 58754
0.44417 57325
0.444186 23666
0.44419 6398
0.444207 11009
0.444211 42463
0.444219 20078
0.444219 67243
0.444265 82282
0.444266 21478
0.444271 82250
0.444278 78490
0.44428 14637
0.44428 65453
0.4443 77809
0.444305 2842
0.444307 24537
0.444311 2219
0.444311 85201
0.444314 76051
0.444316 3210
0.444323 97496
0.44435 47127
0.444352 69406
0.444376 28932
0.444389 98493
0.444399 73457
0.444404 30208
0.444417 87321
0.44442 97873
0.444423 26917
0.444446 55998
0.444467 10451
0.444469 52156
0.444489 80988
0.444506 92084
0.444509 79345
0.44451 1124
0.444512 50282
0.444517 90147
0.444518 76734
0.444529 93211
0.444533 14951
0.444537 66083
0.444538 18423
0.444574 93921
0.444589 22263
0.444613 48117
0.444626 21435
0.444633 80098
0.444641 42942
0.444654 36804
0.444654 41477
0.444698 8453
0.444734 40048
0.444767 5869
0.444778 96379
0.444794 70838
0.444809 100909
0.444817 20524
0.444828 11688
0.444841 26004
0.444856 88165
0.444865 85882
0.444875 67303
0.44488 63124
0.444883 46178
0.444894 12670
0.4449 78437
0.444923 62167
0.444936 68844
0.444938 18518
0.444938 65041
0.444952 10771
0.444955 38904
0.444956 37241
0.444977 29133
0.444984 1849
0.444985 97200
0.444992 86797
0.445002 13337
0.445005 88361
0.445014 95461
0.44503 85570
0.445031 40981
0.445031 53718
0.445037 97954
0.445041 99946
0.445047 72932
0.445058 75229
14 94