1 2
386
0.742236 8375
0.742239 62076
0.742286 41286
0.742297 30526
0.742308 52668
0.742323 89265
0.74233 63539
0.742335 7457
0.742354 17671
0.742364 51877
0.742369 84928
0.742377 54610
0.742388 94973
0.742396 96016
0.742398 48186
0.742399 9628
0.742406 14798
0.742406 28500
0.742423 46934
0.742428 25798
0.742435 50053
0.742453 22765
0.742453 50943
0.742476 100256
0.742476 101256
0.742477 45719
0.7425 65537
0.74251 40672
0.742545 36334
0.742562 12338
0.742563 76348
0.74258 37580
0.742586 28653
0.742588 2822
0.742598 36778
0.742606 49719
0.742611 61028
0.742641 53693
0.742642 73455
0.742647 88407
0.742664 92105
0.742682 88034
0.742695 94893
0.742706 90367
0.742719 22543
0.742729 7900
0.742732 74323
0.74274 100769
0.74274 101769
0.74275 61063
0.742757 71365
0.742758 47151
0.742765 17919
0.742771 66210
0.742775 44970
0.742776 98105
0.742783 3853
0.742783 51410
0.742808 26154
0.742852 49897
0.742854 96478
0.74286 76785
0.742861 6497
0.742877 47837
0.742889 73867
0.742925 64023
0.742931 76270
0.742942 35155
0.742942 88775
0.742946 25226
0.74295 22308
0.74295 80270
0.742959 25518
0.74296 22757
0.742961 20044
0.742972 77206
0.742972 96474
0.74298 86570
0.742981 30697
0.742982 27600
0.743001 10218
0.743008 98703
0.74302 7136
0.743022 43296
0.74304 74526
0.743051 15549
0.743052 8193
0.743097 75670
0.743107 42544
0.743112 199
0.74313 91459
0.743137 66983
0.743173 47619
0.743176 32121
0.743186 79446
0.743217 45792
0.743235 54257
0.743241 22662
0.743253 72151
0.743266 93587
0.743277 82572
0.743293 19781
0.743296 46093
0.743319 49727
0.743324 79247
0.743331 7010
0.743348 64422
0.743357 100274
0.743357 101274
0.743368 49685
0.74337 12029
0.743374 27634
0.743378 68014
0.743383 25180
0.743387 61255
0.743393 88155
0.743394 71268
0.743404 61689
0.743407 44190
0.743424 40280
0.743428 71604
0.743431 96137
0.743437 23562
0.743451 81247
0.743478 12798
0.743481 76879
0.743491 56345
0.743504 33220
0.743505 602
0.743519 42571
0.743542 18707
0.743542 61006
0.743554 21708
0.743579 59861
0.743593 99007
0.743601 3630
0.743621 68772
0.743623 36263
0.743624 29900
0.743628 94613
0.74363 31029
0.743633 95585
0.743635 67408
0.743636 33286
0.743644 73638
0.743664 81603
0.743671 100253
0.743671 101253
0.743676 70113
0.743702 19762
0.743703 18658
0.743707 68826
0.743712 28162
0.743718 834
0.743744 89935
0.743745 36841
0.743745 61681
0.743756 20468
0.743786 52802
0.743788 4276
0.743799 21549
0.743811 57116
0.743826 4843
0.743831 70544
0.743834 57558
0.743834 87691
0.743868 41584
0.743873 9903
0.743875 49851
0.743883 29760
0.743909 72135
0.743915 33284
0.743929 51219
0.743932 85359
0.743933 72254
0.74395 54485
0.743958 47135
0.74396 81977
0.74397 36029
0.743974 83973
0.743978 41228
0.743987 59904
0.743995 87745
0.743997 99229
0.743999 65145
0.744005 5180
0.744013 65285
0.744014 3045
0.744019 63154
0.744035 54450
0.744038 12997
0.744051 37332
0.744057 21521
0.744061 70162
0.744064 89398
0.744066 36144
0.744122 9688
0.744123 58850
0.744125 81685
0.744144 30805
0.74417 28026
0.744178 98940
0.744184 67075
0.744189 13247
0.744194 36819
0.744199 29119
0.744199 85624
0.744208 26911
0.744208 29175
0.744233 24362
0.744239 6872
0.744249 76952
0.744256 12447
0.744266 97471
0.744277 88445
0.744291 20003
0.744309 27726
0.744318 28225
0.744318 43026
0.744322 60698
0.744325 8311
0.744336 33196
0.74435 16587
0.744356 76760
0.744368 23143
0.744377 2283
0.744381 30746
0.744384 36199
0.744389 27655
0.744403 10895
0.744403 57588
0.744404 77976
0.744404 77998
0.744407 11348
0.744434 81046
0.744439 77532
0.744445 63259
0.744452 19247
0.74446 53881
0.744465 95907
0.744483 44467
0.74449 62772
0.744495 14287
0.744498 99399
0.7445 55935
0.74451 70919
0.744533 59691
0.744543 72119
0.744555 35011
0.744562 67078
0.744578 53303
0.744608 38496
0.744624 69781
0.744626 95002
0.74463 99826
0.744652 70392
0.744653 44209
0.744677 80884
0.744689 25974
0.74469 19643
0.744699 63267
0.744718 73521
0.744731 61515
0.744733 18839
0.744747 40653
0.744759 12920
0.74476 34095
0.744774 6376
0.74478 85677
0.744784 49834
0.744797 42474
0.74481 30
0.744812 91764
0.744835 66764
0.744846 41110
0.74486 38152
0.744861 47207
0.744873 90580
0.744875 75112
0.744882 92193
0.744887 96631
0.74489 44699
0.744905 48048
0.744948 30382
0.744965 34218
0.744983 24425
0.744993 87848
0.745028 81669
0.745066 61175
0.74508 4160
0.745088 28820
0.745098 43193
0.745101 69727
0.745117 24329
0.745122 8659
0.745122 9171
0.745132 100753
0.745132 101753
0.745163 28173
0.745182 75739
0.745182 77391
0.745196 47161
0.7452 12399
0.745207 43003
0.745214 17682
0.745225 67466
0.745237 28733
0.745263 3064
0.745267 25687
0.745272 25030
0.745274 90582
0.745279 65922
0.745294 4183
0.745297 96337
0.745304 18037
0.745319 80355
0.745326 42225
0.745336 46120
0.745348 29002
0.745348 73947
0.745353 1116
0.745356 47717
0.745357 78774
0.745383 35837
0.745384 65948
0.745398 69105
0.745401 43540
0.745405 24124
0.745432 24703
0.745457 56643
0.745465 49037
0.745467 38270
0.745467 75534
0.745471 4418
0.745481 100737
0.745481 101737
0.745481 60948
0.745512 80246
0.74552 18601
0.745527 43696
0.745528 14964
0.745555 68632
0.745556 48657
0.745585 70580
0.745587 88406
0.745589 57537
0.7456 23784
0.745601 64427
0.745615 56596
0.745619 31052
0.745625 64743
0.74563 9346
0.745669 17795
0.745673 37643
0.745682 84358
0.745713 53734
0.74572 98552
0.745725 89858
0.745732 65327
0.745735 92896
0.745754 67231
0.745759 29805
0.745761 38008
0.74577 6026
0.745778 60317
0.74578 7660
0.745783 22875
0.745793 4491
0.745795 17434
0.745823 67999
0.745855 75888
0.745858 68938
0.745862 88124
0.745873 71661
0.745888 3128
0.745894 96796
0.745911 23495
0.74592 97141
0.745926 98495
0.745938 55733
0.745941 59694
0.745957 7407
0.745958 61479
0.745962 97698
0.745971 28911
0.745973 70356
118 55