1 2
375
0.069906 23270
0.069915 35030
0.069917 60463
0.069924 27474
0.069928 90130
0.069944 22534
0.069948 78583
0.069949 64213
0.069951 45976
0.069951 47553
0.069961 74683
0.069962 38260
0.069963 10
0.069965 32339
0.069965 64295
0.069984 44093
0.069986 11633
0.06999 93728
0.069998 81171
0.070022 77774
0.070024 33057
0.070031 26306
0.070031 69235
0.070035 84153
0.070037 28560
0.070044 26910
0.070074 74467
0.070083 44264
0.070083 61272
0.070098 44338
0.070111 55837
0.070111 72312
0.070113 51409
0.070114 32830
0.070119 53586
0.070129 21142
0.070134 60195
0.07014 91404
0.070148 38810
0.070179 91833
0.070203 48452
0.070209 21707
0.07022 76909
0.070232 13007
0.070233 70561
0.070256 30449
0.070272 51617
0.070283 86438
0.070292 8288
0.070294 30016
0.070315 1320
0.070323 68788
0.070324 16417
0.070324 64762
0.070328 90273
0.070335 64265
0.070346 41766
0.070353 34372
0.070375 15915
0.070378 66439
0.070384 49828
0.070386 91450
0.070391 61150
0.070396 76142
0.070407 55981
0.070414 56227
0.070414 87357
0.070417 99873
0.070425 26822
0.070432 26399
0.07045 41517
0.070453 16522
0.070455 36375
0.070465 52312
0.070484 31023
0.070495 90363
0.070514 7603
0.070515 7670
0.070517 69786
0.070518 79168
0.070519 11637
0.07054 60974
0.070546 26242
0.07055 60245
0.070553 46246
0.070568 26268
0.07058 23422
0.070582 45187
0.070588 8513
0.070589 34512
0.070592 61254
0.070596 4948
0.070596 6028
0.070611 90407
0.070649 50601
0.07066 5257
0.070662 58206
0.070679 54505
0.070682 95434
0.070699 81703
0.070712 9870
0.070719 17419
0.070722 76121
0.070761 3935
0.070772 69454
0.0708 77326
0.070822 477
0.070827 56862
0.070828 15037
0.070833 73165
0.070835 85436
0.070852 17703
0.070859 4447
0.070864 90892
0.070865 59659
0.07087 30810
0.070885 91076
0.070901 61559
0.070921 71965
0.070922 81135
0.070934 95994
0.070947 97941
0.070972 7547
0.07098 33896
0.070982 56873
0.070992 32781
0.070995 14170
0.071 5026
0.071006 25191
0.071009 31239
0.071009 57174
0.071012 83896
0.071031 79281
0.071033 94275
0.071034 12749
0.071052 4306
0.071053 78840
0.071057 22203
0.071058 37919
0.071061 67798
0.071074 20038
0.071097 12460
0.071101 25155
0.071102 7821
0.07111 93615
0.071129 25149
0.071129 36492
0.071141 50309
0.071151 52780
0.071161 88323
0.07117 30125
0.071175 93010
0.071175 9821
0.071176 92407
0.07118 46757
0.071181 53542
0.071182 32725
0.071189 56231
0.071193 40434
0.071198 93795
0.071199 37787
0.071207 67187
0.071212 59747
0.071216 29016
0.071223 27265
0.071231 51215
0.071237 25556
0.071253 98526
0.071263 76311
0.071268 39759
0.0713 34636
0.07131 68965
0.071313 33658
0.071325 34506
0.071332 62451
0.07134 61749
0.071352 19661
0.071356 67978
0.071362 36508
0.071364 69219
0.071366 8123
0.071367 45460
0.071381 78052
0.071387 4084
0.07139 63359
0.071417 85248
0.071418 59965
0.071439 51330
0.071455 52087
0.07147 70809
0.07152 16904
0.071534 64210
0.071541 47773
0.071552 69258
0.071554 91704
0.071564 13985
0.071595 20097
0.071604 28400
0.071617 39855
0.071654 51884
0.071658 48914
0.071663 30499
0.071688 64269
0.071692 32939
0.071696 28556
0.071704 35528
0.07171 92923
0.071719 30943
0.071724 54680
0.07173 67524
0.07174 62243
0.071755 58007
0.071763 11982
0.071767 85870
0.071782 85175
0.071791 43895
0.071796 27541
0.071799 46410
0.071818 50347
0.071833 7929
0.071836 21897
0.071837 52027
0.071854 39918
0.07186 19180
0.071868 65813
0.071885 59046
0.0719 80991
0.071908 68018
0.071914 5057
0.071947 29625
0.071956 31357
0.071979 26444
0.071982 64864
0.071984 68963
0.072003 85446
0.072009 46516
0.072009 73025
0.07202 39159
0.072028 55715
0.072032 90755
0.072056 84151
0.072068 35532
0.072076 31289
0.072076 92251
0.072083 71829
0.072096 50871
0.072098 60640
0.072098 76053
0.072106 87371
0.072115 47698
0.072126 42519
0.072127 92732
0.072132 26718
0.072133 54122
0.072148 94629
0.072159 86884
0.07216 49154
0.072179 40024
0.072187 68728
0.072211 23851
0.072216 67852
0.072228 19912
0.072247 89554
0.072258 13829
0.072261 49764
0.072261 63132
0.072262 94820
0.07228 15684
0.072294 84740
0.072318 25459
0.072321 89289
0.07233 90799
0.072333 44961
0.07234 23985
0.07234 81222
0.072344 37908
0.072354 19061
0.072368 77921
0.07237 29909
0.072375 13801
0.072375 14334
0.072377 73445
0.072379 25522
0.072388 31489
0.072411 93192
0.072428 40859
0.072435 45690
0.072452 39075
0.072489 99223
0.072492 85645
0.072496 73606
0.072496 84536
0.072499 48128
0.0725 27091
0.072526 44288
0.072528 86519
0.072541 40122
0.072556 11027
0.072567 21049
0.072583 1427
0.072585 30587
0.072593 12546
0.072596 26148
0.072603 42725
0.072603 65366
0.072614 67399
0.072614 72535
0.072618 39594
0.072634 47397
0.072647 16506
0.072655 19807
0.072682 62870
0.072688 46642
0.072689 66962
0.072694 38288
0.072695 26337
0.072698 38294
0.072706 18645
0.072709 85202
0.072734 95451
0.072747 74701
0.072754 32981
0.072774 99080
0.072797 22824
0.0728 99049
0.072821 60554
0.072832 96431
0.072837 24274
0.072842 78486
0.072845 52686
0.072846 76046
0.072859 80522
0.07289 56063
0.072907 78379
0.072913 1735
0.072956 14982
0.072994 32764
0.072997 92112
0.07301 69629
0.073016 51461
0.073022 2281
0.073025 78614
0.07303 16925
0.073037 51303
0.073057 20184
0.073098 95388
0.073105 35105
0.073106 79651
0.073111 52361
0.073115 46035
0.073117 23868
0.07312 5338
0.073121 52982
0.073177 38084
0.073185 88690
0.073197 21671
0.0732 41472
0.073214 93926
0.073216 38568
0.073219 27886
0.073221 96208
0.073228 37185
0.073233 47785
0.073243 88589
0.073248 71309
0.07327 67549
0.073272 69472
0.073313 8764
0.07333 76067
0.073357 90971
0.073367 53598
0.073383 98186
0.073391 45775
0.073395 80155
0.073402 12575
61 119