1 2
390
0.507115 11194
0.507115 90903
0.507131 31304
0.507141 40939
0.50715 71912
0.507152 59728
0.507164 50363
0.507167 75278
0.507191 69421
0.507222 93040
0.507231 29636
0.507231 87261
0.507238 96730
0.507244 33915
0.507266 12232
0.507266 15286
0.507287 46984
0.507292 38050
0.507297 29370
0.50731 74584
0.507311 98749
0.507319 69991
0.507325 4594
0.507329 55264
0.507336 57532
0.507338 14933
0.507393 28687
0.507397 19192
0.507399 74154
0.507404 45470
0.507411 62382
0.507417 41217
0.507421 44452
0.507425 98082
0.507441 88306
0.507462 63905
0.507467 42909
0.50747 92096
0.507477 15380
0.507486 52968
0.507496 58753
0.507497 90296
0.507501 65121
0.507516 49502
0.507528 81565
0.507535 46419
0.507535 86058
0.507537 7037
0.507589 41868
0.5076 70797
0.507605 28703
0.50764 1851
0.507652 61259
0.507654 39308
0.507699 94226
0.507706 84027
0.507722 53933
0.507722 8017
0.507726 39999
0.507747 40802
0.507758 26856
0.507761 35858
0.507775 100183
0.507779 48886
0.507781 83302
0.507782 85509
0.507787 45366
0.507795 88207
0.507798 79958
0.507799 71029
0.507821 67249
0.507839 12243
0.507868 37730
0.507872 29950
0.50789 7191
0.507901 100685
0.507913 96113
0.507921 28525
0.50793 12277
0.507955 58027
0.507958 32255
0.507963 13274
0.507993 9566
0.508008 44109
0.508017 98543
0.508053 53452
0.50806 14098
0.508081 90026
0.508095 18072
0.508115 75403
0.508117 95520
0.508124 87688
0.508128 2919
0.508142 32407
0.508151 83680
0.508175 17683
0.508177 15686
0.508192 56547
0.508201 24213
0.508207 43690
0.50821 50666
0.508261 91314
0.508277 45704
0.508282 72287
0.508285 41931
0.50829 14123
0.5083 15491
0.508312 47274
0.508322 15448
0.508327 10174
0.508334 71293
0.508343 72846
0.50835 86931
0.508355 56501
0.508374 79359
0.508376 51381
0.508411 68876
0.508419 89126
0.508477 38862
0.508479 32176
0.50851 73086
0.508515 99430
0.50852 25592
0.508527 322
0.508535 18058
0.508546 5356
0.508562 14996
0.508577 67048
0.508579 27146
0.508592 52216
0.508603 67301
0.508605 22084
0.508608 98818
0.50861 97167
0.508615 27197
0.508619 17920
0.508623 41858
0.508636 7154
0.508657 34112
0.508664 88993
0.50867 10817
0.508671 64622
0.508676 57256
0.508685 32144
0.508731 17586
0.508733 74305
0.50875 83681
0.508758 20685
0.50876 1791
0.508763 87817
0.508767 2059
0.508788 36456
0.5088 38186
0.508808 25042
0.508812 43971
0.508818 88638
0.508837 84787
0.508839 9736
0.508876 69026
0.50889 83504
0.50889 8765
0.508893 29235
0.508897 48430
0.5089 47058
0.508901 56470
0.50891 91614
0.508913 31920
0.508921 60169
0.508938 3469
0.508939 55399
0.508958 81527
0.508963 30474
0.508975 21626
0.50899 34683
0.509001 97615
0.509016 4927
0.509031 4940
0.509056 30772
0.509066 49580
0.50907 78265
0.509076 19202
0.509088 22177
0.509093 84675
0.50911 73964
0.509131 43793
0.50915 92915
0.509152 12403
0.509157 68462
0.509169 32275
0.509198 74340
0.509203 96156
0.509221 75894
0.509223 52605
0.509228 86728
0.50926 29819
0.50926 45764
0.509264 24678
0.509268 66471
0.509277 18442
0.509282 3432
0.509293 33185
0.509293 93356
0.509308 54233
0.509315 53404
0.509317 27080
0.509317 60249
0.509326 57683
0.509329 21102
0.509336 60712
0.50936 67147
0.509367 73345
0.50938 57859
0.509383 10976
0.509407 14813
0.509415 97913
0.509418 77886
0.509424 36746
0.509425 73057
0.509463 7399
0.509469 67783
0.509481 36480
0.509486 56080
0.509491 19307
0.509495 25125
0.509499 67736
0.509501 58913
0.509509 62485
0.509512 67176
0.509519 8108
0.509525 65037
0.509526 68247
0.509534 83352
0.509545 17633
0.509562 76751
0.509563 10799
0.509572 15778
0.509572 29080
0.509589 85918
0.50959 30121
0.509595 67955
0.509601 66014
0.509607 35087
0.509626 87363
0.509636 31675
0.509637 85853
0.509639 73437
0.509643 58831
0.509653 8950
0.509659 64127
0.50966 61574
0.50969 81027
0.509704 12093
0.509709 89518
0.509721 75685
0.509725 63069
0.50973 49080
0.509731 13448
0.509756 63628
0.509781 86024
0.509783 50831
0.509793 59533
0.509794 5153
0.509797 97960
0.509808 89869
0.509819 27461
0.509821 88613
0.509823 18176
0.509829 97050
0.509861 20120
0.509868 89643
0.509873 83527
0.50988 23724
0.509882 42232
0.509883 25595
0.5099 56408
0.509907 27019
0.509915 94626
0.509926 12550
0.509952 28809
0.510005 66634
0.510009 86309
0.510024 12507
0.510035 56685
0.510036 11343
0.510042 25768
0.510055 44670
0.510068 94406
0.51007 21317
0.510099 14643
0.5101 15059
0.510101 31661
0.510117 16166
0.510124 96889
0.510128 96451
0.510144 78689
0.510145 79134
0.510164 77794
0.510165 51716
0.510166 77941
0.510175 66095
0.51018 6712
0.510185 32432
0.510211 5340
0.510211 84665
0.510212 53868
0.510225 88058
0.51023 28287
0.510238 87952
0.510244 11790
0.510249 1901
0.510261 91685
0.510272 84073
0.510288 48598
0.510297 72103
0.510298 12784
0.510299 52073
0.510301 6046
0.510303 98738
0.510307 45591
0.510328 89076
0.510328 9673
0.510345 74085
0.510358 98837
0.510371 74187
0.510389 14907
0.510417 45445
0.510426 85463
0.510437 72001
0.510444 47185
0.510448 24849
0.510463 67814
0.510502 24823
0.510502 87427
0.510518 70589
0.510534 26027
0.510539 27327
0.510549 27892
0.510563 54364
0.510567 49327
0.510578 95743
0.510586 38264
0.510601 7898
0.510613 92097
0.510623 70978
0.510634 32379
0.510653 28655
0.510668 99207
0.510672 71263
0.510677 62298
0.510708 93236
0.510713 62426
0.510714 91069
0.510725 11571
0.510736 92443
0.51077 2923
0.510784 100513
0.510787 1802
0.510789 44276
0.510789 89574
0.510804 62946
0.510811 90981
0.510824 45110
0.510826 33616
0.510846 96681
0.510855 38109
0.51086 50166
0.510869 92979
0.510878 14995
0.510892 33654
0.510893 52137
0.510896 95528
0.5109 37318
0.510901 62090
0.510906 45485
0.510909 57017
0.510916 97043
0.510924 348
0.510941 89163
0.510942 13333
0.510958 6903
0.510962 26475
0.51098 94416
0.510986 82375
0.511004 58
0.511005 33357
0.511007 39369
0.511023 1278
0.511033 20083
0.511043 51601
0.511045 25684
1 88