1 2
382
0.007216 31754
0.007223 17693
0.007234 99460
0.007235 8451
0.007247 76957
0.007249 83208
0.007252 13011
0.007269 28408
0.007278 70660
0.007279 66989
0.007281 24855
0.007287 78587
0.007296 43691
0.007301 41222
0.007325 21524
0.00736 22035
0.007387 34829
0.007398 48412
0.0074 97545
0.007421 32713
0.007431 24404
0.007437 76594
0.007443 52706
0.007448 18399
0.007453 92982
0.007467 55932
0.007469 16631
0.007509 78370
0.007512 98639
0.007514 14048
0.007534 15584
0.00754 35478
0.007549 94972
0.007555 10179
0.007572 24378
0.007574 1036
0.0076 34264
0.007603 29055
0.007618 99561
0.00763 12073
0.007638 21473
0.007643 68958
0.007645 56103
0.007648 46104
0.007679 52892
0.007681 59788
0.007695 68685
0.007703 39621
0.00771 3258
0.007711 79616
0.007721 31501
0.007722 56384
0.007727 31762
0.007743 10862
0.007754 24351
0.007761 30072
0.007774 76470
0.007789 100995
0.007789 101995
0.007791 97814
0.007815 66374
0.007822 37757
0.007825 45657
0.007835 88260
0.00784 6845
0.007848 40197
0.007855 43719
0.007885 30693
0.007901 4900
0.007921 33319
0.007921 33849
0.007926 77012
0.007934 11944
0.007937 67976
0.00794 15899
0.007946 61669
0.007964 5230
0.007969 42652
0.00798 14765
0.007982 77027
0.007988 63054
0.007993 38158
0.007999 13444
0.008011 77919
0.008015 76889
0.008023 80244
0.008023 82989
0.008032 62636
0.00805 75323
0.00807 96166
0.008071 23398
0.00808 93127
0.008082 11077
0.00809 20082
0.008102 47342
0.008102 73041
0.008115 39650
0.008118 84022
0.008124 79951
0.008125 69377
0.008129 12056
0.008134 4413
0.008138 41701
0.008163 92772
0.008174 85007
0.008195 76057
0.008207 23322
0.008211 71947
0.008212 52753
0.008212 57468
0.008215 94740
0.008229 14122
0.00823 29082
0.008239 32945
0.00826 96212
0.008271 50658
0.008276 51818
0.00828 70289
0.008317 21431
0.008356 2709
0.008361 19277
0.008368 47450
0.008376 3535
0.008377 26089
0.008386 55588
0.008398 73590
0.008403 55145
0.008427 30498
0.008428 33289
0.008476 31217
0.008495 79684
0.008497 62189
0.008519 51149
0.008541 22314
0.008569 82191
0.008582 78691
0.008597 33499
0.008617 59924
0.008618 38435
0.00863 27107
0.008641 44193
0.008645 10265
0.008658 85869
0.008658 91145
0.00866 59479
0.008676 57721
0.008677 61224
0.008687 45161
0.008693 24572
0.008714 12017
0.008717 24463
0.008722 26733
0.008726 68341
0.008741 64059
0.008747 15511
0.008751 72163
0.008752 93948
0.008761 98439
0.008785 74712
0.008786 73089
0.008802 98954
0.008824 13246
0.008825 15000
0.008834 35186
0.008838 52717
0.008838 91886
0.00884 10625
0.008844 4688
0.00885 9737
0.008853 42052
0.008855 42655
0.008857 18344
0.008857 22637
0.008873 23399
0.008873 59240
0.008878 34654
0.008893 25748
0.008894 2141
0.0089 33495
0.008905 31610
0.008911 38735
0.00892 46916
0.008922 57929
0.008924 4077
0.008925 16303
0.008925 38998
0.008935 77029
0.008962 46579
0.008969 88037
0.009002 43468
0.009016 67784
0.009026 16661
0.009027 40046
0.009044 80704
0.009046 50709
0.009063 10312
0.009067 89716
0.009069 19457
0.009069 46628
0.009077 41562
0.009089 20840
0.009106 61397
0.009116 70941
0.009146 3527
0.009149 15344
0.009149 80406
0.009177 44064
0.00918 41914
0.009209 64732
0.009217 88356
0.009265 19050
0.009268 57630
0.00927 98677
0.009273 42889
0.009274 50797
0.009278 25302
0.009283 52698
0.009288 89106
0.009291 100551
0.009291 101551
0.009312 42822
0.009314 44801
0.009317 69316
0.009323 23415
0.009332 90437
0.009341 7686
0.00935 63997
0.009363 11437
0.009373 54127
0.009374 52496
0.009379 89262
0.00938 18970
0.009401 9280
0.009403 79169
0.009405 42759
0.009415 78543
0.009417 57641
0.009424 66589
0.009426 90855
0.009429 19129
0.009451 79946
0.009454 28317
0.009455 63688
0.009473 62792
0.00949 89335
0.009501 77421
0.009504 58554
0.009505 16445
0.009505 58406
0.009507 69981
0.00951 69456
0.009512 72538
0.009544 45761
0.009549 73186
0.009556 29545
0.009569 47431
0.009575 12986
0.009595 11491
0.009612 3262
0.00962 14912
0.009623 56217
0.009647 73603
0.009654 40949
0.009682 30566
0.009689 1564
0.009692 40044
0.009694 52618
0.009697 76921
0.009712 95913
0.009714 89353
0.009718 33693
0.009719 40008
0.009728 41853
0.009733 93585
0.009735 76872
0.009744 66913
0.009751 92198
0.009756 38029
0.009764 50070
0.009765 7166
0.009777 33870
0.009807 70727
0.009811 15559
0.009812 94696
0.009815 7097
0.009822 39826
0.009831 43322
0.009831 91467
0.009832 26449
0.009839 42010
0.009845 98021
0.009855 25921
0.009866 99658
0.009869 77827
0.009882 15763
0.009898 94280
0.009904 12759
0.009934 86953
0.009937 46168
0.009939 29360
0.009948 93429
0.00997 91250
0.009974 62231
0.009981 49118
0.009986 45381
0.009988 8119
0.009989 68872
0.009997 77478
0.009997 94743
0.009998 34198
0.010018 52611
0.010023 68513
0.010025 20803
0.010026 89876
0.010027 25080
0.010028 90260
0.010044 83955
0.010055 84265
0.010091 85505
0.010114 9978
0.010117 50224
0.010123 27653
0.01014 87545
0.010166 6966
0.010188 82409
0.010216 42375
0.010218 93662
0.010219 89866
0.010222 56061
0.010225 57501
0.010236 85663
0.010237 89815
0.010242 85457
0.010253 97908
0.010296 27893
0.010308 55079
0.010317 83915
0.010323 47953
0.010323 90357
0.010362 89019
0.010371 71944
0.010381 70795
0.010392 39655
0.010401 45687
0.010402 58526
0.010425 32152
0.010441 16989
0.010444 66602
0.010444 68371
0.010458 69066
0.010459 9928
0.010477 68879
0.01049 21252
0.01049 29093
0.010507 20792
0.010517 79998
0.010523 69020
0.010528 41369
0.010529 50812
0.010543 59569
0.010553 6912
0.01056 19049
0.010576 26836
0.010593 15466
0.010594 28004
0.010613 25812
0.010615 65435
0.010619 46003
0.010626 74480
0.010662 97027
0.010665 16731
0.010693 8463
0.010697 40078
0.010699 80538
0.01071 52634
0.010714 66776
0.010721 63315
0.01073 29535
0.010747 27402
0.010751 52097
0.010758 52452
0.010779 51565
36 95