1 2
373
0.605751 6930
0.605763 81111
0.605771 67136
0.605802 57777
0.605803 3173
0.605823 21354
0.60586 22099
0.605861 37944
0.605864 40827
0.605871 66368
0.605914 68590
0.605923 20310
0.605928 33734
0.605934 31794
0.605935 46971
0.605942 85449
0.605961 30543
0.60597 18730
0.605975 92549
0.605982 90319
0.606008 46383
0.606028 71257
0.606032 54644
0.60605 64306
0.606063 53943
0.606087 97207
0.606092 24916
0.606114 10425
0.60612 74025
0.606135 12995
0.606164 30877
0.60617 50788
0.60618 68742
0.606185 6564
0.606186 67436
0.606201 41221
0.606213 83017
0.606222 18517
0.606233 760
0.606241 23801
0.606255 82234
0.606278 30707
0.606308 39864
0.606319 53569
0.606333 41402
0.606343 33167
0.60635 4855
0.606356 27060
0.606367 98901
0.606374 16605
0.60641 21807
0.606432 98705
0.606436 43090
0.606438 50152
0.606449 95511
0.60645 29070
0.606501 5336
0.606515 97072
0.606533 20745
0.606539 74481
0.606544 20651
0.606553 7233
0.606565 63226
0.60658 17885
0.60659 29483
0.606594 14945
0.606607 21824
0.606617 76342
0.606618 91970
0.606623 89380
0.606624 30561
0.606627 11539
0.606635 10038
0.60665 52985
0.606666 46819
0.606672 62564
0.60668 4795
0.606682 80131
0.606709 10468
0.606711 45018
0.606714 59654
0.606723 29414
0.606726 15984
0.606743 47137
0.606744 69869
0.606773 12227
0.606781 55563
0.606783 42807
0.606785 87140
0.606787 55449
0.606788 51506
0.606789 93343
0.606795 10783
0.606805 72636
0.606808 32532
0.606817 12987
0.606817 64319
0.606824 78161
0.606834 40814
0.606873 43947
0.606882 35024
0.606885 53346
0.606888 14294
0.606888 24792
0.606896 11822
0.6069 28930
0.606901 72526
0.606911 71819
0.606917 79757
0.606957 30029
0.607001 33830
0.607007 343
0.60702 9273
0.607024 83124
0.607026 45345
0.607036 89037
0.607042 11412
0.607043 96298
0.607047 89591
0.607066 78079
0.607082 41561
0.607088 44191
0.607098 92104
0.607106 65976
0.607115 7943
0.60712 100368
0.60712 101368
0.607128 66446
0.607128 82111
0.607136 90773
0.607152 49326
0.607161 13729
0.607164 66640
0.607166 86132
0.607176 72359
0.607191 65677
0.607194 1305
0.607216 20440
0.607219 76768
0.607221 90508
0.607262 13467
0.607274 58248
0.607291 11635
0.607305 52387
0.607309 89173
0.60732 55738
0.607332 89190
0.607338 18940
0.607338 8945
0.60734 34236
0.60735 46691
0.607403 46255
0.607407 19646
0.607413 53534
0.607422 38030
0.607447 43959
0.607455 28829
0.607473 98627
0.607476 14431
0.607477 56043
0.60748 26613
0.607483 19048
0.607491 45971
0.607504 8801
0.607528 71753
0.607536 55387
0.60755 18809
0.607554 49824
0.607557 42739
0.607558 77612
0.607559 48816
0.60756 27545
0.607563 41661
0.607566 95075
0.607601 2943
0.607607 64192
0.607653 30968
0.607654 88789
0.607667 41401
0.607673 58255
0.607678 47815
0.607691 29327
0.607693 46957
0.60771 33310
0.607745 75873
0.607748 45035
0.607749 38993
0.60775 92811
0.607752 100747
0.607752 101747
0.60776 11569
0.607771 100305
0.607771 101305
0.607771 25635
0.607775 78635
0.607785 74461
0.607796 78553
0.607806 100804
0.607806 101804
0.607808 86225
0.607809 15070
0.607823 94543
0.60783 91606
0.60785 96364
0.607855 88842
0.607867 69150
0.607874 59280
0.607879 59124
0.60789 79137
0.607898 74077
0.607908 92867
0.60794 72800
0.607941 27692
0.607944 36605
0.607946 41289
0.607951 54400
0.607953 35075
0.607965 47651
0.607974 39799
0.607978 38577
0.607982 4467
0.607997 45148
0.608 9991
0.60802 3288
0.608034 5117
0.608034 69963
0.608046 72756
0.608074 80378
0.608084 79472
0.608091 70894
0.608096 89728
0.608113 100280
0.608113 101280
0.608138 41051
0.608159 51147
0.608162 34624
0.608163 39066
0.608163 82563
0.60817 27597
0.608182 84434
0.608192 30834
0.608203 17715
0.608203 80593
0.608223 54225
0.608229 15354
0.608255 54412
0.608264 9910
0.60827 66636
0.608286 5350
0.608292 63184
0.608302 16376
0.608302 41183
0.608324 40237
0.608324 69400
0.608346 2592
0.608357 100999
0.608357 101999
0.608362 86245
0.608365 8021
0.608367 4291
0.608374 72176
0.608381 71124
0.608382 23581
0.608425 32578
0.608427 76279
0.608442 86789
0.608476 6180
0.608485 80301
0.60849 44762
0.608503 44428
0.608514 76870
0.608524 33473
0.608527 18126
0.608541 6166
0.608547 17927
0.608568 40936
0.608575 67027
0.608583 93533
0.60859 67920
0.608602 68628
0.608604 77531
0.608621 10675
0.608637 34126
0.608639 58426
0.60864 26815
0.608652 100301
0.608652 101301
0.608661 22959
0.608661 27054
0.608663 3200
0.608676 58003
0.608691 95910
0.608693 24339
0.608711 37210
0.608714 48708
0.608715 34457
0.608726 7916
0.608734 16774
0.60877 19578
0.608776 12861
0.608777 17876
0.608799 745
0.6088 93946
0.608803 35620
0.608811 33341
0.608816 57665
0.608838 84982
0.608839 58977
0.60884 10765
0.608844 9624
0.608845 10903
0.608852 73249
0.608856 72037
0.608858 76552
0.608867 8736
0.608874 58809
0.608876 24278
0.608927 78276
0.608933 61977
0.608935 74910
0.608956 62998
0.608957 46313
0.608971 11492
0.608976 27729
0.608979 99832
0.608982 85227
0.608993 95120
0.609004 89270
0.609023 60425
0.609024 48194
0.609043 44741
0.609044 50462
0.609054 60451
0.609095 20086
0.609102 25104
0.609114 13565
0.609123 34270
0.609127 89342
0.609155 6370
0.609161 44771
0.609162 63364
0.609171 38540
0.609174 56696
0.609198 61086
0.609206 13410
0.609208 93740
0.609209 5880
0.609217 24210
0.609251 56237
0.609277 47410
0.60928 3449
0.609283 84103
0.609294 19215
0.609314 37847
0.609314 81876
0.609326 95122
0.609328 18331
0.609338 61309
0.609373 22209
0.609377 36243
0.60938 62012
0.609399 71443
0.609421 75088
0.609432 63593
0.609434 5173
0.609462 15918
0.60948 19135
0.60948 2853
0.609505 6274
0.609509 90877
0.609515 4430
0.609524 79047
0.609575 22324
90 20