1 2
360
0.55882 4604
0.558826 85444
0.558834 46722
0.558836 20681
0.558839 40347
0.55885 24055
0.558853 71129
0.558872 7905
0.558875 71402
0.558885 65928
0.558896 2226
0.558902 25207
0.558905 31721
0.558912 68486
0.558939 55016
0.558954 95952
0.558969 59598
0.559015 72043
0.559055 7430
0.559056 2287
0.559064 32133
0.55908 16155
0.559092 69851
0.5591 64014
0.559162 35339
0.559163 25448
0.559164 93944
0.559178 24975
0.559191 56726
0.559205 49168
0.559212 39681
0.559225 61266
0.559244 25575
0.559253 99933
0.559254 77174
0.559262 3223
0.559266 54294
0.559273 66126
0.559278 14018
0.559285 40300
0.559311 36807
0.559334 86937
0.559352 16882
0.559353 55707
0.559355 71615
0.559356 15035
0.55939 61788
0.559392 62807
0.559406 96311
0.559426 49204
0.559438 38420
0.559446 90722
0.55945 5708
0.559463 10536
0.559474 34865
0.559475 75455
0.559494 11523
0.559494 59042
0.559508 47383
0.559518 21162
0.559536 7843
0.559539 61176
0.559546 8204
0.559557 85373
0.55956 50349
0.559561 58975
0.559584 10473
0.559588 77828
0.559591 62648
0.559596 81830
0.559602 42526
0.559605 71991
0.559613 12485
0.559615 92526
0.559626 19241
0.559633 73304
0.559641 20868
0.559644 69777
0.559647 17108
0.559652 7581
0.559654 73509
0.559661 98681
0.559665 28293
0.55967 33840
0.559704 94884
0.559705 64784
0.559707 89693
0.559708 40005
0.559708 89686
0.559713 58905
0.559729 21770
0.559743 67662
0.559766 70847
0.55978 34870
0.559782 24144
0.559785 25018
0.559792 6244
0.559793 64066
0.559804 72438
0.559811 32882
0.559824 64760
0.559831 25387
0.559832 127
0.559843 12392
0.559843 75262
0.559852 27267
0.559852 57218
0.559856 9291
0.559858 29546
0.559877 50785
0.559878 44117
0.559892 51319
0.559895 66703
0.559897 95231
0.559907 13155
0.559907 88042
0.559917 75153
0.559931 40643
0.559944 51770
0.559977 39231
0.55999 78149
0.559999 7228
0.560016 58344
0.560026 47226
0.560035 82597
0.560039 58214
0.56006 4393
0.560071 39813
0.560073 96485
0.560105 67024
0.560107 63388
0.560124 8935
0.560136 10659
0.560142 39934
0.560154 43365
0.560158 46009
0.560174 1812
0.560181 10186
0.560191 22724
0.560191 47498
0.560194 68946
0.56021 30627
0.560216 44098
0.560232 13102
0.560237 35991
0.560246 22842
0.560269 76137
0.560282 82315
0.560283 74925
0.560291 30270
0.560307 13701
0.560327 42075
0.560332 35161
0.56034 14217
0.560358 44707
0.560364 71514
0.560368 16554
0.560374 99538
0.560382 54177
0.560382 5662
0.560384 99147
0.56039 65844
0.560395 51150
0.560401 64077
0.560412 43724
0.560415 27688
0.560416 2828
0.560438 49074
0.56044 7565
0.560442 99453
0.560475 51630
0.560476 8957
0.560477 30129
0.560481 46913
0.560513 88753
0.560518 58659
0.560518 5962
0.56053 48492
0.56054 65073
0.560576 23858
0.560618 68682
0.560649 70208
0.560651 95225
0.560652 98507
0.560672 54013
0.560702 94041
0.560721 26721
0.560721 89261
0.560731 63939
0.560734 66422
0.560738 85865
0.560746 57300
0.560746 94625
0.560753 90575
0.560769 21877
0.560775 78578
0.560779 95217
0.56079 26207
0.560792 68626
0.560793 51993
0.560797 26876
0.560822 27231
0.560833 97756
0.560835 26941
0.560836 49198
0.560844 30167
0.560854 1269
0.560855 26212
0.560876 63182
0.560881 81243
0.560881 97817
0.560893 21776
0.560896 13495
0.560919 50337
0.56093 12015
0.560938 33727
0.560966 80920
0.56097 20982
0.560985 69832
0.561003 98295
0.561023 74417
0.561032 3360
0.561088 43275
0.561091 60257
0.56112 9519
0.561128 25140
0.561131 24295
0.561132 27664
0.561145 76447
0.561146 663
0.561146 77636
0.561157 72681
0.561165 89770
0.561173 1309
0.561178 80738
0.561187 99438
0.561191 653
0.561206 57207
0.561207 42025
0.561213 94614
0.561224 77254
0.561227 13474
0.561227 58131
0.561267 83104
0.561322 44169
0.561326 55151
0.561336 21847
0.561339 50503
0.561353 48920
0.561357 66025
0.561375 16314
0.561384 42673
0.561397 74803
0.561404 23272
0.561411 24778
0.561415 86657
0.561424 41290
0.561425 33908
0.56143 10448
0.561436 36928
0.561438 55668
0.561444 84074
0.561464 32405
0.561485 58652
0.561488 7058
0.561495 13820
0.561506 1625
0.561508 49411
0.561516 9880
0.561517 39332
0.561519 83177
0.561531 92957
0.561556 71667
0.561566 12014
0.561568 3593
0.561576 25177
0.561584 11117
0.561586 11202
0.561616 90988
0.561627 14788
0.56163 92975
0.561659 62349
0.561662 35192
0.561677 90818
0.561683 650
0.56169 9906
0.561722 32582
0.561728 32090
0.56173 8016
0.561751 74937
0.561753 69305
0.561756 97915
0.561761 25850
0.561767 93548
0.56178 42165
0.561782 55628
0.561785 32621
0.56179 38895
0.561791 5652
0.561796 7866
0.561813 12702
0.561813 18110
0.561817 70616
0.561828 65420
0.561832 79303
0.561835 69488
0.561843 39919
0.561844 49247
0.561848 68944
0.561852 22590
0.561898 49632
0.561903 78861
0.561918 7304
0.561918 74044
0.561925 33700
0.561926 72136
0.56194 34856
0.561941 54536
0.561951 15624
0.561959 28457
0.561961 98342
0.561965 26093
0.561966 39722
0.561978 2496
0.561989 1958
0.561991 3936
0.561992 24845
0.561992 50272
0.561998 82120
0.562029 24374
0.562039 93988
0.562041 34628
0.562064 65386
0.562068 39517
0.562092 97792
0.562117 94314
0.562122 68015
0.562125 34024
0.562138 45693
0.562139 71399
0.562151 23873
0.562156 1459
0.562168 16837
0.562173 12203
0.562176 8366
0.562185 21934
0.562186 22611
0.562196 850
0.562212 99995
0.562214 43893
0.562225 25874
0.562242 82064
0.562265 37056
0.562277 72646
0.562294 80005
0.562296 35169
0.562304 89402
0.562305 28534
0.562335 36880
0.562346 10982
117 54