1 2
385
0.914347 4885
0.914347 71142
0.914368 27
0.91437 37886
0.914381 87777
0.914382 89561
0.914383 57728
0.914405 18985
0.914417 33977
0.914419 43143
0.914433 21237
0.914433 88761
0.914452 16778
0.914452 93822
0.914459 79395
0.914461 18876
0.914468 70545
0.91447 61350
0.914475 43034
0.914486 40726
0.914488 15633
0.914501 7284
0.914506 37253
0.914506 61079
0.914509 82545
0.914511 94555
0.914517 46602
0.914524 32385
0.914528 40869
0.914543 68794
0.914544 81091
0.914548 10569
0.914554 58750
0.914558 22672
0.914563 72903
0.914568 73152
0.914573 84033
0.914585 26431
0.914586 1018
0.914601 47214
0.914624 34889
0.914649 97639
0.914657 29282
0.914699 45697
0.914702 47063
0.914716 8342
0.914732 91159
0.914742 16971
0.914763 21599
0.914775 84429
0.914777 71724
0.914785 71507
0.914789 42380
0.914807 87987
0.914822 29695
0.914835 57421
0.914838 97582
0.91484 28042
0.914847 29849
0.914876 99888
0.914877 99233
0.914886 2663
0.914896 28933
0.914898 59923
0.914904 84459
0.914911 55898
0.914941 95791
0.914949 15956
0.91496 21528
0.914967 88154
0.915003 36152
0.915011 11315
0.915017 45864
0.915032 5513
0.915064 41721
0.915076 27482
0.915083 34498
0.915095 13712
0.915104 91760
0.915106 35610
0.91511 44948
0.915111 3843
0.915125 54861
0.915142 46751
0.915169 41992
0.915178 95593
0.915203 41457
0.915208 55999
0.915233 30133
0.915253 70988
0.915253 96626
0.91527 92090
0.91528 78776
0.915303 10859
0.915306 45150
0.915335 22836
0.915343 16388
0.915344 13542
0.915345 80498
0.915347 43955
0.915358 35300
0.915365 29651
0.915373 14041
0.91538 97191
0.915381 67035
0.915385 69643
0.915421 95672
0.915423 71336
0.915427 71352
0.915434 86784
0.91544 84062
0.915443 53087
0.915446 70409
0.915446 91986
0.915447 73541
0.915461 64691
0.915466 76188
0.91548 94237
0.9155 86777
0.915507 44290
0.915515 34887
0.915519 87050
0.91552 20778
0.915527 5321
0.915529 61325
0.915534 69700
0.91555 62384
0.915568 61247
0.915568 94485
0.915576 5160
0.91559 93936
0.915599 8735
0.915607 57861
0.915611 75073
0.915613 76458
0.915623 85228
0.915633 5718
0.915639 62808
0.915645 14752
0.915671 18441
0.915675 88617
0.915678 62499
0.915683 54975
0.915687 9378
0.915706 32055
0.915732 21076
0.915736 16559
0.91577 19771
0.915782 49171
0.91579 94594
0.915802 67669
0.915806 62647
0.915814 81088
0.915816 48324
0.91582 8644
0.91583 31707
0.915832 42737
0.915843 4546
0.915844 3120
0.915844 9366
0.915858 97743
0.915882 48308
0.915889 85257
0.9159 12826
0.915911 52764
0.915912 14440
0.915925 4955
0.915926 18996
0.915926 39553
0.915956 34772
0.915969 51889
0.915988 60152
0.915994 39216
0.916001 63527
0.916005 2023
0.916007 44138
0.916029 64764
0.916059 20686
0.916076 76162
0.916131 22207
0.91616 69280
0.916172 37174
0.916181 77223
0.916199 64060
0.916204 22420
0.916214 9618
0.916217 98910
0.916253 10488
0.916254 42917
0.916258 77202
0.916265 39292
0.916276 26105
0.916278 64979
0.916285 1093
0.916298 61333
0.916298 90072
0.9163 63686
0.91631 10863
0.91633 59362
0.916334 37711
0.916362 34465
0.916369 17379
0.916373 9242
0.916381 97735
0.916405 27173
0.916406 34177
0.916408 90630
0.916415 84315
0.916439 31479
0.916448 69543
0.916464 87522
0.916466 70253
0.916484 44632
0.916495 49899
0.916521 57203
0.916526 46534
0.91654 10727
0.91654 94377
0.916547 45079
0.916552 18004
0.91657 84925
0.916571 26055
0.916582 29204
0.916607 73657
0.916612 85026
0.91663 83958
0.916636 73672
0.916653 48896
0.916659 65465
0.916667 80256
0.916669 31203
0.916692 2772
0.916694 56533
0.916695 98331
0.916722 39532
0.916723 1962
0.916726 59897
0.916738 55508
0.916746 85071
0.916755 67534
0.916758 21587
0.916759 26964
0.916761 20480
0.916763 54515
0.916765 31422
0.916766 79176
0.916768 72529
0.916772 83474
0.916776 5579
0.916793 56556
0.916818 98485
0.916835 70422
0.91685 37789
0.916855 66611
0.916886 142
0.916896 65364
0.916898 40361
0.916954 72225
0.916964 77091
0.916973 86843
0.916998 16335
0.917005 88138
0.917007 55096
0.917009 72561
0.917013 27098
0.91702 30806
0.917022 67619
0.917022 72157
0.917041 8614
0.917048 20779
0.917048 58880
0.917075 3107
0.91708 19156
0.917092 23622
0.917109 54241
0.917152 25926
0.917153 93653
0.917176 95469
0.917206 26323
0.917217 79702
0.917218 62928
0.917242 10230
0.917245 78365
0.917258 15517
0.917259 89773
0.917262 75577
0.917264 36852
0.917291 44162
0.917312 89803
0.917324 44587
0.917337 15886
0.917347 7584
0.917354 88429
0.917365 74777
0.917367 63965
0.917381 84122
0.917404 83925
0.91741 79878
0.917422 91658
0.917424 99246
0.917426 16790
0.917427 65846
0.917435 58491
0.91744 46853
0.917446 78106
0.917473 53672
0.917484 52417
0.917486 13213
0.917491 68382
0.917495 30142
0.917498 53701
0.917502 31013
0.917538 57301
0.917542 96970
0.917547 10105
0.91756 54643
0.91757 80097
0.91759 66248
0.917601 72785
0.917606 90563
0.917611 28592
0.917612 79229
0.91763 35001
0.917658 9055
0.917659 29543
0.917664 73010
0.917669 72598
0.917677 76882
0.917678 6355
0.917692 55566
0.917694 41851
0.917699 35515
0.917703 61765
0.917704 99728
0.917705 62627
0.917734 94072
0.917747 47442
0.917753 52623
0.917753 86141
0.917758 2610
0.917764 63536
0.917774 54702
0.917784 7434
0.917786 24589
0.917788 50947
0.917836 21016
0.917837 35272
0.91784 8291
0.917857 91629
0.917871 18153
0.917881 79573
0.917887 2453
0.9179 23289
0.917901 726
0.917903 57876
0.917915 29123
0.917917 34302
0.917918 48641
0.917927 69336
0.917944 53232
0.917952 5268
0.91796 17198
0.918007 89226
0.918009 8246
0.918011 28169
0.918016 81428
0.918019 71929
0.918048 59750
0.918049 7947
0.918062 23261
0.918062 43839
0.918066 23162
0.918077 72955
0.918079 25178
0.918085 88528
0.918087 68818
0.91809 71649
0.918098 19552
0.918124 19291
0.918125 6075
0.918125 84637
0.918152 56405
0.918156 48846
0.918166 71594
0.918172 71828
44 110