1 2
365
0.467103 7711
0.467104 64041
0.467116 82138
0.46715 91216
0.467154 36755
0.467159 57974
0.467162 74060
0.467164 50213
0.46717 38117
0.467185 1598
0.4672 61658
0.46721 1153
0.467229 93057
0.467242 54250
0.467247 81509
0.467249 37196
0.467257 6739
0.467259 31664
0.467259 99522
0.46726 18277
0.467278 10505
0.467279 39069
0.467284 98438
0.467289 81480
0.46729 23837
0.467293 77732
0.467296 1464
0.467322 45772
0.467326 52523
0.467328 42452
0.467332 35010
0.46734 45664
0.467356 62543
0.467357 74383
0.467366 33982
0.467369 53052
0.467382 10636
0.467402 66880
0.467414 74642
0.467416 18981
0.467417 38024
0.467439 48775
0.467453 85730
0.467455 77749
0.467459 86573
0.467473 17645
0.467494 42858
0.467495 46373
0.467507 4669
0.467519 72856
0.467539 89507
0.46755 29868
0.46755 94482
0.467553 74223
0.467599 67053
0.467609 32772
0.467612 57662
0.467628 79519
0.467632 51894
0.467657 70234
0.467662 92069
0.467711 58385
0.467715 77688
0.467719 47486
0.467723 3310
0.467731 47736
0.46775 58829
0.467763 85311
0.467769 11032
0.467776 88539
0.467786 77283
0.467804 3933
0.467823 10402
0.46783 9563
0.467834 69682
0.467838 29783
0.467856 36422
0.467861 53853
0.467882 100126
0.467882 101126
0.467887 58561
0.467929 77923
0.467937 55955
0.467938 62053
0.467945 8201
0.46797 17546
0.467972 37247
0.46798 20105
0.467984 56942
0.46799 39237
0.467992 97796
0.468002 57829
0.468009 81124
0.468018 62989
0.468018 68381
0.468027 23144
0.468037 86798
0.468049 3489
0.46805 33259
0.468063 14985
0.468073 19352
0.468092 8627
0.468093 1875
0.46814 79141
0.468149 39142
0.468155 77728
0.468172 9372
0.46818 95866
0.468221 86367
0.468225 16919
0.46823 21949
0.468236 43813
0.468242 40386
0.468279 29405
0.468288 79344
0.468295 61168
0.468328 29644
0.468332 14705
0.468362 59529
0.468371 89674
0.468376 65892
0.468386 2423
0.468396 47129
0.46841 94005
0.468444 20891
0.468456 74702
0.468468 74438
0.468471 7878
0.468489 70261
0.468492 40840
0.468493 88421
0.468495 66035
0.468513 52247
0.46853 55175
0.468539 13356
0.468549 48053
0.468555 85368
0.468556 36770
0.468564 43219
0.46857 21682
0.468577 30223
0.468593 33718
0.468597 44124
0.468603 19616
0.468611 93973
0.468637 16850
0.468647 43056
0.468664 10816
0.468664 8388
0.468665 1689
0.46867 80248
0.468672 49633
0.468684 61117
0.4687 38218
0.468711 37098
0.468714 67471
0.468732 32888
0.468732 41143
0.468762 16154
0.46877 73901
0.468798 88095
0.4688 56373
0.468805 76414
0.468832 2671
0.468871 93352
0.468876 98541
0.468906 38103
0.468907 41983
0.468907 71137
0.46891 27496
0.468915 77369
0.468917 92963
0.468918 42605
0.468928 54620
0.46893 45662
0.468935 91217
0.468939 39186
0.468942 1789
0.468947 18128
0.468949 96819
0.46897 7062
0.468999 399
0.469005 2109
0.469026 64675
0.469028 3678
0.469035 85100
0.469036 14572
0.46905 23659
0.46905 56797
0.4691 99452
0.469109 12480
0.469144 66968
0.469145 42885
0.469147 97077
0.46916 27068
0.469166 13536
0.469171 20565
0.469192 32191
0.469193 47979
0.469193 62695
0.46921 13390
0.469211 18200
0.46924 62385
0.469245 87124
0.469252 4929
0.469254 46612
0.469264 85766
0.469304 6056
0.469307 88531
0.469314 13666
0.469322 84548
0.469339 37831
0.469346 52532
0.46935 11734
0.469364 43348
0.469376 81538
0.469378 61685
0.46939 60841
0.469395 51173
0.469403 16357
0.469407 14374
0.469412 22997
0.469418 64537
0.469418 89328
0.469438 47360
0.469445 31026
0.46945 29709
0.469466 33800
0.469469 6343
0.469469 79818
0.46948 8189
0.469483 9694
0.469503 36068
0.469523 35815
0.469526 67590
0.469527 62070
0.469536 42487
0.469537 11067
0.469548 84215
0.469559 18183
0.469575 95485
0.469588 64441
0.469589 3376
0.469595 15737
0.469598 29837
0.469614 71748
0.469624 96795
0.46963 87984
0.469642 72336
0.469644 90967
0.469656 66774
0.469665 6684
0.469671 52996
0.469671 65862
0.469679 68846
0.469686 95611
0.469693 91525
0.469697 51250
0.469706 55465
0.469709 27959
0.46972 92118
0.469732 75462
0.469745 40754
0.469748 54117
0.46976 85926
0.46977 8630
0.46978 49372
0.469794 20433
0.469795 54909
0.469797 26036
0.469801 20782
0.469807 19228
0.469818 77550
0.46986 11428
0.469867 94153
0.46987 13627
0.469909 79274
0.469914 19816
0.469927 53184
0.469928 50858
0.469954 68457
0.46998 39567
0.470002 74473
0.470012 62913
0.470015 22953
0.470058 39840
0.47006 62323
0.470064 28183
0.470081 32562
0.4701 90898
0.470115 20720
0.470121 2785
0.470125 27359
0.470132 6314
0.470143 35357
0.470152 77814
0.470164 12868
0.470186 45710
0.470191 71561
0.470201 31873
0.470218 5265
0.470227 54487
0.470269 4132
0.470275 1287
0.470275 24788
0.470281 16013
0.470285 11483
0.470292 86241
0.470317 72062
0.470323 54105
0.470323 90886
0.470366 83695
0.470369 39641
0.470371 78076
0.470376 56916
0.470386 74241
0.470386 90442
0.470401 93185
0.470403 27079
0.470409 46378
0.47043 92639
0.470462 17297
0.470472 47904
0.470474 30107
0.470492 27233
0.470529 18522
0.470531 64305
0.470537 34956
0.470538 63531
0.470541 35226
0.470551 31019
0.470551 43682
0.470556 23836
0.470567 1088
0.47057 94708
0.470573 15634
0.47058 90761
0.470585 30240
0.47059 58827
0.47059 81601
0.470593 71423
0.470601 44566
0.470602 71874
0.470613 14067
0.470639 56781
0.470647 100226
0.470647 101226
0.470666 99954
0.470675 83867
0.470694 37642
0.470716 15536
0.470727 29956
0.470762 69521
0.470763 75855
0.470801 65283
0.470801 79099
0.470812 82489
0.470819 40831
0.47082 52956
0.470823 14584
0.470823 34605
0.470836 28384
0.47085 72476
0.470856 44514
0.470857 29809
80 43