1 2
363
0.552123 25870
0.552126 19549
0.552129 5821
0.552137 96736
0.552141 99621
0.552153 90037
0.552165 67323
0.552169 19990
0.552172 45436
0.552174 21335
0.552177 44704
0.552178 17863
0.5522 74121
0.55221 46975
0.552225 36374
0.55223 64508
0.552237 99532
0.552254 98624
0.552271 11670
0.552274 78207
0.552274 92159
0.552288 3693
0.552293 59409
0.552294 12048
0.552308 7202
0.552312 80247
0.552318 52052
0.552322 5344
0.552367 42368
0.552368 22588
0.552369 93622
0.552375 49889
0.552385 64394
0.552391 63873
0.552399 86552
0.552423 1161
0.552429 32058
0.552429 52564
0.552445 35735
0.552484 8507
0.552485 27282
0.552486 2364
0.5525 90781
0.552508 34742
0.552525 72746
0.552557 94091
0.552572 8039
0.552575 54578
0.55258 13849
0.552597 87488
0.552599 48038
0.5526 12396
0.55261 57671
0.552613 56273
0.552622 12762
0.552622 44131
0.552626 725
0.552685 80705
0.552701 37120
0.552708 51626
0.552728 64466
0.552729 81437
0.552731 3633
0.552739 21051
0.552752 3792
0.552754 50986
0.552759 7117
0.55276 73655
0.552763 2596
0.552763 26339
0.552763 34108
0.552765 40262
0.552768 51063
0.552774 67278
0.552779 30653
0.552806 44259
0.552822 69801
0.552832 22083
0.552835 20646
0.552836 71153
0.552852 36168
0.552911 42461
0.55292 11219
0.552938 63000
0.552947 74881
0.552948 29701
0.552953 59639
0.552958 23551
0.55297 40200
0.552981 47106
0.552988 42939
0.552995 79267
0.553002 27140
0.553005 35908
0.553018 4507
0.553029 68465
0.553033 40460
0.553043 10369
0.553047 59681
0.55305 40530
0.553055 68177
0.553058 51790
0.553059 36913
0.553068 82270
0.553074 90842
0.553084 506
0.553085 51865
0.553086 45950
0.55309 58040
0.5531 90394
0.55311 68845
0.553115 1063
0.553131 85346
0.553154 90785
0.553174 97511
0.553176 2953
0.55319 83223
0.553211 90753
0.553228 90961
0.553237 21924
0.55324 74676
0.55326 30701
0.553279 82591
0.553286 90277
0.5533 29735
0.553323 75100
0.553332 29574
0.55334 26840
0.553343 3855
0.55335 25128
0.55335 25574
0.553352 90161
0.553372 16026
0.553383 36105
0.55339 77153
0.553394 74867
0.553408 21020
0.55341 67842
0.553416 68747
0.553431 1627
0.553437 68176
0.553441 62833
0.553465 54288
0.553467 82780
0.553472 86991
0.553479 88325
0.55348 33932
0.553485 2705
0.553498 7149
0.553515 32438
0.55352 41648
0.553527 97886
0.553533 48684
0.553537 16688
0.553539 60380
0.553548 25586
0.553548 40985
0.553553 36300
0.553558 25633
0.55357 43176
0.553576 76316
0.553599 32957
0.553608 74082
0.55361 4909
0.553616 82406
0.55363 42703
0.553659 27322
0.55366 19838
0.553661 90297
0.553671 74247
0.553679 10630
0.553686 91790
0.5537 73689
0.553705 23158
0.553705 83878
0.553772 11719
0.553785 72517
0.553789 83343
0.55379 26525
0.553802 74312
0.553804 52848
0.553811 22866
0.55382 22840
0.553823 10869
0.553838 32427
0.553839 71476
0.553868 52653
0.553868 60560
0.553873 36611
0.553892 6897
0.553917 68612
0.553923 93953
0.55393 27410
0.553955 60477
0.553957 28030
0.553957 79773
0.553958 68282
0.553978 72179
0.553984 51324
0.554 36787
0.55401 34832
0.554011 46737
0.554012 29920
0.55402 82302
0.554025 26146
0.554026 19355
0.554043 92581
0.554048 19647
0.554051 16821
0.55406 13784
0.55407 65349
0.554084 43070
0.55409 52973
0.55409 86635
0.554098 998
0.554114 59942
0.554119 46910
0.554129 64572
0.554142 75124
0.554143 99596
0.554159 63583
0.554166 88978
0.554207 87889
0.554213 66705
0.554233 76070
0.554238 47568
0.554245 944
0.554256 33380
0.554256 67097
0.554258 64155
0.554263 38967
0.554266 60048
0.554272 10154
0.554273 60743
0.554284 87959
0.554287 97415
0.554299 10607
0.554303 87070
0.55431 66473
0.554312 30917
0.554321 39288
0.554325 84932
0.554327 39413
0.55433 18380
0.554338 9899
0.55434 81144
0.554343 23235
0.554349 14724
0.55435 78805
0.554376 158
0.554394 13619
0.554397 10812
0.554403 59671
0.554411 34825
0.55442 87133
0.55444 44708
0.554448 89
0.554455 78087
0.554456 65897
0.554457 10587
0.554472 5259
0.554491 13684
0.554492 17990
0.554514 10401
0.554516 29750
0.554516 73
0.55452 40403
0.554526 68105
0.554536 59213
0.554541 19421
0.554602 31123
0.554602 91104
0.554603 80817
0.554611 80573
0.55463 2244
0.55463 48357
0.554632 32517
0.554633 18920
0.554633 79950
0.554639 1134
0.554661 90907
0.554679 95022
0.55469 12486
0.5547 66389
0.554701 11510
0.554709 90077
0.554718 57850
0.554752 17802
0.554754 94538
0.554758 18378
0.55478 83244
0.554801 3962
0.554803 63143
0.554805 20905
0.554806 12945
0.554819 67958
0.554823 82746
0.55484 80872
0.554843 99484
0.554844 54510
0.554884 59029
0.554885 84721
0.554896 40990
0.554896 47641
0.554911 12009
0.554932 47548
0.554937 80990
0.554941 85375
0.554943 79628
0.554958 47143
0.554974 341
0.554983 551
0.555003 49860
0.555004 56788
0.555009 55884
0.555028 86085
0.555044 15127
0.555058 62267
0.555062 88067
0.555064 99163
0.55507 3610
0.555072 24557
0.555072 74291
0.555079 22855
0.555083 15961
0.555086 30856
0.555089 68613
0.55509 12967
0.55509 19864
0.555102 43863
0.555119 58081
0.555131 50124
0.555132 5934
0.555155 81371
0.555168 35822
0.555176 75117
0.555193 40734
0.555193 79721
0.555213 43990
0.555233 55569
0.555238 86213
0.555242 21685
0.555247 17996
0.555258 1673
0.555267 77661
0.555271 14706
0.555271 75509
0.555273 96803
0.555274 81893
0.555275 18073
0.555283 14892
0.555303 53019
0.555312 40579
0.555318 19218
0.555321 79466
0.55533 15194
0.555342 46007
0.555342 8248
0.555361 14033
0.555365 83314
0.555367 33597
0.555378 48368
0.555381 85397
54 109