1 2
420
0.963526 42815
0.963529 80258
0.96353 98538
0.963545 24816
0.963554 14574
0.963569 22892
0.963571 17629
0.963576 42834
0.963579 67821
0.963608 28007
0.963618 34086
0.963671 64197
0.963673 73134
0.963687 59541
0.96369 44663
0.96369 48756
0.96369 66966
0.963694 45314
0.963708 1907
0.963712 61563
0.963716 43362
0.963718 81523
0.96375 17758
0.963754 34232
0.963765 24044
0.963777 45673
0.963778 10087
0.96378 4779
0.963782 79190
0.963796 55418
0.963798 100434
0.963818 54706
0.963823 57262
0.963838 34996
0.963842 93720
0.963847 41769
0.963862 27585
0.963883 35083
0.963884 53873
0.963887 60731
0.963907 93853
0.96391 68190
0.963924 41530
0.963924 66947
0.963938 51270
0.963944 59725
0.963952 57453
0.963959 77671
0.963966 60432
0.963976 7193
0.963982 78324
0.963986 25632
0.963994 914
0.963998 76798
0.964005 19037
0.964022 79849
0.964027 97744
0.964039 28941
0.964045 45494
0.964075 30055
0.964089 69993
0.964097 80223
0.964105 70484
0.964113 13700
0.964121 67199
0.964136 77459
0.964137 85408
0.964143 28142
0.964158 62434
0.964178 98159
0.964183 11493
0.964213 4615
0.964219 76717
0.96422 24768
0.964224 89362
0.964225 11160
0.964244 66006
0.964248 76978
0.964265 73340
0.964275 100436
0.964278 33404
0.964286 1832
0.96429 49611
0.964291 24694
0.964296 89015
0.964301 84957
0.964324 39849
0.964331 25117
0.964337 6850
0.964364 86433
0.964365 38731
0.964365 6508
0.964392 14424
0.964393 14151
0.964393 43368
0.964398 62822
0.964398 83361
0.964405 67919
0.964407 53920
0.96441 22129
0.964415 60906
0.964418 86900
0.96442 65552
0.964422 72209
0.964429 60830
0.96443 24617
0.964435 18231
0.964445 34145
0.964456 22687
0.964456 36885
0.964457 27874
0.96447 56577
0.964479 70474
0.96448 83075
0.964495 13793
0.964495 57099
0.964498 71500
0.9645 98678
0.964503 73177
0.964506 60839
0.964519 35759
0.964529 94983
0.964535 81384
0.964537 30835
0.964568 51684
0.964571 94239
0.964584 1349
0.964632 79357
0.964644 46774
0.964652 6384
0.964657 40439
0.964664 81989
0.964671 5657
0.964684 96886
0.964685 15505
0.964712 31426
0.964715 32086
0.964726 65655
0.964727 13623
0.964732 13093
0.964732 37592
0.964736 59608
0.96475 77504
0.964755 77229
0.96477 99605
0.964787 6241
0.964789 64538
0.964804 96049
0.964805 40837
0.964809 58074
0.964811 49309
0.964823 22108
0.964827 72462
0.964832 38265
0.964837 89582
0.964849 56347
0.964851 17196
0.964864 41796
0.964872 63922
0.964873 19416
0.964893 93193
0.964894 46685
0.964897 6968
0.964903 37358
0.964909 76601
0.964916 41309
0.964917 70333
0.964927 95796
0.964929 21954
0.964944 55390
0.964946 55778
0.964971 31201
0.964979 73576
0.965007 79505
0.965021 2402
0.965033 69198
0.96504 14773
0.965052 81409
0.965063 84146
0.965071 45149
0.965085 55421
0.965113 68255
0.965115 7832
0.965127 96763
0.965128 30629
0.965131 6908
0.965134 20275
0.965139 36081
0.965142 17917
0.965143 26273
0.965166 42746
0.96518 20532
0.965187 23752
0.965194 36551
0.965196 53610
0.965196 88522
0.96521 90688
0.96522 82512
0.965226 4206
0.96524 23319
0.965246 35930
0.965251 22861
0.965262 66057
0.965275 42651
0.965275 44549
0.965278 36796
0.965279 92183
0.96528 24767
0.965292 17074
0.965297 41445
0.965297 93470
0.9653 21280
0.965311 13281
0.965316 46493
0.965322 70615
0.965334 81573
0.965337 89296
0.965348 4064
0.965358 65133
0.965361 58440
0.965362 76709
0.965374 50073
0.96539 66086
0.965395 65692
0.965396 56291
0.965401 18878
0.96541 5706
0.96542 29866
0.965439 5783
0.965446 64113
0.965456 3042
0.96546 59294
0.965482 68095
0.965484 59994
0.965492 95375
0.9655 72964
0.965509 94392
0.965514 11545
0.96552 23803
0.965523 19651
0.965573 41645
0.965597 7156
0.965613 48330
0.965613 89645
0.965633 79417
0.965641 31900
0.965642 11661
0.965644 78387
0.965647 93561
0.965653 77578
0.965657 36399
0.965657 69800
0.965672 32411
0.965675 24797
0.96569 73497
0.965691 4589
0.9657 80506
0.965704 63477
0.965731 35280
0.96574 68542
0.965741 92101
0.965753 91000
0.965754 51243
0.965763 65099
0.965776 18178
0.965778 2723
0.965778 6789
0.965786 52738
0.965795 93614
0.965817 98989
0.965828 77896
0.965831 71387
0.965876 6939
0.965878 6415
0.965884 3824
0.965892 78780
0.965919 16946
0.965942 11694
0.96596 83969
0.965969 54223
0.965982 6260
0.965994 70946
0.965995 2832
0.965996 77004
0.966001 15321
0.966001 62261
0.966006 5553
0.966007 26234
0.966036 35660
0.966044 54480
0.966047 89014
0.966059 36550
0.966089 58362
0.966112 63563
0.96612 60063
0.966129 15697
0.966131 3478
0.96616 52295
0.966162 97992
0.966166 41541
0.966169 37691
0.966171 7714
0.966175 75842
0.966205 18687
0.966205 75138
0.966213 87477
0.966219 44029
0.966225 21091
0.966233 11956
0.966235 7805
0.966236 53344
0.966242 17035
0.966245 79036
0.966287 27962
0.966287 90476
0.966303 97279
0.966313 1526
0.966325 72175
0.96634 10003
0.966342 61602
0.966343 5620
0.966358 31442
0.966364 79538
0.96637 62291
0.96638 59988
0.966403 66725
0.966411 91846
0.966416 47528
0.966429 83070
0.966432 335
0.966444 74745
0.966454 46802
0.966471 69381
0.966472 11051
0.966473 33526
0.966479 48002
0.966479 78042
0.966494 46299
0.966499 25853
0.966511 84716
0.966511 97833
0.966513 14804
0.966515 84131
0.966539 14923
0.966541 26092
0.966547 16896
0.966555 22967
0.966558 74680
0.966562 56806
0.966567 11911
0.966571 81389
0.966578 53086
0.966593 53166
0.96662 79775
0.966639 81934
0.966645 81609
0.966657 100339
0.966672 88765
0.966705 87127
0.966711 47186
0.96672 55503
0.966736 48561
0.966747 98662
0.96676 60772
0.966764 73513
0.966783 5870
0.966785 82552
0.966785 99019
0.966804 20452
0.966805 43715
0.966808 24182
0.966813 88056
0.966845 59704
0.966848 18712
0.966852 53457
0.966853 48054
0.966906 78596
0.966912 68888
0.966913 41006
0.966981 28296
0.967 10290
0.96701 11808
0.967019 55831
0.967019 59031
0.96702 72721
0.967034 53186
0.967048 58498
0.967063 81751
0.967072 87414
0.967077 49759
0.96708 83374
0.967088 55996
0.967103 99085
0.967113 89740
0.967125 15392
0.967161 31084
0.967162 84527
0.967166 39756
0.967182 73620
0.967184 61421
0.967189 87543
0.967209 58455
0.96722 54393
0.967231 88472
0.967239 97617
0.967247 97578
0.967255 26617
0.967256 46608
0.967257 93334
0.967268 16264
0.967281 1078
0.967285 86780
0.967287 99990
0.967288 14106
0.967292 82239
0.967301 22109
0.967312 11466
0.967325 75927
0.967328 64797
0.967347 77350
163 162