1 2
349
0.118427 12244
0.118437 62161
0.118439 56351
0.118439 65436
0.118444 18605
0.118449 11091
0.11845 6868
0.11846 38200
0.118473 63370
0.118483 98679
0.11849 45859
0.118502 19055
0.118505 71125
0.118508 40875
0.118508 90821
0.118524 20820
0.118527 96824
0.118559 69218
0.118582 80647
0.118625 98577
0.118632 267
0.118639 14938
0.118648 60595
0.118652 40554
0.118663 89465
0.118669 89145
0.11867 56885
0.118679 34844
0.118686 83454
0.118719 90905
0.118723 32907
0.118726 65874
0.118727 10888
0.118732 54594
0.118737 57306
0.118755 20714
0.118761 5183
0.118768 90248
0.118771 70078
0.118774 74893
0.118793 58163
0.118797 7380
0.118798 27230
0.118799 39932
0.118801 25474
0.118808 33209
0.118808 49891
0.118833 17676
0.118847 57617
0.118851 46806
0.118853 14175
0.118854 4041
0.118854 51691
0.11886 30261
0.118879 18585
0.118886 42839
0.118886 69631
0.118891 46398
0.118917 85117
0.118925 65760
0.118929 73726
0.118939 2478
0.118942 92470
0.118945 11236
0.118948 697
0.118952 35634
0.118954 87146
0.118959 25774
0.11897 8599
0.118972 71522
0.11898 81833
0.118983 50242
0.118987 32435
0.118989 13219
0.119007 8999
0.119019 79601
0.119022 3471
0.119027 37003
0.119046 33779
0.119066 30983
0.11911 56175
0.119119 89854
0.119134 51393
0.119136 12286
0.119142 51556
0.119153 11134
0.119167 15373
0.119169 17681
0.119192 58168
0.119201 30199
0.119214 85615
0.119216 16467
0.119218 93963
0.119222 25924
0.119229 7368
0.119235 8488
0.119258 41790
0.119259 80514
0.119266 5749
0.119268 100246
0.119268 101246
0.11927 18848
0.119294 20392
0.119301 86214
0.119306 14623
0.119316 86649
0.119319 60790
0.11932 4541
0.11934 99158
0.119343 24297
0.119344 2645
0.119347 4146
0.119353 29257
0.119353 39620
0.119353 63994
0.119371 37552
0.119373 64163
0.119377 80962
0.11938 47146
0.119384 32677
0.119396 58477
0.119396 97371
0.119397 54955
0.119404 43491
0.119426 30698
0.11943 69143
0.11943 8995
0.119441 61188
0.119455 53626
0.119462 48650
0.119469 5974
0.11947 64682
0.119473 67449
0.119489 95444
0.11949 13182
0.119498 61080
0.119511 24692
0.119523 33443
0.119524 65536
0.11954 22739
0.119557 50443
0.119575 98841
0.11958 47441
0.119585 14031
0.119587 7337
0.11959 76
0.119599 3435
0.119604 96694
0.119614 65570
0.119615 90526
0.119616 1581
0.11962 92370
0.119651 41275
0.119658 71593
0.119662 89606
0.119671 21089
0.119674 46597
0.119675 74408
0.119677 89271
0.11968 48821
0.119687 32162
0.119699 74699
0.119706 64882
0.119718 54645
0.119764 30818
0.119765 83326
0.119773 8229
0.11978 7249
0.119781 4173
0.119787 7392
0.119789 4707
0.119793 54571
0.119796 86054
0.119845 78809
0.119849 1237
0.119854 51891
0.119865 37014
0.119891 88293
0.119893 36751
0.119895 76329
0.119911 35264
0.119912 303
0.119928 30586
0.119954 22569
0.119981 34587
0.119985 72519
0.119989 96978
0.120008 28109
0.120026 36026
0.120028 26106
0.120032 41924
0.120041 14566
0.120046 100660
0.120046 101660
0.120061 18655
0.120064 26401
0.120071 23630
0.120072 45718
0.120086 98127
0.120113 17606
0.120118 35429
0.120123 81742
0.120126 42498
0.120139 2506
0.120158 28049
0.120167 23936
0.12017 23220
0.120188 14536
0.120199 59698
0.120218 88250
0.120221 68832
0.120222 5442
0.120224 33952
0.120237 41372
0.120237 63937
0.120241 35108
0.120294 37981
0.12031 16301
0.120317 67599
0.120332 69504
0.120344 44387
0.120359 52707
0.120365 21479
0.120373 14597
0.120374 76783
0.120391 12136
0.120396 43546
0.120399 76712
0.120432 61711
0.120435 79221
0.120439 82804
0.120443 65888
0.120451 44829
0.120454 23846
0.120454 26021
0.120464 6419
0.120472 69597
0.120475 20842
0.120488 91311
0.120499 94929
0.120511 88533
0.120516 56456
0.120538 100277
0.120538 101277
0.120554 37419
0.120595 60028
0.120604 24761
0.120607 13379
0.120627 5891
0.120627 86830
0.120646 32135
0.120653 55960
0.120669 27085
0.120686 80650
0.120689 63177
0.120707 9274
0.120728 57878
0.120739 81127
0.120767 52877
0.120783 46699
0.120813 74874
0.120818 24470
0.120853 30087
0.120873 10831
0.120893 74335
0.120934 65444
0.120943 51533
0.120947 41104
0.120956 98807
0.120958 80612
0.120971 19681
0.120975 45896
0.12099 82298
0.121009 2644
0.121011 47440
0.121014 59852
0.121034 87487
0.121042 39911
0.121052 80091
0.121053 60620
0.121085 18682
0.121099 14874
0.121101 31224
0.121106 89986
0.121108 71150
0.121112 22025
0.121121 15370
0.121127 20815
0.121141 37248
0.121148 67935
0.12115 17102
0.121157 54154
0.121162 44982
0.121164 7491
0.121179 65091
0.121185 57898
0.121207 20364
0.121208 18007
0.121222 64352
0.121228 58982
0.121233 65438
0.121263 31560
0.121266 26768
0.121274 48168
0.121283 74989
0.121305 48026
0.121305 76168
0.121305 76252
0.121309 6638
0.12131 82641
0.121312 74508
0.12135 25067
0.121366 466
0.121371 56912
0.121372 6795
0.121407 1746
0.121408 60936
0.121416 87971
0.12144 37979
0.121444 26353
0.12145 65334
0.12145 91332
0.121466 18654
0.121466 94639
0.121474 95857
0.121483 62587
0.121491 42414
0.121497 31021
0.121521 70068
0.121526 1882
0.121529 10246
0.12153 60305
0.121535 63739
0.121536 92157
0.12154 91523
0.121557 7360
0.121586 56086
0.121624 58828
0.121624 85190
0.121642 12361
0.121646 46403
0.121678 64473
0.121693 63127
0.1217 71966
0.121701 65853
0.121716 51043
0.12174 64464
0.121743 52644
0.121748 7267
5 112