1 2
366
0.845085 8506
0.845091 76595
0.845101 37519
0.845102 54703
0.845104 44626
0.845112 1775
0.845135 32746
0.845145 81147
0.84516 25813
0.845169 22722
0.84517 10482
0.84517 16547
0.845173 80379
0.84519 71018
0.845206 15655
0.845208 99273
0.845214 69808
0.845219 15375
0.845237 29681
0.845246 52421
0.845246 85598
0.845248 9680
0.845273 91689
0.845281 55000
0.845283 28613
0.845286 33956
0.845307 68409
0.845308 100222
0.845308 101222
0.845326 30985
0.845332 23456
0.845342 75279
0.845349 26588
0.845384 47293
0.845401 25159
0.845431 26326
0.845474 54104
0.845518 88410
0.845528 95304
0.84553 45995
0.845532 76400
0.845555 53255
0.845575 35812
0.845582 62234
0.845584 11506
0.845593 72066
0.845596 20987
0.845656 11695
0.845663 16856
0.845686 50454
0.845713 81707
0.845737 23927
0.845741 21160
0.84575 6083
0.845752 87834
0.845758 7372
0.845759 7165
0.845764 59946
0.845788 11656
0.845789 11225
0.845802 203
0.845807 96688
0.845812 44170
0.845822 42175
0.845826 95809
0.845847 74640
0.845862 73813
0.845886 43628
0.845897 32604
0.845902 94781
0.845922 76555
0.845935 45541
0.845949 21419
0.845956 78557
0.845967 11301
0.845975 29614
0.845981 11776
0.845987 39000
0.845992 13296
0.846033 6220
0.846072 74819
0.846085 43393
0.846087 42264
0.846105 68995
0.846107 80661
0.846115 70530
0.84613 8154
0.846138 81574
0.846139 11664
0.846173 33077
0.846174 48187
0.846204 69430
0.846211 48773
0.846214 13977
0.846235 7706
0.84627 92542
0.846274 65956
0.846276 14177
0.846288 47062
0.846292 28016
0.846304 74114
0.846307 11807
0.846314 62667
0.846331 36295
0.846336 32665
0.846349 14291
0.846357 10874
0.846368 84309
0.846372 31287
0.846372 61660
0.846404 15947
0.846426 65780
0.846444 65602
0.846461 41672
0.846464 87067
0.846466 74110
0.846479 52308
0.84648 67911
0.846502 61345
0.846503 30760
0.846514 82246
0.846527 3982
0.846538 1227
0.846543 50722
0.846547 1744
0.846555 5995
0.846574 48338
0.846587 66197
0.846594 75660
0.8466 89329
0.846634 36959
0.846638 78144
0.846643 81813
0.846657 34214
0.846668 19426
0.846683 43381
0.846706 71688
0.846719 10878
0.846729 31935
0.846765 79705
0.84677 21147
0.846792 76790
0.846793 23588
0.846796 36572
0.846797 44041
0.846801 90217
0.846811 33522
0.846832 51478
0.846838 91407
0.846866 71318
0.846883 93982
0.846886 92130
0.846906 25455
0.846912 66478
0.846925 18065
0.84694 6215
0.846942 13462
0.846973 58728
0.846993 18359
0.846998 42934
0.847007 79216
0.847009 94347
0.84701 53228
0.847011 25403
0.847014 63529
0.847017 61657
0.847018 73074
0.847026 32020
0.847053 494
0.847075 24285
0.847081 79789
0.847086 16557
0.847091 100184
0.847091 101184
0.847093 57029
0.8471 52270
0.847108 87481
0.847119 80465
0.847137 83539
0.847139 76044
0.847145 67531
0.847146 41326
0.847204 43832
0.847206 18702
0.847207 12059
0.847207 23393
0.847227 19252
0.847235 26961
0.847244 6212
0.847258 99107
0.847259 41249
0.84726 34729
0.847262 94260
0.847268 61029
0.847282 83638
0.847294 82877
0.847296 7227
0.847307 49680
0.847318 43974
0.847329 100016
0.847329 101016
0.847329 102016
0.847367 54907
0.847411 21552
0.847411 82305
0.847413 56825
0.847415 72197
0.847421 18407
0.847436 24324
0.847438 62899
0.84744 100718
0.84744 101718
0.847451 47809
0.847458 23957
0.847461 62241
0.847465 69017
0.847469 99338
0.847482 61155
0.847491 307
0.847492 70315
0.84753 76970
0.847534 8269
0.847538 41191
0.847548 97498
0.847555 78627
0.847558 82500
0.847574 83830
0.847574 84314
0.847577 10758
0.847581 33056
0.847593 27500
0.847597 68374
0.847602 66305
0.847605 25596
0.847609 15401
0.847614 70507
0.847616 24820
0.847624 32207
0.847632 39944
0.847648 68004
0.847651 11514
0.847651 25744
0.847664 63724
0.847668 43994
0.847683 2273
0.847684 69438
0.847703 6923
0.847712 90306
0.847712 90852
0.847725 43580
0.847769 67609
0.84777 19138
0.847783 49825
0.847785 8592
0.847807 44200
0.84781 74941
0.847834 1187
0.847843 17600
0.847856 292
0.847857 31803
0.847872 9313
0.847874 44854
0.847895 16312
0.847901 10612
0.847921 2167
0.847924 62691
0.847928 5273
0.847931 82221
0.847946 34195
0.84797 59683
0.847973 18165
0.847974 30437
0.847994 18335
0.847997 85025
0.847999 34215
0.848012 37022
0.84803 44269
0.848049 43326
0.848053 1555
0.848053 86507
0.848068 37092
0.848078 88401
0.848083 86207
0.848094 51649
0.848103 99530
0.848126 61010
0.848128 78815
0.848132 66884
0.848134 30112
0.848167 87441
0.84819 21939
0.84821 62743
0.84821 71817
0.848212 33304
0.848212 60062
0.848226 17447
0.848226 21202
0.848232 18355
0.848239 88685
0.848249 23092
0.848254 91929
0.848256 33468
0.848279 35055
0.848283 61744
0.848286 89774
0.848292 55111
0.8483 32179
0.848302 20687
0.848315 25678
0.848317 27337
0.848327 40935
0.84833 22100
0.848345 78403
0.848347 79091
0.84836 31414
0.848386 15914
0.848396 27486
0.848412 50621
0.848413 100925
0.848413 101925
0.848418 24666
0.848428 42495
0.848435 32815
0.848446 99204
0.848452 11520
0.848454 52330
0.848455 88017
0.848485 95298
0.848507 32010
0.848535 43823
0.848539 3923
0.848542 4961
0.848547 24698
0.848553 73595
0.848576 86453
0.848577 22745
0.848589 40463
0.848612 32761
0.848614 70300
0.848626 23761
0.848631 60097
0.848632 56162
0.848639 90554
0.848686 79676
0.848691 5823
0.848693 11182
0.848711 21728
0.84872 2063
0.848734 5030
0.848736 67890
0.848737 64389
0.848753 44844
0.848754 13590
0.848756 11341
0.848773 84775
0.848787 52664
0.84879 66574
0.848813 8549
0.848815 28460
0.848843 20708
0.848844 32024
0.848849 56768
0.848853 44929
0.848862 84129
0.848864 89588
0.848873 34726
101 32