1 2
373
0.077417 14531
0.077438 87475
0.07745 22225
0.077462 33116
0.077472 52873
0.077489 76193
0.077518 88683
0.077539 59650
0.077541 97696
0.077543 84610
0.077544 16277
0.077564 97059
0.077571 26722
0.077572 47958
0.077574 48994
0.077593 53965
0.077616 75501
0.077617 9818
0.07762 79894
0.077637 10436
0.077645 12529
0.077647 22254
0.07765 48060
0.077664 29840
0.077679 59267
0.077682 92359
0.077707 20051
0.077729 65725
0.077737 98730
0.077774 38978
0.077784 35801
0.077785 48124
0.07779 24887
0.077844 97100
0.077872 82093
0.077894 64568
0.077899 52390
0.077911 84021
0.07792 69649
0.077962 97123
0.077977 77359
0.077981 49407
0.077989 2654
0.07802 22888
0.078026 57131
0.07803 18209
0.078034 59699
0.078043 22477
0.078049 70453
0.078068 34149
0.078072 48759
0.078105 19214
0.078117 13736
0.078124 34450
0.078127 89052
0.078132 64042
0.078133 25583
0.078152 67641
0.078154 90047
0.078178 86861
0.078181 26687
0.078203 34643
0.078213 41712
0.078242 40974
0.078246 2441
0.078278 72023
0.078287 1982
0.078287 43662
0.078288 22894
0.07829 64483
0.0783 37012
0.0783 48015
0.078318 69846
0.078327 29309
0.078357 34903
0.078359 86281
0.078363 62610
0.078372 31553
0.07839 92036
0.078401 38249
0.078411 30922
0.078427 82027
0.078429 56509
0.078465 3347
0.078472 26759
0.078477 9405
0.078483 43464
0.078544 11363
0.078546 80400
0.078549 77248
0.078559 81758
0.078573 73993
0.078594 48302
0.078595 73765
0.078606 67154
0.078609 60603
0.078609 64662
0.078611 89839
0.078627 21923
0.07863 98880
0.078641 15416
0.078643 19545
0.078681 44958
0.078706 54836
0.078728 36596
0.078728 45836
0.078734 39361
0.078736 49715
0.078739 1936
0.078744 31375
0.078746 97356
0.078756 95269
0.07876 67487
0.07877 72315
0.078791 32242
0.078812 63999
0.078813 96263
0.078834 32487
0.078835 28334
0.078842 95291
0.078853 27025
0.078869 86487
0.078907 32987
0.078907 9341
0.078912 93056
0.078943 60309
0.078948 69391
0.078952 65105
0.078963 54803
0.078971 28791
0.078983 71633
0.078987 33392
0.078998 25683
0.07901 57032
0.079013 12465
0.079019 31449
0.079024 63750
0.079032 50273
0.079047 28357
0.079049 31324
0.079056 56464
0.079058 14647
0.079085 27379
0.079095 37764
0.079095 55171
0.079106 7207
0.079107 74739
0.07911 93488
0.079114 22063
0.079126 35447
0.079171 63708
0.079182 87483
0.079192 43402
0.079204 86781
0.079224 564
0.079234 11526
0.079242 48516
0.079247 31131
0.07925 20960
0.079265 74406
0.07928 2337
0.079295 50256
0.0793 82385
0.07931 62630
0.079311 90996
0.079316 35355
0.079318 78099
0.079319 40117
0.079335 38184
0.079345 78039
0.079346 99825
0.079389 53125
0.079398 55903
0.0794 20057
0.079428 60621
0.07945 75903
0.079464 21964
0.079465 35695
0.079474 92502
0.079476 44201
0.07948 46504
0.07948 7999
0.079493 67488
0.079508 17363
0.079512 1940
0.079512 88302
0.079515 83459
0.079539 21170
0.07954 52043
0.079542 90349
0.079544 38956
0.079547 72920
0.079552 93735
0.079559 69812
0.079589 39664
0.07959 30999
0.079605 71284
0.079606 28837
0.079633 22181
0.079643 69912
0.079648 5001
0.07966 57757
0.079675 37197
0.079677 3639
0.079704 1718
0.079716 45783
0.07972 13852
0.079724 2448
0.079731 27877
0.079739 3835
0.079749 4895
0.079768 90347
0.079775 91350
0.079776 61187
0.079778 92575
0.079813 40705
0.079813 66916
0.079816 52422
0.079826 23791
0.079847 6409
0.079854 38812
0.079862 73066
0.079868 94222
0.079884 89142
0.07989 92329
0.079899 96464
0.079938 4545
0.07996 52115
0.079966 1014
0.079968 13032
0.079978 44886
0.080004 20308
0.080008 3084
0.080011 37186
0.080031 100064
0.080031 101064
0.080031 102064
0.080031 74521
0.080039 24596
0.08004 1277
0.08004 34308
0.080055 18446
0.080055 67290
0.080062 92605
0.080065 18773
0.080075 80257
0.080091 26906
0.080124 74462
0.08013 55951
0.080147 67854
0.080157 64434
0.08016 58357
0.08018 86744
0.080186 27937
0.080196 4069
0.080228 64061
0.080271 46053
0.080275 80905
0.080291 44518
0.080301 79245
0.080309 67835
0.080313 50743
0.080315 24353
0.080317 10279
0.080317 71679
0.080323 41390
0.080327 56233
0.080339 14112
0.080342 91831
0.080376 63751
0.080382 79790
0.080389 77651
0.080395 28854
0.080401 27103
0.080414 67598
0.080429 63690
0.08044 87698
0.080442 3542
0.080444 89040
0.080452 17285
0.080455 71338
0.080458 76389
0.080472 37348
0.080477 78404
0.080487 53871
0.080507 59209
0.080525 51497
0.080536 67309
0.080541 17741
0.080541 82154
0.080546 95543
0.080549 46976
0.080554 5584
0.080565 64547
0.080566 85079
0.080573 99
0.080576 95924
0.080598 20255
0.080634 8966
0.080648 88890
0.080659 15061
0.080659 78512
0.080662 40095
0.080676 84056
0.080685 100367
0.080685 101367
0.080691 58478
0.080696 42328
0.080697 60817
0.0807 76624
0.0807 90381
0.08071 97170
0.080716 77731
0.080729 26125
0.08074 44984
0.080746 25168
0.080759 58647
0.080773 24120
0.080787 17850
0.080799 21871
0.080815 94419
0.080819 75013
0.080831 38567
0.080832 92733
0.080837 92844
0.080841 78056
0.080887 6446
0.080896 22616
0.080898 67767
0.080899 29942
0.080905 38059
0.080906 36725
0.080928 855
0.08093 18514
0.080935 2486
0.080935 5544
0.08095 73891
0.080954 75182
0.080979 33651
0.080988 49029
0.081001 61144
0.081003 93468
0.08102 49663
0.08103 13402
0.081068 43216
0.081076 97998
0.081084 77821
0.081128 13125
0.081139 52037
0.081139 72914
0.081149 36251
0.08115 75884
0.081162 40711
0.081165 26623
0.081168 22435
0.081171 5238
0.081174 48814
0.081178 20417
0.081178 79145
0.081193 6755
0.081201 15039
0.081211 26162
0.081217 99370
0.081254 40396
0.081266 25145
0.081281 58931
0.08129 83278
0.081295 92334
0.081308 36955
0.081311 49838
0.081315 40888
0.081322 45694
0.081334 36678
111 61