1 2
369
0.51458 167
0.514614 56354
0.514635 30770
0.514639 90828
0.514644 60001
0.514645 62133
0.514666 17937
0.514668 86643
0.514684 34894
0.514706 96957
0.514732 25910
0.514739 47142
0.514741 45526
0.514747 11814
0.514751 65395
0.514762 5131
0.514766 13765
0.514778 81950
0.514783 58419
0.514791 3636
0.514792 46288
0.514821 34777
0.514825 70967
0.514858 81378
0.514866 12897
0.514869 46997
0.514874 5206
0.514878 25201
0.514902 21011
0.514944 23965
0.514945 58201
0.514948 82007
0.51495 54072
0.514952 47615
0.514963 47679
0.514974 66027
0.514976 69242
0.514979 19279
0.514997 42996
0.515005 12008
0.515012 18862
0.515021 83494
0.515028 1738
0.515029 44267
0.51503 56827
0.515033 86212
0.515035 50829
0.515046 50748
0.515046 56394
0.51505 16673
0.515068 61622
0.515068 87451
0.515069 95644
0.51507 66155
0.515078 78787
0.515093 28284
0.515099 35708
0.51512 82436
0.515128 28909
0.515141 491
0.515142 100128
0.515142 101128
0.515143 75810
0.515151 58859
0.515186 98713
0.515195 87827
0.515202 20939
0.515217 89423
0.515232 24471
0.515245 12723
0.51525 75099
0.515255 45021
0.515261 72268
0.515263 67836
0.515288 24253
0.515297 37017
0.5153 29421
0.515301 12983
0.51531 48725
0.515312 93645
0.515314 39169
0.515339 72331
0.515341 66523
0.515369 89519
0.515381 4521
0.515383 59078
0.515387 68030
0.51539 85667
0.515395 20570
0.515399 87986
0.515411 9105
0.515413 869
0.515415 20942
0.515433 90984
0.515434 80640
0.515435 11622
0.515439 18681
0.515457 6761
0.515475 35273
0.515485 82487
0.515487 75085
0.515488 70812
0.515491 94872
0.515505 54598
0.515536 12806
0.51558 18224
0.515581 40597
0.515593 27687
0.515599 54363
0.5156 84822
0.515602 33344
0.515616 72908
0.515625 90303
0.515647 27569
0.515648 79458
0.515674 8570
0.515689 63692
0.515689 95879
0.51569 82426
0.515701 95468
0.515703 79478
0.515739 89324
0.515741 2638
0.515742 70984
0.515746 3075
0.515754 6806
0.515758 28031
0.51576 37011
0.515762 35658
0.515776 60389
0.515791 67504
0.515792 78171
0.515793 28635
0.515806 33648
0.515815 87185
0.515825 95568
0.515829 8712
0.515831 16637
0.515833 42449
0.51584 58819
0.515863 38164
0.515895 39116
0.515939 85622
0.515944 56430
0.515945 11078
0.515955 96218
0.515976 62566
0.515988 42635
0.516006 44679
0.516012 84632
0.516027 30190
0.516036 40861
0.516062 24420
0.516068 9246
0.516072 97730
0.516098 7521
0.516111 4786
0.516112 47456
0.516121 74805
0.516127 72479
0.516133 73847
0.516153 95474
0.516156 768
0.516165 38999
0.516169 42838
0.516172 69586
0.516174 80484
0.516179 22829
0.516183 7140
0.516184 41149
0.516187 30256
0.516199 49262
0.516211 78455
0.516228 33732
0.516231 66191
0.516252 6945
0.516254 84175
0.516262 64208
0.516263 68292
0.516263 86538
0.516278 38933
0.516284 9424
0.516297 16309
0.516297 87724
0.516305 99322
0.516307 12548
0.516321 70476
0.516329 45082
0.516332 30839
0.516339 81788
0.516353 48564
0.516371 8132
0.516391 68506
0.516392 13391
0.516393 60985
0.516409 23811
0.51641 54746
0.516418 10847
0.51645 40424
0.516464 19211
0.516467 98829
0.516477 96341
0.516487 90103
0.516498 8788
0.516509 65696
0.516514 22417
0.516517 77337
0.51652 828
0.516525 47811
0.516534 83883
0.516543 43530
0.516551 99256
0.516564 81514
0.516565 1563
0.51657 52147
0.516578 35640
0.516585 33067
0.516612 2142
0.516613 40177
0.516615 33867
0.516619 19209
0.516619 20253
0.516629 24659
0.516629 94550
0.51664 32733
0.516657 94164
0.51666 11945
0.516661 84335
0.516661 93894
0.516677 53307
0.516703 32613
0.516709 89231
0.516721 5241
0.516747 18700
0.516752 56727
0.516773 20829
0.516773 95596
0.516793 60838
0.516796 23069
0.516805 33245
0.516806 45392
0.516812 86757
0.516814 18358
0.516814 81230
0.516828 8967
0.516848 30547
0.516849 34685
0.516861 49066
0.516867 68344
0.516871 74450
0.516872 67496
0.516873 44596
0.516901 54300
0.516903 28040
0.516928 54143
0.516938 46366
0.516949 37325
0.516951 75656
0.516959 73570
0.51696 42268
0.516974 45006
0.516975 84460
0.516985 60106
0.516997 72988
0.517006 41113
0.517035 69041
0.517039 64103
0.51705 13697
0.517052 86439
0.517056 18414
0.51707 64564
0.517075 6504
0.517076 61547
0.517083 83005
0.51709 41030
0.517091 9433
0.517107 45094
0.517109 13375
0.517116 59312
0.517119 10181
0.517123 20846
0.517129 55380
0.51713 11022
0.517147 88630
0.517149 61798
0.51716 66120
0.517162 33382
0.517174 91049
0.517179 80328
0.51718 77770
0.51718 84839
0.5172 80041
0.517215 42949
0.517218 67984
0.517225 96242
0.517232 28915
0.517248 17067
0.517254 87051
0.517271 45944
0.517273 48782
0.517275 18306
0.517297 53665
0.517332 17143
0.517346 85502
0.51736 7590
0.517368 74175
0.517369 53172
0.51738 87295
0.517389 43055
0.517391 56265
0.517402 48872
0.517423 66857
0.517462 86746
0.517483 43484
0.517489 19185
0.517507 23378
0.517509 26686
0.517517 94911
0.517541 21758
0.51755 91419
0.517558 14389
0.517562 29488
0.517572 36449
0.517582 71394
0.517588 43317
0.517609 13908
0.517614 49937
0.517636 80777
0.517641 90034
0.517669 32104
0.517696 5559
0.517711 21081
0.517718 65118
0.517724 1861
0.517724 66028
0.517733 98630
0.517752 52232
0.517754 73752
0.517761 88737
0.517801 86462
0.51781 30516
0.517812 12740
0.51782 54980
0.517823 98739
0.51783 2331
0.517838 65650
0.517846 84969
0.517859 15250
0.517863 66109
0.517879 40109
0.51788 19108
0.517884 97636
0.517899 10915
0.517908 4145
0.517916 97935
0.517956 18725
0.517957 57343
0.517995 35536
0.518 5342
0.518015 32679
0.518024 84192
0.518024 92216
0.518031 32572
0.518034 1747
0.518035 97864
0.518049 94388
0.518052 47512
0.518062 55432
0.518064 24132
113 1