1 2
373
0.26765 18958
0.267658 48509
0.267664 222
0.267664 22384
0.267665 33152
0.267678 37518
0.267685 797
0.267715 2392
0.267718 63375
0.267732 10018
0.267752 937
0.267758 63547
0.267764 29292
0.26778 100871
0.26778 101871
0.267786 75749
0.267794 44251
0.267812 41971
0.267817 17966
0.267837 5332
0.267853 33614
0.267868 34168
0.267881 85459
0.267881 98716
0.267886 37018
0.267927 43355
0.267938 49557
0.267947 57947
0.267948 9961
0.267955 30865
0.267966 96172
0.26798 87461
0.267992 95262
0.268006 29761
0.268011 3549
0.268015 91625
0.268017 53544
0.268021 30427
0.268026 17856
0.26803 81355
0.268041 91551
0.26805 73407
0.268054 7292
0.268057 53023
0.268057 74213
0.268076 14
0.26811 2477
0.268111 69829
0.268119 13719
0.268122 73909
0.268131 100466
0.268131 101466
0.268139 95547
0.268153 36198
0.26816 55034
0.268165 21173
0.268175 53341
0.268182 46710
0.268194 17884
0.268199 25657
0.268228 33737
0.268229 55867
0.268247 50628
0.268248 26949
0.268251 9743
0.268263 41421
0.268274 23956
0.268276 71970
0.268287 66620
0.268288 93354
0.268292 70974
0.268293 52230
0.268301 93669
0.268311 79496
0.268322 59180
0.268329 58483
0.268336 97307
0.268362 63310
0.268365 3113
0.268368 68984
0.268371 10165
0.268374 25027
0.268377 92592
0.268378 59944
0.268387 13817
0.268393 50420
0.268394 23903
0.268399 57927
0.268407 65238
0.268431 49266
0.268433 614
0.268441 35886
0.268447 77006
0.268455 93701
0.268458 5851
0.268473 4222
0.268476 11864
0.268478 13000
0.268478 42932
0.268485 76612
0.26849 89882
0.268513 48298
0.268523 37384
0.268525 13359
0.268527 51086
0.268538 65551
0.268546 30601
0.268546 47971
0.268549 81744
0.268551 92151
0.26856 64654
0.268573 42763
0.268589 48569
0.268606 33598
0.268612 23704
0.268619 41570
0.268631 36489
0.268634 73350
0.268638 10028
0.268649 81098
0.268657 26874
0.268658 58774
0.26866 15742
0.268663 20252
0.268669 60983
0.268721 32106
0.268752 91543
0.268787 18570
0.268795 31734
0.268805 16877
0.268812 54822
0.268832 100974
0.268832 101974
0.268834 85428
0.268852 82575
0.268858 89061
0.268862 75443
0.268872 6292
0.268889 68691
0.268904 6009
0.268944 31278
0.268961 88804
0.268968 13117
0.26897 35890
0.268977 80493
0.268986 12118
0.269001 70245
0.269009 82076
0.269028 59185
0.269034 31650
0.269051 89470
0.26908 63158
0.269095 60313
0.269096 28800
0.2691 49816
0.269121 28017
0.269124 37629
0.269146 82069
0.269161 11828
0.269166 71381
0.26922 8377
0.269223 18476
0.269223 8480
0.269228 83800
0.269243 67528
0.269243 90031
0.269252 34249
0.269263 85157
0.269274 66280
0.26929 97420
0.269324 10541
0.26934 84827
0.269342 25726
0.269361 82471
0.269363 46554
0.269374 74234
0.269382 32363
0.269382 89943
0.269396 90190
0.269412 21675
0.269421 97853
0.26943 89332
0.269447 37885
0.269454 95878
0.269459 85542
0.269461 38400
0.269473 384
0.26949 22539
0.269501 83811
0.26951 71154
0.269513 28761
0.269524 76410
0.269555 46525
0.269568 67368
0.269569 30831
0.269581 14761
0.269594 4422
0.269601 9541
0.269639 89867
0.26964 13847
0.269653 35166
0.269659 34277
0.269661 76370
0.269678 61886
0.269686 41679
0.269698 39996
0.269715 44802
0.269735 592
0.26974 66605
0.269745 83497
0.269746 15625
0.269764 1476
0.269768 42881
0.269772 39798
0.269808 14276
0.26982 16369
0.269853 71348
0.269859 18189
0.269861 21635
0.269865 43033
0.269871 94532
0.269899 12279
0.2699 54146
0.269909 84993
0.269933 68393
0.269934 99122
0.269935 37191
0.26994 810
0.269946 12982
0.269951 35636
0.269953 95903
0.269964 22704
0.269976 40671
0.269981 75414
0.269981 8678
0.269982 69246
0.269991 29386
0.269991 96959
0.269999 820
0.270014 19696
0.270015 2325
0.270018 13868
0.270023 73653
0.270023 74679
0.270036 41278
0.270047 99363
0.270053 67909
0.270092 46512
0.270099 70028
0.270104 8335
0.270114 79143
0.270117 86651
0.270134 58094
0.270137 97780
0.270143 26942
0.270179 49447
0.270187 26113
0.270198 74536
0.270206 20220
0.270222 83621
0.270236 40710
0.270246 73560
0.270259 3946
0.270265 95281
0.270273 80205
0.270275 50336
0.270296 71339
0.270306 2084
0.270307 53256
0.270313 76073
0.270321 59612
0.270349 58656
0.270351 42661
0.270356 33766
0.27037 92278
0.270374 52834
0.270404 76202
0.27042 60197
0.270431 40532
0.27044 8266
0.270445 37931
0.27045 8621
0.27047 68438
0.270473 9061
0.270484 59328
0.270484 83132
0.27049 3041
0.270498 66151
0.270515 67167
0.270516 40149
0.270518 75505
0.270519 43668
0.270524 67227
0.270527 66648
0.27053 100537
0.27053 101537
0.270562 70610
0.270562 7187
0.270565 64193
0.270575 24232
0.270576 56525
0.27058 9104
0.270585 88012
0.270602 23537
0.270612 85010
0.270618 93278
0.270641 53247
0.270651 39405
0.270664 53640
0.270695 35573
0.270711 82035
0.270714 31209
0.270716 98913
0.270735 44913
0.270754 11684
0.270774 49646
0.270783 14727
0.270787 60813
0.270825 92074
0.270835 17430
0.270841 68629
0.270866 20544
0.270881 2938
0.2709 80695
0.270916 15594
0.270934 95438
0.27097 58450
0.270982 55557
0.270985 61947
0.27099 47475
0.271014 92652
0.271036 5893
0.271038 16959
0.271046 16993
0.27106 3650
0.271064 74253
0.271087 83375
0.271097 61855
0.271099 13770
0.271122 95677
0.271126 94129
0.271129 98379
0.271148 64379
0.271171 39861
0.271171 64154
0.27118 63502
0.271208 85788
0.271225 38615
0.271227 46875
0.271232 45296
0.271272 37326
0.271275 24313
0.271275 7509
0.271277 46789
0.271291 56013
0.271298 75339
0.271305 76965
0.271309 43305
0.271323 10965
0.271324 17587
0.271344 80715
0.271348 44698
0.271351 100973
0.271351 101973
0.271353 100338
0.271353 101338
0.271354 54206
0.271361 13154
0.271366 56314
0.271381 44735
0.271385 25667
0.271399 19189
0.2714 92713
47 116