1 2
388
0.062592 867
0.062593 79191
0.062596 79460
0.062622 76117
0.062622 87056
0.062626 31715
0.062628 69662
0.062633 56530
0.062641 27157
0.062643 64553
0.06265 84741
0.062666 41145
0.06269 52584
0.062697 3852
0.0627 25407
0.062713 87234
0.06273 77045
0.06275 33208
0.062755 78679
0.062764 34566
0.062776 56567
0.062776 9164
0.062781 64045
0.062786 73005
0.062789 80733
0.062806 44850
0.062807 47072
0.062857 50574
0.06286 43678
0.062871 63954
0.062876 84642
0.062892 64349
0.062915 10951
0.062928 40138
0.062941 14841
0.062946 69587
0.062955 32899
0.062964 31004
0.062974 1315
0.062982 45707
0.06302 45759
0.063026 64341
0.06303 50826
0.063038 68264
0.06304 48225
0.063046 42241
0.063052 28043
0.063053 29203
0.063062 8423
0.063086 41115
0.063098 86180
0.063107 8933
0.06311 32880
0.063122 29590
0.063128 57364
0.063134 48843
0.06318 91089
0.063181 84594
0.063181 98352
0.063187 43181
0.063189 83458
0.063203 29658
0.063206 76477
0.063233 37930
0.063237 45081
0.063245 6651
0.063249 23298
0.06325 19340
0.063263 28563
0.063273 84038
0.063278 91338
0.063298 50794
0.063303 71569
0.063307 44134
0.063308 97196
0.063309 90271
0.063311 52345
0.063312 43752
0.063316 46400
0.063324 78298
0.063325 76565
0.063347 83183
0.063354 15618
0.063356 9982
0.063369 70082
0.063381 93075
0.063401 86579
0.063424 28204
0.063437 39115
0.063444 16286
0.063445 52920
0.063449 72252
0.06345 17838
0.063459 68712
0.063467 16897
0.063473 67481
0.06348 55477
0.063484 26159
0.063492 47206
0.063498 47003
0.063505 48346
0.06352 45444
0.063524 35144
0.063534 23980
0.063578 39407
0.063582 11489
0.063585 55882
0.063591 99091
0.063598 95081
0.063604 96543
0.063617 49737
0.063619 35207
0.063628 96989
0.063634 48970
0.063634 89503
0.063642 14047
0.063649 53399
0.063652 79656
0.063655 92927
0.06366 75568
0.063665 88439
0.063672 58887
0.063677 45443
0.063677 78756
0.063685 60431
0.063692 38569
0.063696 12278
0.063698 61806
0.06371 20475
0.063714 22905
0.063714 39397
0.063724 48424
0.063727 36172
0.063734 77227
0.063781 96069
0.063787 14664
0.063787 48761
0.063804 34863
0.063806 20640
0.063806 35859
0.063819 86987
0.063849 7986
0.063862 69796
0.063864 94079
0.063916 94638
0.063921 90699
0.06393 66664
0.06393 72683
0.063936 18752
0.063947 67178
0.063956 98211
0.063961 10446
0.063978 48033
0.06398 73045
0.063989 85640
0.064 24159
0.064003 85689
0.064006 47887
0.064007 31799
0.064009 58043
0.064018 39625
0.064021 3730
0.064022 96842
0.064023 69930
0.064032 30710
0.064045 55159
0.064046 41292
0.064058 32862
0.064063 45364
0.064067 99316
0.064105 27339
0.06416 65821
0.064171 63673
0.064177 75549
0.064189 92751
0.064236 45355
0.06424 10980
0.064247 64514
0.064265 80909
0.064286 15465
0.064308 70657
0.064315 63487
0.064318 86420
0.064332 92800
0.064339 24789
0.064353 34193
0.064353 51305
0.064353 87558
0.064356 54118
0.064361 13864
0.064369 2962
0.06437 74258
0.064371 99497
0.064378 29857
0.064383 65996
0.064386 6496
0.064389 74723
0.064402 77335
0.064405 71888
0.064407 74029
0.064416 71449
0.064439 23529
0.064439 9757
0.064442 84984
0.064443 42109
0.064475 35724
0.064478 25189
0.064481 69914
0.064499 94925
0.064512 94330
0.064521 57082
0.064522 52754
0.064536 42190
0.064552 34230
0.064572 89108
0.064585 53708
0.064588 70521
0.064604 92899
0.064605 71866
0.064608 79041
0.064617 11223
0.064633 60764
0.064646 92357
0.06465 61067
0.064657 26916
0.064681 45047
0.064682 40841
0.064686 83942
0.064702 14997
0.064709 71771
0.064714 28526
0.064718 17056
0.064726 87169
0.064744 17005
0.064744 85044
0.064763 79874
0.064768 69769
0.064789 12167
0.064806 11900
0.064811 55919
0.064832 14520
0.064832 2414
0.064863 44275
0.064866 91306
0.06487 1810
0.06487 63804
0.064909 47183
0.064919 10532
0.064921 97002
0.064941 58114
0.064943 88876
0.064951 50096
0.064953 27426
0.064973 74460
0.065013 15449
0.065019 13472
0.06505 35129
0.065055 17818
0.065062 19959
0.065069 54900
0.065079 1215
0.065095 56582
0.065107 81580
0.06511 17485
0.065119 55370
0.065135 44935
0.065139 27050
0.065143 25920
0.06515 76186
0.06516 29723
0.06516 78083
0.065179 12149
0.065191 21151
0.06521 98591
0.065223 16351
0.06523 69806
0.065256 8541
0.065256 95632
0.065267 77968
0.065273 58990
0.065278 28727
0.065281 76080
0.065294 61232
0.065319 32457
0.065327 90122
0.065331 14672
0.065356 72294
0.065362 94990
0.065363 26201
0.065393 68773
0.0654 57718
0.065403 58682
0.065404 98668
0.06541 4812
0.065429 35316
0.06543 82274
0.065438 1217
0.065445 30916
0.065447 70765
0.065449 29340
0.065453 67993
0.065457 1608
0.065466 37546
0.065469 33082
0.065482 5083
0.065506 59405
0.065537 92255
0.06554 86042
0.065546 39396
0.065567 48276
0.065579 91868
0.065603 66594
0.065628 72925
0.065636 24400
0.065643 78280
0.065647 6112
0.065673 41339
0.065702 12674
0.065711 13969
0.065711 25659
0.065743 93476
0.065747 90376
0.065752 96194
0.065759 53365
0.06577 98026
0.065784 64369
0.065804 22490
0.065817 17537
0.065837 80054
0.06584 5813
0.065844 74254
0.065855 20287
0.065857 26269
0.065862 11405
0.065876 70194
0.065877 61436
0.065891 53197
0.065894 24604
0.065918 78999
0.065937 33786
0.065949 50466
0.065958 17578
0.065989 14381
0.066005 69374
0.066009 21755
0.06601 54942
0.066014 11766
0.066023 68821
0.066027 2908
0.066031 62569
0.066049 24936
0.066051 13026
0.066056 98563
0.066071 99956
0.066096 19256
0.066104 58473
0.066115 19455
0.066115 25772
0.066135 35230
0.066154 39809
0.066155 78211
0.066157 90413
0.06616 84566
0.066164 3018
0.066165 39253
0.066181 90057
0.066187 95972
0.066223 75359
0.066223 96181
0.066233 82765
0.066234 19782
0.066234 46613
0.066239 99516
0.06624 21261
0.06624 23534
0.066252 49132
0.066275 89330
0.066288 38906
0.06629 72081
0.066291 26866
0.066295 49658
0.066317 79559
0.066319 61895
0.06633 8416
0.066331 6242
0.066338 1495
0.066352 55414
0.066367 36339
119 12