1 2
352
0.92206 6660
0.922083 35638
0.922094 1924
0.922099 28799
0.922105 86004
0.922158 81206
0.92216 53325
0.922166 90653
0.92217 2858
0.922171 81244
0.922173 39923
0.92218 56803
0.922183 37467
0.922191 77458
0.922196 6137
0.922209 39185
0.922215 99886
0.922251 11340
0.922264 76563
0.922293 62724
0.922331 24538
0.922332 41616
0.922335 38505
0.922341 26855
0.922348 26368
0.922373 9279
0.922378 17806
0.922386 79552
0.922406 56716
0.922411 30217
0.92242 79312
0.92243 10926
0.922431 28667
0.922434 2735
0.922435 76208
0.922462 98544
0.922463 50805
0.922493 59136
0.922498 45765
0.9225 62715
0.922502 47926
0.922507 93572
0.922541 62868
0.922543 80800
0.922544 74126
0.92255 1817
0.922572 90811
0.922575 81471
0.922583 87192
0.922596 60793
0.922613 88769
0.922619 39672
0.922626 38440
0.922627 10040
0.922641 9117
0.922652 92437
0.92266 35369
0.922675 13151
0.922677 37895
0.922679 26794
0.922681 4407
0.922709 14728
0.922724 23449
0.922731 60465
0.922765 47004
0.922768 18308
0.922793 34604
0.922804 7357
0.922809 92328
0.922818 628
0.922821 28301
0.922825 84960
0.92284 87318
0.922867 21948
0.922905 61954
0.922918 87114
0.922931 11424
0.922933 52568
0.922935 87765
0.922948 26286
0.922953 76175
0.922956 60165
0.922965 13819
0.923017 71552
0.923042 38717
0.923043 35033
0.92305 40123
0.923052 14211
0.923059 60502
0.92306 97333
0.923075 12355
0.923077 83334
0.923085 59685
0.923101 23567
0.923102 22831
0.923123 6053
0.923124 88214
0.923139 11240
0.923142 83961
0.92315 20448
0.92315 62207
0.923152 11922
0.923184 50734
0.923233 33741
0.923243 89119
0.923245 70091
0.923255 64354
0.923263 69783
0.92328 10778
0.923292 24465
0.923299 40502
0.923322 24237
0.923326 83982
0.923339 64876
0.923345 96299
0.923346 75411
0.923364 26164
0.923368 43232
0.923387 56963
0.923391 78167
0.923405 47325
0.923415 44314
0.923417 69286
0.923423 90412
0.923425 39033
0.923436 19858
0.923442 49011
0.923452 81620
0.923464 44
0.923484 77867
0.923486 59797
0.923501 3711
0.923512 84354
0.923526 88434
0.923528 57095
0.923531 83704
0.923538 213
0.923539 40849
0.923548 24251
0.923548 40467
0.923553 92116
0.923573 96667
0.923576 1729
0.923585 13885
0.923596 73586
0.923609 65361
0.923611 67202
0.923612 63672
0.923622 10056
0.923623 18850
0.923634 8719
0.923639 13415
0.923645 20631
0.923648 48785
0.923662 66559
0.923669 59673
0.923672 5373
0.923675 26673
0.92368 32500
0.923684 67581
0.923687 22274
0.923693 11535
0.923694 53913
0.92373 60714
0.923735 47374
0.92374 59148
0.923752 37877
0.923764 82443
0.923791 32529
0.923797 79581
0.923825 87001
0.923834 30477
0.92384 14859
0.923845 26914
0.923846 87975
0.923854 39053
0.923859 71114
0.923865 63957
0.923882 52411
0.923883 42570
0.923893 642
0.923894 65600
0.923908 21942
0.923913 75775
0.923924 58608
0.923938 85432
0.923945 4253
0.923952 25808
0.923973 96414
0.924004 44448
0.924008 24619
0.924012 65550
0.92403 36125
0.924035 21242
0.924043 67810
0.924048 89543
0.924077 94084
0.924084 29353
0.924084 36889
0.924086 65368
0.924093 62260
0.924099 70294
0.92411 83209
0.924127 65664
0.924128 6706
0.924134 46182
0.924137 48898
0.924138 91857
0.924144 27491
0.924146 17163
0.924162 26387
0.924175 1463
0.924183 6809
0.924192 47792
0.924194 68648
0.924216 52879
0.924227 87316
0.924244 21477
0.924251 86206
0.924265 13863
0.924266 20389
0.924289 38427
0.924293 52435
0.924307 76106
0.924319 57294
0.924324 93325
0.924331 40473
0.92436 68301
0.924367 12462
0.924369 56578
0.924374 72618
0.924379 67646
0.924381 13082
0.924385 17251
0.92439 85047
0.924414 12591
0.924423 35946
0.924452 81401
0.924455 82749
0.924456 44189
0.92447 19149
0.924491 39018
0.924497 14180
0.924505 21001
0.924514 9636
0.924519 50062
0.924531 3849
0.924531 46048
0.924555 24223
0.92457 76286
0.924583 12925
0.924595 31294
0.924618 46044
0.924619 84647
0.924656 47309
0.924671 28394
0.924693 6069
0.924699 18663
0.924706 78778
0.924707 51857
0.92474 56672
0.92476 46941
0.924761 23239
0.924768 38166
0.924785 93912
0.924788 50581
0.924788 82813
0.924815 42195
0.924835 35525
0.924837 72635
0.924851 11474
0.924851 31137
0.924853 55350
0.92486 39709
0.924877 55480
0.924879 14201
0.924885 2462
0.924888 21744
0.924907 25637
0.924908 17153
0.924912 34154
0.924918 87899
0.924924 69879
0.924936 12701
0.924942 9128
0.924943 15548
0.924968 56808
0.924968 60695
0.92498 49733
0.924981 91077
0.925002 37460
0.925005 6729
0.925008 98770
0.925014 63685
0.925026 66982
0.925037 34898
0.925053 22500
0.925078 4981
0.925081 45330
0.925101 78386
0.92511 84304
0.925124 28170
0.925129 8144
0.925139 31589
0.925152 84897
0.925156 26572
0.925157 74034
0.925172 34665
0.925175 88321
0.925178 57217
0.925178 77556
0.925181 62501
0.92519 41366
0.925191 49312
0.925197 36233
0.925203 43032
0.925225 91671
0.92525 5890
0.925254 1313
0.925266 85817
0.925275 54139
0.92528 79230
0.925319 63156
0.925335 66820
0.925339 62838
0.925346 10046
0.925354 46242
0.925364 47918
0.925368 54543
0.925371 13481
0.925388 27875
0.925388 35551
0.925392 60441
0.925394 49399
0.925404 93150
0.92541 97183
0.925417 7981
0.92543 74752
0.925443 30659
0.925443 49022
0.925447 22839
0.925472 32202
0.925479 31841
0.925506 74380
0.925507 70293
0.925518 95703
0.925541 18488
0.925542 81272
0.925554 70718
0.925558 68827
0.925567 89579
0.925576 90253
115 44