1 2
378
0.529627 11961
0.529633 66938
0.529646 61656
0.529658 9622
0.52966 12150
0.529694 38334
0.5297 94745
0.529704 69369
0.529705 8454
0.529709 99405
0.529718 78753
0.529723 56616
0.529725 16875
0.529729 35769
0.529765 15642
0.529792 24089
0.529794 32137
0.529804 78305
0.529806 40398
0.529816 37740
0.529818 4329
0.529819 83601
0.52982 11186
0.52982 47761
0.529823 66976
0.529826 32628
0.529826 7884
0.529832 75406
0.529842 70878
0.529854 59997
0.529862 92528
0.529865 80335
0.529878 88066
0.52989 59063
0.529895 88640
0.5299 39985
0.529911 6781
0.529912 54337
0.529924 45459
0.529937 69977
0.529938 39168
0.529941 17503
0.529956 72379
0.529966 73778
0.529968 97655
0.52997 74435
0.529972 28836
0.529991 50926
0.529997 74579
0.53 50820
0.530001 83161
0.530008 8492
0.530039 94545
0.530059 47654
0.530062 55210
0.530067 98320
0.530074 5695
0.530075 45039
0.530077 10794
0.530083 96777
0.530088 72716
0.53009 81704
0.530119 99503
0.530128 2333
0.530135 31781
0.530136 75401
0.530145 22310
0.53015 22652
0.530159 9253
0.53016 45989
0.530164 31335
0.530177 70492
0.530186 67740
0.530188 43936
0.530206 14958
0.530209 29895
0.530213 17628
0.530213 2091
0.530219 80481
0.530223 10159
0.530231 67194
0.530236 98462
0.53025 27917
0.530295 90895
0.530307 24486
0.530309 95207
0.530313 13205
0.530322 37727
0.530325 60207
0.530327 51019
0.530328 31520
0.530337 66203
0.53034 54850
0.530364 61940
0.53037 53381
0.530396 82617
0.530413 99352
0.530418 89790
0.530421 26977
0.530433 81129
0.530465 69673
0.530466 65542
0.53047 67216
0.530476 40652
0.530489 4189
0.530503 98704
0.530519 71194
0.53052 51542
0.530538 45652
0.530538 47618
0.530545 58169
0.530571 78339
0.530571 82121
0.530573 39026
0.530575 64548
0.530611 34784
0.530612 74510
0.530615 62750
0.530625 34472
0.530627 47281
0.530635 48258
0.530637 74502
0.530648 86531
0.530652 66965
0.530654 20954
0.530675 17969
0.530676 24081
0.530678 90459
0.530689 43281
0.530711 259
0.530712 2165
0.530724 84584
0.530749 84522
0.530771 75620
0.530774 66995
0.530777 16137
0.530783 72647
0.530797 9860
0.530802 21100
0.530803 86946
0.530808 6888
0.530838 23200
0.530842 24566
0.530843 74267
0.530853 31260
0.530867 16714
0.530868 83796
0.530872 46251
0.530874 25582
0.530882 2440
0.530896 22612
0.530896 95643
0.530901 56915
0.530909 85540
0.53096 61781
0.53096 83207
0.530961 99361
0.530976 78912
0.530978 49212
0.530981 25019
0.530984 97719
0.53099 37041
0.530992 36372
0.531 12644
0.531008 88562
0.531015 21894
0.531016 28996
0.531025 43941
0.531029 7409
0.531052 46303
0.53107 90261
0.531075 85745
0.531084 98793
0.531109 28684
0.531109 92145
0.531113 39783
0.53112 5072
0.531121 33723
0.531127 60445
0.531142 73276
0.531149 79713
0.531151 71425
0.531167 64008
0.531169 51207
0.531175 93873
0.531178 52167
0.531178 84378
0.531187 51702
0.531235 34982
0.531237 46850
0.53124 98427
0.531261 18202
0.531269 91442
0.531294 59809
0.531307 96482
0.531323 3450
0.531323 68753
0.531343 26629
0.531348 74324
0.531369 6487
0.531374 78044
0.531403 31795
0.531428 42159
0.531431 29243
0.531441 48
0.531449 143
0.531462 17383
0.531469 83111
0.531473 47244
0.531473 79096
0.531481 93259
0.531496 88320
0.531502 505
0.531506 48556
0.53153 63740
0.531535 25528
0.531537 81368
0.531539 40291
0.531573 37853
0.531576 86003
0.531579 72262
0.53158 49893
0.53158 67007
0.531584 74444
0.531596 26816
0.531597 26299
0.531609 66016
0.531634 89702
0.531638 13524
0.531638 37351
0.531656 35857
0.531659 75341
0.531663 44577
0.531664 10016
0.531679 89445
0.531699 63889
0.5317 59589
0.531701 97412
0.531708 3954
0.531713 68820
0.531723 21674
0.531724 29196
0.531737 22698
0.531751 1763
0.531763 44527
0.531772 82160
0.531776 51922
0.531776 57640
0.531777 51031
0.531779 88157
0.531789 95675
0.531798 6366
0.531811 39695
0.531833 69412
0.531834 93485
0.531837 60433
0.531838 99269
0.531846 94000
0.531848 41539
0.531851 51426
0.531876 29564
0.531877 55864
0.531884 3442
0.531888 93532
0.531898 27889
0.531899 632
0.531902 96444
0.531906 2183
0.531911 41657
0.531928 81012
0.531969 31917
0.531972 49603
0.531974 54569
0.532004 95578
0.532008 25652
0.532015 70437
0.532035 38803
0.532039 45700
0.532047 27897
0.532054 5500
0.532061 5865
0.532068 61387
0.53207 2617
0.532074 60775
0.532076 5199
0.532081 98637
0.532092 56180
0.532095 11274
0.532104 60664
0.532107 45890
0.532114 2907
0.532115 5480
0.532122 70069
0.532125 90456
0.532145 23248
0.532177 19351
0.532224 46566
0.532241 84425
0.532261 88571
0.532275 95970
0.532276 64676
0.53228 36256
0.532287 30318
0.532287 62974
0.532292 28523
0.532296 41350
0.532296 93032
0.532311 82074
0.532314 70972
0.532319 3791
0.532324 60593
0.532338 79468
0.532339 49217
0.532388 24935
0.532392 36106
0.532393 46241
0.532394 78566
0.532405 39572
0.532418 55243
0.532428 19889
0.532444 29794
0.532447 93881
0.532454 71171
0.532455 10131
0.532458 71892
0.532458 89175
0.532462 33890
0.532476 90184
0.532479 52104
0.532486 20674
0.532519 79001
0.532525 37317
0.532534 51374
0.532534 67308
0.532548 8389
0.532559 20909
0.532565 28321
0.532565 6434
0.532569 72238
0.532587 65848
0.532619 20825
0.53262 70029
0.532632 78359
0.532639 42728
0.53264 15851
0.532651 40687
0.532677 14736
0.53273 59130
0.532733 54795
0.532739 41061
0.532739 72880
0.532764 48151
0.532774 24940
0.532776 28746
0.532776 76094
0.532779 5050
0.532781 25242
0.53279 96910
0.532795 70960
0.532806 21729
0.532808 74809
0.532813 20470
0.532813 42755
0.532813 69804
0.532817 44455
0.532833 62335
0.532837 52363
0.532855 3203
0.532859 82612
0.53286 99406
0.532872 22678
0.532876 22054
0.532885 67612
0.532892 19535
0.532894 26343
0.532909 65859
0.532914 66167
0.532917 52144
96 56