1 2
374
0.906505 552
0.906512 56144
0.906521 35665
0.906536 83009
0.906542 25274
0.906544 16011
0.906571 33393
0.906573 66663
0.906573 69556
0.906595 48005
0.9066 41592
0.906604 18909
0.906617 72820
0.906623 13299
0.906623 33744
0.906624 87764
0.906626 47999
0.906627 48808
0.906637 7484
0.906654 89913
0.906656 35414
0.906663 88497
0.906667 27028
0.906685 87017
0.906695 51584
0.906696 51199
0.906699 82388
0.906723 55768
0.906725 18130
0.906731 41965
0.906736 71144
0.906737 48754
0.906738 53612
0.906753 98700
0.906769 77995
0.906772 29843
0.90683 34129
0.906834 87264
0.906855 19871
0.906859 97809
0.906861 36074
0.90688 9295
0.906897 32672
0.9069 32757
0.906913 31954
0.906921 87670
0.906922 74675
0.906944 43664
0.906945 86230
0.906966 53990
0.907002 50543
0.907011 26830
0.907013 98805
0.907036 59588
0.907044 2317
0.907072 52537
0.907074 31629
0.907098 65626
0.907111 71710
0.907115 96558
0.907127 12567
0.90713 80304
0.907134 7358
0.907148 31897
0.907169 64778
0.907172 100636
0.907172 95763
0.907173 42970
0.907173 65593
0.907178 14971
0.907192 50121
0.907223 72752
0.907237 77003
0.907238 32775
0.907247 72459
0.90725 85129
0.907256 11742
0.907264 81143
0.907266 61200
0.90728 63790
0.907288 19709
0.907289 67627
0.907309 44697
0.907321 79479
0.907328 49968
0.907339 12944
0.907341 87928
0.907347 68109
0.907386 55160
0.90741 36929
0.907411 72401
0.907452 58794
0.907452 82083
0.907459 202
0.907471 30424
0.907484 4373
0.90753 80572
0.907538 19462
0.907539 74962
0.907541 12991
0.907557 40014
0.907563 36019
0.907579 36988
0.907586 94369
0.90759 14023
0.907621 68502
0.907627 100326
0.907651 4983
0.90766 40304
0.907661 25301
0.907669 25243
0.90767 75394
0.907672 87333
0.907684 89162
0.90769 50821
0.907694 37538
0.907697 89488
0.907703 96797
0.907705 64318
0.907718 41025
0.907739 20547
0.907742 20612
0.907747 68839
0.907747 74105
0.907763 52279
0.907766 38219
0.907773 82340
0.907779 39888
0.907803 4664
0.907817 36030
0.907821 35678
0.907822 14852
0.907837 53145
0.907884 81738
0.907886 92018
0.907891 78580
0.907892 54865
0.907899 56877
0.9079 66220
0.907903 7103
0.907915 60600
0.907935 22693
0.90794 98995
0.907942 50653
0.907943 3784
0.907943 57889
0.907943 92825
0.907948 55538
0.907954 1285
0.90796 46277
0.90797 68470
0.907972 19058
0.907986 48742
0.908008 38756
0.90801 24187
0.90802 67391
0.908025 94679
0.908032 5062
0.908041 93232
0.908043 56597
0.908048 12713
0.90805 6689
0.908063 28502
0.908108 34080
0.908108 42030
0.908122 25088
0.908124 20115
0.908153 48283
0.908155 92239
0.90817 10373
0.908176 45776
0.908205 39838
0.908221 66905
0.908224 71424
0.908231 13918
0.908233 67891
0.908236 33494
0.908252 44188
0.908324 89253
0.908336 42418
0.908341 79602
0.908342 62450
0.908362 283
0.908365 36209
0.908373 15396
0.908402 35557
0.908404 41550
0.908406 41406
0.908412 16831
0.908413 7833
0.908416 24419
0.908445 73858
0.90847 63654
0.908477 15720
0.908478 98785
0.908488 91108
0.908493 97462
0.908501 24847
0.908544 4395
0.908548 37990
0.908567 82893
0.908579 79322
0.908595 100286
0.908598 9685
0.90862 23949
0.908634 75288
0.908638 13644
0.908644 56718
0.908667 51621
0.908686 1825
0.908704 73371
0.90871 48825
0.908712 47833
0.908749 78719
0.908753 53952
0.908757 90787
0.908761 96010
0.908769 94281
0.908806 92597
0.908807 91282
0.908813 5606
0.908819 6014
0.908824 27914
0.908826 22199
0.908839 71483
0.90884 33365
0.908848 86525
0.908851 77334
0.908861 57326
0.908876 7677
0.90888 37064
0.908892 91677
0.908893 77270
0.908906 15593
0.908933 92586
0.908965 67034
0.908968 26221
0.908982 16961
0.908991 72404
0.908993 38251
0.909 80162
0.909001 35757
0.909006 77843
0.909009 9970
0.909021 9317
0.909039 5599
0.909076 5134
0.90908 51430
0.909087 45521
0.90909 99705
0.909102 87593
0.909105 68599
0.909117 1893
0.909129 45033
0.909139 95859
0.909152 11328
0.909152 92194
0.909154 50493
0.909166 47393
0.909171 4397
0.909177 53814
0.909184 41273
0.909195 59663
0.909197 37551
0.909204 19371
0.909214 42735
0.909225 36049
0.909235 66262
0.909249 2097
0.909288 56855
0.909297 36444
0.909307 9671
0.909322 37650
0.909351 12016
0.90937 35015
0.909371 93773
0.909377 42883
0.909384 12294
0.9094 27678
0.909404 47170
0.909407 34692
0.90943 94207
0.909443 62388
0.909444 60243
0.909483 50515
0.909488 55058
0.909498 70402
0.9095 18527
0.909506 98731
0.909507 96707
0.909509 88983
0.909511 84580
0.909517 28918
0.909521 92059
0.909525 36109
0.909534 82695
0.909537 70268
0.909539 82860
0.90954 87077
0.909564 56932
0.909565 46658
0.909566 45842
0.909588 86913
0.90961 30851
0.909617 22665
0.909631 1423
0.909643 79995
0.909663 15235
0.909666 43878
0.909675 6156
0.90968 79243
0.909686 17617
0.909697 10686
0.909704 43868
0.909709 83913
0.909726 16715
0.909727 88728
0.90975 74959
0.909756 21286
0.909763 73103
0.909796 96112
0.909801 58641
0.909805 8874
0.90981 6718
0.909814 98606
0.909821 13194
0.909826 98611
0.909842 96919
0.909843 79353
0.909846 95159
0.909854 75544
0.909857 94676
0.909864 8242
0.909871 27280
0.909877 3520
0.909881 70829
0.909896 37111
0.909899 70243
0.909905 51900
0.909908 43646
0.90993 52286
0.909931 25815
0.909939 73096
0.909972 3892
0.909992 20817
0.910008 92755
0.910009 316
0.910017 59216
0.910022 90471
0.910023 93035
0.91003 36697
0.910036 64941
0.910054 2761
0.910059 20126
0.910095 33944
0.910095 42483
0.910123 96618
0.910167 72937
0.910177 97537
0.910181 28062
0.910184 26821
0.910192 28828
0.910195 70645
0.910207 55304
0.910217 44096
0.910217 4463
0.910225 39702
0.910228 99073
0.910245 31058
0.910264 37081
0.910269 1504
0.91027 31798
0.910286 32189
0.910289 15575
110 24