1 2
350
0.544762 5482
0.544766 9491
0.544768 53259
0.544773 69282
0.544782 97432
0.544793 68437
0.544796 25617
0.544843 89240
0.544847 4449
0.544853 24268
0.544863 34082
0.544873 8353
0.5449 41450
0.544922 88105
0.544928 95933
0.544935 59333
0.544946 6503
0.544955 21413
0.544959 18765
0.544966 83844
0.544979 55985
0.544979 74433
0.544982 33476
0.544988 10832
0.54499 27189
0.54499 93655
0.545011 85670
0.545024 48619
0.545041 32053
0.545063 70054
0.545086 92413
0.545101 29074
0.54512 63168
0.545138 45549
0.545173 21895
0.545198 30926
0.545199 86273
0.5452 68777
0.545201 51170
0.545206 74055
0.545219 15157
0.54522 58628
0.545227 57823
0.545268 44220
0.545273 15398
0.545277 98433
0.545288 46160
0.54529 56762
0.545318 73609
0.545332 54609
0.545333 97686
0.545341 99201
0.545343 47165
0.54537 23780
0.545392 70531
0.545397 23089
0.545405 56663
0.545408 36314
0.545415 28912
0.545423 30742
0.545432 86101
0.54545 1214
0.545455 35824
0.545458 92149
0.545461 46575
0.545474 92644
0.545492 62824
0.545495 83479
0.545499 67898
0.5455 95333
0.545512 13222
0.545519 43654
0.545519 63920
0.545529 99623
0.545548 89814
0.545589 83520
0.545608 98522
0.545616 70225
0.545622 23304
0.545641 18612
0.545641 20356
0.54566 12866
0.545715 55420
0.545732 1732
0.545737 75598
0.545742 47741
0.545744 73131
0.545755 2304
0.545759 83299
0.545771 58668
0.545771 97017
0.545777 80084
0.545778 51564
0.545783 27789
0.545795 10206
0.545806 14036
0.545829 9746
0.545833 21538
0.545836 11012
0.545846 63342
0.545849 42696
0.545849 88691
0.545851 52424
0.545885 90706
0.545915 23451
0.545916 3578
0.545924 82944
0.545928 61722
0.545935 10459
0.545945 80644
0.545945 98471
0.545949 32790
0.545956 59230
0.545963 86260
0.545978 10383
0.545989 61640
0.546006 25972
0.546013 49324
0.546015 50971
0.546027 22272
0.54603 69474
0.546071 80119
0.546073 53935
0.546079 2342
0.546097 88825
0.546101 68320
0.546104 64186
0.546112 90816
0.546125 40355
0.546135 185
0.546167 83201
0.546178 41910
0.546196 55597
0.546198 65858
0.546221 90445
0.546241 16179
0.546244 56570
0.546255 80399
0.546282 78598
0.546303 62580
0.546314 53617
0.54633 53324
0.546334 12613
0.546339 1902
0.546344 56254
0.546352 49046
0.546366 10074
0.546369 80578
0.546374 5548
0.546375 90228
0.546389 10564
0.54639 30510
0.546395 1274
0.546401 24130
0.546415 73644
0.546417 99812
0.546425 60975
0.546432 8738
0.546436 22595
0.546444 61362
0.546448 98924
0.546467 44777
0.546469 89567
0.546473 83909
0.546495 9005
0.546498 68251
0.5465 32064
0.546505 85412
0.546513 6225
0.546538 24162
0.546539 66791
0.54655 24197
0.546566 59887
0.54657 28886
0.546584 30667
0.546622 37244
0.546624 36748
0.546631 36310
0.546649 35252
0.54665 65831
0.546684 16198
0.546691 79856
0.546729 3598
0.546741 32329
0.546753 62571
0.546753 68580
0.546759 92214
0.546769 66110
0.546789 7244
0.546797 28670
0.546798 44511
0.546799 73331
0.546809 54555
0.546822 61838
0.546825 27849
0.546825 70281
0.546836 28532
0.54685 42701
0.546854 11555
0.546869 88518
0.546889 1694
0.5469 62718
0.546907 42540
0.546938 20822
0.546951 29066
0.54696 49315
0.546962 88232
0.546965 45089
0.546966 61777
0.546966 97303
0.54698 30525
0.546983 70483
0.546987 25722
0.546997 41381
0.547006 5569
0.547015 54126
0.547023 79905
0.547024 53268
0.547043 17475
0.547055 10466
0.547072 33775
0.547073 23479
0.547105 2965
0.547107 5607
0.547107 87577
0.54711 15806
0.54712 18559
0.547138 56242
0.547144 48136
0.547153 69736
0.547153 85032
0.547163 5822
0.547179 40180
0.547179 48955
0.547184 66643
0.547206 69679
0.547206 8490
0.547211 61510
0.547211 78222
0.547231 48613
0.547241 39383
0.547261 5451
0.547263 17607
0.547266 55853
0.547267 8515
0.54727 49510
0.547275 98272
0.547285 79511
0.547302 53463
0.547311 88742
0.547324 86368
0.547326 15767
0.547358 17068
0.547359 45861
0.547382 99630
0.5474 15121
0.547417 93318
0.547427 64720
0.547441 10015
0.547449 94201
0.547452 10813
0.547467 7831
0.547493 19009
0.547496 95356
0.547499 21620
0.547505 19417
0.547508 29369
0.547509 19287
0.547535 55378
0.547545 88686
0.547555 78109
0.547556 88291
0.547579 22278
0.547602 89952
0.547607 19399
0.547617 44759
0.547621 3439
0.547621 76042
0.547645 64721
0.547651 62021
0.547653 15942
0.547671 46071
0.547699 54182
0.547738 68048
0.547746 16249
0.547748 47237
0.547768 33407
0.547772 82233
0.547773 40700
0.547779 76069
0.547784 3068
0.547795 13806
0.54781 48318
0.547813 42820
0.54782 71032
0.547827 13452
0.547833 66156
0.547843 86296
0.547851 2883
0.547866 36331
0.547871 46091
0.547873 20716
0.547882 35489
0.547883 7717
0.5479 35933
0.5479 73441
0.547903 39730
0.547908 13929
0.547911 34570
0.547923 9036
0.547926 81375
0.547927 63784
0.547939 5905
0.547947 96247
0.547952 92718
0.547959 12428
0.547961 84300
0.547995 20836
0.548003 80350
0.548017 45606
0.548025 74942
0.548041 51640
0.548048 27346
0.548052 85681
0.548057 32049
0.548068 38287
0.548079 53480
0.548087 59140
0.54811 38244
0.548121 32506
0.548141 5668
0.548143 9174
0.548156 18584
0.548162 41558
0.548171 91284
0.548175 33762
0.548198 98769
0.5482 18351
0.54821 91208
0.548215 4333
0.548221 50524
0.548225 75465
0.548227 13297
0.548227 71362
0.548235 69507
0.548237 25167
0.548244 29867
0.548248 74551
0.54825 24289
0.548265 28487
109 28