1 2
439
0.479455 28182
0.479462 17149
0.479482 54556
0.47951 44859
0.47952 79366
0.479521 96944
0.479537 32859
0.479551 66944
0.479564 99328
0.479566 7608
0.479572 17047
0.47958 7221
0.479591 66330
0.47966 39846
0.479667 84025
0.479676 71823
0.479677 42998
0.47978 48930
0.479787 25590
0.479805 25320
0.479816 31403
0.479818 75209
0.479827 27334
0.479847 87230
0.47986 16643
0.47986 27008
0.479888 59363
0.479898 81117
0.479919 76976
0.479949 5110
0.479976 7261
0.479979 72899
0.479988 100429
0.479988 101429
0.479989 92699
0.48003 77880
0.480045 21499
0.48005 10068
0.480061 78215
0.480066 58529
0.480077 97249
0.480081 94404
0.480099 73207
0.480106 36200
0.480106 82079
0.480109 23059
0.480118 90767
0.480121 62761
0.480127 64770
0.480162 36883
0.480165 80701
0.480171 71682
0.480181 81257
0.480185 10504
0.480193 3014
0.480204 11432
0.480231 14397
0.480237 97347
0.48024 55704
0.480249 74474
0.480253 33308
0.480259 23171
0.480304 75487
0.480307 19741
0.480315 37507
0.48033 86299
0.480332 41929
0.48035 82492
0.480356 43121
0.480358 63384
0.480363 8769
0.480375 27708
0.480383 67460
0.480402 82620
0.480405 93110
0.480406 38792
0.480409 93494
0.480428 38481
0.480458 10100
0.480485 45744
0.480506 11550
0.480521 37622
0.480543 10076
0.480556 25531
0.480575 13053
0.480576 21589
0.480576 6436
0.480584 48098
0.480592 94823
0.480597 11606
0.4806 82784
0.480603 32963
0.480606 14412
0.480622 43495
0.480623 72318
0.480627 19158
0.48063 76680
0.480647 79028
0.480661 79236
0.480685 28804
0.480692 45248
0.480708 5990
0.480712 4984
0.480716 65517
0.48072 74476
0.48072 93692
0.480765 82259
0.48077 100281
0.48077 101281
0.480774 1666
0.480775 93233
0.480777 22570
0.480782 98974
0.4808 18124
0.480807 13094
0.480809 87876
0.48083 79441
0.480834 59149
0.480845 32344
0.480856 7214
0.480859 43924
0.480862 100996
0.480862 101996
0.480864 20669
0.480878 15951
0.480881 93368
0.480895 23814
0.4809 44311
0.480906 7040
0.480917 91227
0.480934 37276
0.480952 70469
0.480969 48149
0.480995 65691
0.481002 68138
0.481007 78418
0.481009 23808
0.481022 58175
0.481028 45200
0.481032 92161
0.481046 12344
0.481052 2264
0.481058 64493
0.481069 8862
0.481076 35240
0.481077 73627
0.481088 84512
0.481091 38258
0.481107 91722
0.481122 26050
0.481129 3786
0.48114 27955
0.481165 100956
0.481165 101956
0.481169 90712
0.481181 67559
0.481185 28210
0.481185 69696
0.481188 91909
0.481195 27457
0.481206 26734
0.481214 74076
0.481217 11645
0.48123 69427
0.481253 70700
0.481256 4300
0.481261 36491
0.48129 15232
0.481297 83286
0.481303 93240
0.481306 99350
0.481315 53077
0.481321 37009
0.481326 11064
0.481326 22692
0.481337 28472
0.481348 46537
0.481352 91186
0.481356 94517
0.481358 57083
0.481363 24863
0.481371 8151
0.481371 94158
0.4814 95173
0.481406 67435
0.481421 40335
0.481421 83953
0.481426 58930
0.481448 52485
0.48145 20145
0.481475 79151
0.481489 23426
0.481507 89999
0.481514 18269
0.481519 52626
0.481519 97973
0.48152 82667
0.481546 29806
0.481549 15745
0.481579 40477
0.481591 85981
0.481596 55373
0.481607 23095
0.48162 81569
0.481621 37536
0.481622 64667
0.481633 43042
0.481633 95019
0.481636 47327
0.481636 73546
0.481641 5621
0.481641 57450
0.48166 64353
0.481671 19289
0.481682 90963
0.481687 39713
0.481687 76086
0.481706 59509
0.481707 55044
0.481731 33369
0.481748 46636
0.48175 99917
0.481767 82000
0.48177 66020
0.481784 39388
0.481796 77991
0.481805 46736
0.481823 29044
0.481828 5371
0.481845 95099
0.481847 42151
0.481873 13517
0.481889 57676
0.481926 27839
0.481932 28843
0.481959 61095
0.481974 67205
0.481979 91893
0.48199 28096
0.481997 28847
0.482031 11887
0.482035 8741
0.482041 51135
0.482049 42074
0.482052 32948
0.482064 40632
0.482064 53941
0.482089 32721
0.48209 32728
0.48209 93108
0.482106 41428
0.482109 63219
0.482111 70529
0.482123 40979
0.482129 80773
0.482144 23050
0.482144 78976
0.482172 44365
0.482182 18510
0.482186 42168
0.48219 44391
0.482191 37207
0.482193 6390
0.482216 80722
0.482218 25950
0.482224 15592
0.482239 84931
0.48224 80707
0.482246 50004
0.482284 99165
0.482294 70695
0.482321 38688
0.48234 97295
0.482346 99697
0.482354 39381
0.482375 49400
0.482376 18824
0.48238 8134
0.482397 69992
0.482398 73148
0.4824 60443
0.482406 45778
0.482416 64956
0.482424 68900
0.482429 82268
0.482443 69987
0.482449 68428
0.482457 2466
0.482459 77328
0.482461 65172
0.482469 98966
0.482481 61170
0.482499 44954
0.482508 21932
0.482512 8341
0.482527 75334
0.482528 80294
0.482545 65229
0.482568 100521
0.482568 101521
0.482575 85163
0.482583 83938
0.482585 62347
0.482586 483
0.482587 91632
0.482588 72154
0.482598 23719
0.482601 74790
0.482607 43114
0.482612 15606
0.482625 70011
0.482629 83922
0.482631 13979
0.482634 10923
0.482647 6059
0.482652 88388
0.482659 59899
0.482667 27454
0.482669 8667
0.482677 90562
0.482683 46331
0.482701 51777
0.482702 64877
0.482705 99689
0.482714 80986
0.482725 65320
0.482731 21634
0.482756 38430
0.482766 77424
0.482769 74557
0.482776 85894
0.482811 4676
0.482836 67926
0.482838 86321
0.482839 40952
0.482843 27833
0.482848 26088
0.482854 606
0.482873 25527
0.482881 57604
0.482892 78529
0.482896 89191
0.482901 41266
0.482905 37062
0.482911 95799
0.48292 95884
0.482921 46955
0.482952 87579
0.482967 70534
0.482968 38689
0.482973 89551
0.483009 18648
0.483031 14855
0.483031 89218
0.483066 19823
0.483071 62421
0.483127 4517
0.483133 58570
0.483137 49230
0.483149 87527
0.483152 32268
0.483164 29010
0.483182 54590
0.483186 38359
0.483189 43570
0.483197 91734
0.483198 34452
0.483198 49459
0.483205 56801
0.48322 43726
0.483238 52680
0.483253 75957
0.483269 17013
0.48327 37625
0.483271 39002
0.483271 51493
0.483271 99283
0.483281 62813
0.483285 73122
0.48331 42468
0.483321 44118
0.483349 31995
0.483372 48954
0.483378 30840
0.483391 62894
0.483407 77394
0.483417 12229
0.483436 29558
0.483436 71051
0.483436 86711
0.483445 31102
0.483471 18717
0.483473 74385
0.483484 52313
0.483492 55384
0.483497 25665
0.483499 82311
0.483506 52896
0.483512 61986
0.48352 1722
0.483537 72177
0.48354 57058
0.483542 30320
0.483558 5477
0.483559 90955
0.48356 35396
0.483569 30608
0.483575 89410
0.483595 71085
0.483602 23462
0.483616 72784
0.483619 76722
0.483634 6429
0.483647 82321
0.483648 77180
0.48367 34433
0.483681 75800
0.48369 17075
0.483692 42638
0.483695 23192
0.483699 81597
0.483727 66034
0.48373 97187
0.483737 32776
0.483749 76440
0.483764 58375
0.483776 4488
0.483787 97382
0.483797 62101
0.4838 8458
0.483801 46412
0.483825 66616
0.483874 14379
0.483908 75780
0.483909 93643
0.483911 73994
0.483912 12647
0.483918 66323
0.48392 65921
158 171