1 2
367
0.899465 5854
0.899472 61221
0.899483 87946
0.899486 73930
0.899496 20266
0.899504 70430
0.899507 39983
0.89953 67244
0.89953 80500
0.899533 21106
0.899534 12901
0.899538 88181
0.89954 31565
0.899563 34257
0.899569 83186
0.899571 49831
0.899573 67655
0.899575 23644
0.899581 11366
0.899618 10542
0.899621 50051
0.899628 32303
0.899632 80952
0.899638 71850
0.899639 79280
0.89965 20667
0.899651 42911
0.899656 32142
0.899657 14248
0.899657 63786
0.899659 56198
0.899659 85487
0.899675 87064
0.899677 49522
0.899682 12197
0.899687 59335
0.899694 5386
0.899708 50012
0.899709 93943
0.899712 6981
0.899717 37566
0.899737 74124
0.899745 66881
0.899748 68415
0.899767 78513
0.899786 57737
0.899798 32022
0.899801 70230
0.899804 40306
0.899807 28347
0.899821 8982
0.899842 70887
0.899866 79318
0.899871 22536
0.899872 74509
0.89988 75002
0.899884 32399
0.899893 34329
0.899896 80444
0.8999 71767
0.899932 58422
0.899938 20962
0.899948 25770
0.899971 43115
0.899972 64728
0.899973 30489
0.899988 84558
0.899998 27062
0.899999 63336
0.900001 42130
0.900007 89376
0.900031 34593
0.900033 72541
0.900035 90311
0.90004 46704
0.900047 43431
0.900047 61987
0.900095 85703
0.900101 14846
0.900127 43332
0.900152 40976
0.900175 24365
0.900181 54538
0.900184 97491
0.900187 2753
0.900194 68550
0.900198 91559
0.900206 81126
0.900213 5146
0.900216 11585
0.900226 19449
0.900229 46589
0.900274 40054
0.900282 59200
0.900283 69532
0.900285 81377
0.900294 15869
0.900308 52088
0.900309 7710
0.900335 88045
0.900341 65559
0.900354 47452
0.900355 57576
0.900369 24489
0.900381 81890
0.900391 43800
0.900396 57886
0.900405 20428
0.900415 8155
0.900418 63073
0.900419 34385
0.900422 88228
0.900439 65177
0.90044 41650
0.900443 59723
0.900452 14318
0.900457 36222
0.90046 24185
0.900463 23464
0.900496 97648
0.900499 72788
0.900522 70501
0.900523 2640
0.900523 32986
0.90056 96305
0.900566 51489
0.90058 5691
0.900585 58706
0.900605 30563
0.90063 85706
0.900641 99859
0.90065 52928
0.90065 53291
0.900666 4898
0.900678 36545
0.900681 29433
0.900705 2297
0.900707 91278
0.90071 38202
0.900724 94467
0.900726 37741
0.900727 89118
0.900727 95104
0.900747 58810
0.900755 54930
0.900768 11433
0.900783 16411
0.9008 52794
0.900811 13020
0.900817 29751
0.900825 20699
0.900835 57198
0.900842 90621
0.900859 32930
0.900866 13830
0.900879 9283
0.900882 77043
0.900904 12370
0.900905 82509
0.90092 43652
0.900925 8956
0.900926 68225
0.900928 53119
0.900933 68941
0.900944 77346
0.900946 24051
0.900947 68205
0.900952 66232
0.900963 8441
0.900979 57194
0.900995 3927
0.900995 58177
0.901001 18792
0.901017 2560
0.901043 25961
0.901054 72036
0.901072 36610
0.901096 46058
0.901098 64146
0.901101 32596
0.901103 15872
0.90111 85012
0.901129 85848
0.90113 65867
0.901132 64972
0.901133 19059
0.901144 99914
0.901149 80757
0.901177 97561
0.901186 70482
0.901192 97766
0.901195 38036
0.901197 58429
0.901197 9500
0.901206 95321
0.90121 47752
0.901233 80917
0.901246 73789
0.901247 90685
0.901248 77595
0.901262 73671
0.901268 68997
0.901275 41483
0.901283 19525
0.901284 23367
0.901289 58226
0.901289 93002
0.901312 35570
0.901312 70233
0.901318 9517
0.901352 63799
0.90138 11532
0.901381 93703
0.901394 52189
0.901398 21869
0.901407 24921
0.901408 60914
0.901422 5592
0.901435 64576
0.901457 99446
0.901484 42104
0.90151 77098
0.901522 10075
0.901548 73693
0.901563 53982
0.901563 57502
0.901567 34509
0.901572 30729
0.901582 73166
0.901585 18051
0.901635 83417
0.90164 72215
0.901644 89555
0.90166 61786
0.901666 45332
0.901673 49902
0.901675 98288
0.901685 80278
0.901697 97759
0.901722 73278
0.90173 29740
0.901737 92974
0.901743 99279
0.901763 24853
0.901763 55674
0.90177 12656
0.901817 60645
0.90182 25991
0.90182 72990
0.901836 36614
0.901871 9016
0.901877 17292
0.901877 66542
0.901886 72383
0.901908 96580
0.901912 32054
0.901926 78724
0.90193 48348
0.90195 53151
0.901965 80344
0.90197 23685
0.902006 17984
0.902008 62840
0.902029 49325
0.902029 52957
0.902037 87360
0.902062 89581
0.902073 6283
0.902115 49272
0.902117 66956
0.902135 27543
0.902135 8095
0.902142 26358
0.902144 39252
0.902154 44655
0.902159 35014
0.902164 24204
0.902164 66506
0.902181 17121
0.902191 48827
0.902192 84544
0.902214 15850
0.90222 85937
0.902223 12744
0.902223 73128
0.902234 9542
0.902246 94607
0.902249 70842
0.902257 32568
0.902274 77831
0.902278 98078
0.902289 30769
0.902312 27834
0.902318 30309
0.902323 15155
0.902332 62734
0.902351 87417
0.902364 21717
0.902379 83611
0.90238 85005
0.902381 38662
0.902381 42659
0.902381 81498
0.902382 86181
0.902385 48701
0.902387 6950
0.902405 59195
0.902408 70724
0.90241 98315
0.902419 43398
0.902424 5819
0.90244 88705
0.902449 23033
0.90246 63960
0.902467 98617
0.902476 6563
0.902506 31229
0.902508 5636
0.902534 21830
0.902549 14700
0.90255 37193
0.90255 80755
0.90255 90323
0.902564 18336
0.902581 34389
0.902583 43954
0.90259 77753
0.902604 80135
0.902605 57572
0.90261 29714
0.902622 28188
0.902631 33918
0.90264 98014
0.902643 72051
0.902659 77967
0.902677 23888
0.902681 4479
0.902685 25263
0.902691 87036
0.902721 81063
0.902766 48153
0.902768 25219
0.902768 93513
0.902771 97369
0.902774 67089
0.902787 4002
0.902803 67918
0.902806 39349
0.902814 18662
0.902814 88458
0.902817 17024
0.90283 53862
0.902857 26203
0.90288 17307
0.902888 93984
0.902892 92945
0.902931 28717
0.902934 30828
0.902938 17258
0.902946 56970
0.902954 19113
0.902962 92165
0.902974 9605
0.902994 48797
0.903021 34258
0.903023 47160
0.903026 49528
24 104