1 2
359
0.590111 273
0.590111 5412
0.590113 78621
0.590125 91675
0.590143 74219
0.590154 94181
0.590156 99030
0.590171 76757
0.59019 7853
0.590194 67128
0.590195 25533
0.590206 3970
0.59021 2683
0.590215 10485
0.590215 33925
0.590215 96373
0.59022 69595
0.590224 67157
0.590236 62645
0.590249 32211
0.590251 34902
0.590263 12845
0.590269 82528
0.590285 64448
0.590286 26676
0.590301 93821
0.590314 70609
0.590314 97125
0.590318 85318
0.590319 98649
0.590323 40278
0.590363 35410
0.59037 20191
0.590372 36881
0.590376 30728
0.590391 34454
0.590391 92389
0.590396 51853
0.590407 88372
0.590409 80240
0.59041 2648
0.590427 67419
0.59043 27836
0.59043 53333
0.590437 21714
0.590438 96064
0.590447 36736
0.590461 15348
0.590466 26885
0.590468 67012
0.590473 38935
0.590475 18694
0.590488 31937
0.590492 33253
0.590492 64090
0.590503 7578
0.590516 70282
0.590531 6645
0.590532 43132
0.590541 66250
0.590551 28041
0.590553 98077
0.590567 74246
0.590569 77453
0.590573 20664
0.590577 54109
0.590578 1538
0.59058 36060
0.590588 95419
0.590589 46759
0.59059 63797
0.590597 26030
0.590606 67405
0.590611 57266
0.590619 12256
0.590631 5435
0.590648 72431
0.590659 86600
0.59066 74348
0.590663 25305
0.590664 96200
0.590674 6141
0.590697 3908
0.590703 67832
0.590725 82543
0.590729 100345
0.590729 101345
0.590751 85628
0.590753 22950
0.590758 64227
0.590761 849
0.590766 21801
0.590778 70717
0.590786 920
0.590801 14567
0.59081 77813
0.590814 64015
0.590832 30068
0.59084 40560
0.590907 11600
0.59091 38073
0.590913 95240
0.590924 29524
0.590937 77344
0.59096 32322
0.590962 23558
0.590968 32695
0.590986 69107
0.591003 12354
0.591006 42231
0.59101 1221
0.591033 43528
0.591033 74367
0.591034 35891
0.591041 27745
0.591043 38456
0.591052 22168
0.591053 100542
0.591053 101542
0.591056 78858
0.591078 92993
0.591088 98814
0.591092 11114
0.591101 61541
0.591102 64495
0.591117 86044
0.591123 47231
0.591165 89022
0.591179 83203
0.591184 45297
0.59119 30750
0.591194 84227
0.591196 96521
0.591211 59872
0.591218 91789
0.591223 31916
0.59123 69819
0.591244 28718
0.591262 91870
0.591263 65665
0.591273 80596
0.591281 87597
0.591308 58213
0.591311 23998
0.591316 42726
0.591327 77473
0.591339 13371
0.59134 97163
0.591352 48140
0.591366 36079
0.591385 81167
0.591387 41553
0.591395 28577
0.591396 93479
0.591403 10202
0.591406 42952
0.59141 52781
0.591425 22682
0.591431 30453
0.591439 1950
0.591446 45692
0.591462 42962
0.591464 3263
0.591465 858
0.591472 45608
0.591473 85385
0.591478 94255
0.591483 21510
0.591488 31326
0.591497 5092
0.591502 66326
0.591531 59098
0.591541 82573
0.591543 40878
0.59155 58758
0.591564 31142
0.591565 36739
0.591572 72490
0.591583 92588
0.591591 11881
0.591614 17244
0.591632 89825
0.591638 53313
0.591642 93801
0.591665 43779
0.5917 36581
0.591703 61985
0.591721 6644
0.591728 33151
0.591744 29486
0.591748 54073
0.591765 13541
0.591773 87052
0.591789 28760
0.5918 54052
0.591812 31856
0.591825 66144
0.591827 4504
0.591851 6190
0.591854 29955
0.591864 45249
0.591872 62363
0.591872 70403
0.591884 39048
0.591896 26860
0.591903 90221
0.591911 8265
0.591925 7089
0.591932 13483
0.591933 88941
0.591936 12440
0.591952 58195
0.591963 33435
0.591963 96574
0.591995 36142
0.592011 31697
0.592027 68633
0.592036 73450
0.592047 75461
0.592048 26938
0.592054 14641
0.592054 24864
0.592055 21908
0.592055 42000
0.592057 15003
0.59206 36452
0.592085 30910
0.59209 46885
0.592111 84605
0.592119 14095
0.592125 51997
0.592127 9054
0.59213 48375
0.592132 8430
0.592142 27296
0.592146 64336
0.592171 47193
0.592187 11457
0.592217 12990
0.592218 14250
0.592222 41715
0.592251 98285
0.59226 9158
0.592283 23303
0.59229 50934
0.592301 44050
0.59231 33076
0.592329 62990
0.59234 25446
0.592344 14784
0.59235 59587
0.592354 70206
0.592363 86564
0.592367 34571
0.592378 70742
0.59238 67015
0.59239 95966
0.592401 24504
0.592405 94062
0.592411 7661
0.592427 21214
0.592435 45329
0.59245 49221
0.592458 69548
0.592459 28238
0.592482 90856
0.592484 64505
0.592488 91356
0.592495 79310
0.592514 67446
0.59252 21187
0.592529 72251
0.59253 49688
0.592536 26352
0.592551 36345
0.592555 79084
0.59256 52267
0.592561 77490
0.592563 2032
0.592568 66843
0.592596 73402
0.592608 16851
0.592612 62991
0.592641 66933
0.592667 15092
0.592683 44168
0.592694 35951
0.59271 38767
0.592712 51459
0.592717 68776
0.592729 65304
0.592732 184
0.592734 33348
0.592772 9210
0.592783 91676
0.59279 23913
0.592793 9446
0.592808 2904
0.592813 92590
0.592833 56587
0.59284 36676
0.592842 99773
0.592843 13263
0.592843 16712
0.592845 18526
0.592867 29268
0.592867 85732
0.592869 69318
0.592918 13124
0.592918 45813
0.592936 41777
0.592952 55907
0.592959 26644
0.592959 43419
0.592985 27974
0.592998 78321
0.593001 85090
0.593004 64849
0.59301 96855
0.593027 37031
0.593067 76173
0.593073 67121
0.593084 95835
0.593092 87712
0.593114 98032
0.59312 55240
0.593126 49959
0.593131 64867
0.593141 32480
0.593152 66024
0.593154 81591
0.593158 62288
0.593163 26153
0.593169 53073
0.593175 80013
0.593178 28019
0.593179 66854
0.59319 80940
0.593193 89948
0.593194 100892
0.593194 101892
0.593214 98899
0.593221 11371
0.593221 92433
0.593252 64656
0.593252 94192
0.593257 73308
0.593263 65300
0.593291 74235
0.593323 28730
0.593332 83743
0.593343 85365
0.593374 36182
0.593392 41873
0.593393 70950
0.593403 15478
0.593407 59238
0.593417 8215
0.593422 81930
87 39