1 2
374
0.718349 26802
0.718349 40010
0.718358 55197
0.71836 57714
0.718366 94213
0.718371 95895
0.71838 34531
0.718382 20214
0.718385 47251
0.718396 7046
0.718398 51078
0.718402 7623
0.718403 99950
0.718404 17247
0.718432 35222
0.718451 43614
0.718452 29627
0.718477 71845
0.71848 93393
0.718515 100880
0.718515 101880
0.71852 84582
0.718525 81503
0.718541 18789
0.718549 9985
0.718552 86985
0.718587 47353
0.718587 60180
0.718598 46187
0.718601 44302
0.718602 85418
0.718604 99176
0.718612 62118
0.718623 86536
0.718625 1251
0.718633 43254
0.718638 5381
0.71864 58812
0.718665 97555
0.718672 29963
0.718689 90343
0.718692 71975
0.718695 40480
0.718722 83848
0.718727 40263
0.71873 93058
0.718732 61337
0.718739 25483
0.718747 98378
0.718771 68269
0.718781 10169
0.718781 56962
0.718782 76068
0.71879 18592
0.718791 25478
0.718802 16590
0.718814 77479
0.718823 17377
0.718823 19506
0.718854 3595
0.718868 47312
0.71887 82700
0.718875 87495
0.718877 57102
0.718886 70747
0.718901 40172
0.718902 33374
0.718906 73396
0.718934 92515
0.718937 98513
0.718966 3029
0.719009 13778
0.719033 95327
0.719035 59655
0.719036 55939
0.71904 68203
0.719042 33729
0.719056 94116
0.719061 83351
0.719072 4405
0.719084 37405
0.719084 93990
0.719108 52033
0.719121 9011
0.719141 39087
0.719158 43782
0.71916 97255
0.719175 20325
0.719185 76475
0.71919 15823
0.719192 98921
0.719204 59061
0.719214 59856
0.719216 9361
0.719217 9440
0.719241 20421
0.719241 33313
0.719252 22789
0.719268 90601
0.719272 94350
0.719284 12500
0.719287 19397
0.719319 14949
0.719325 12620
0.719334 76937
0.719347 80987
0.719372 11262
0.719376 46487
0.719379 69936
0.7194 32710
0.719401 59277
0.719421 83688
0.719433 99228
0.719442 71553
0.719445 88035
0.71945 94578
0.719451 56088
0.719452 1377
0.719458 50325
0.719461 49120
0.719474 78888
0.719488 39560
0.719497 28217
0.719519 18761
0.719524 99194
0.719543 2939
0.719548 54857
0.719555 67394
0.71956 56875
0.719578 82764
0.719584 59886
0.719587 6843
0.719591 77748
0.719602 80523
0.719612 14215
0.719617 91348
0.719618 50644
0.719629 20709
0.719633 40166
0.719643 85150
0.719658 57730
0.719688 28074
0.719697 13573
0.719697 69562
0.719698 78625
0.719698 85850
0.719699 8114
0.719705 4773
0.719718 43196
0.719734 88595
0.719735 18576
0.719751 3063
0.719751 98762
0.719767 71396
0.719776 34513
0.719791 48253
0.719793 94270
0.719833 45830
0.719838 12320
0.719853 91848
0.719864 72829
0.719892 39248
0.719917 91924
0.719924 21929
0.71993 30646
0.719942 15649
0.719945 19168
0.719948 8988
0.719983 48450
0.719985 87144
0.720056 8987
0.720066 28735
0.72009 82440
0.720091 48533
0.720108 83650
0.72011 78120
0.720111 44612
0.720112 9587
0.720117 1340
0.720128 94469
0.720135 72731
0.72014 26085
0.720148 76894
0.720149 18270
0.72015 18502
0.720157 47423
0.720159 51517
0.720172 63490
0.720174 100131
0.720174 101131
0.720183 10520
0.720189 45271
0.720206 7305
0.720221 746
0.720228 38191
0.720255 44891
0.720267 38990
0.72027 70463
0.720279 52991
0.720291 33962
0.720291 76793
0.720293 91679
0.720293 9532
0.720309 95062
0.720322 38919
0.720326 6131
0.720333 31427
0.720335 57324
0.720339 89336
0.720349 82173
0.720353 72761
0.720371 69865
0.720375 7723
0.720375 99444
0.720382 81474
0.720395 51062
0.720404 85556
0.72041 60479
0.720422 64955
0.720429 868
0.72043 40692
0.720462 81714
0.720482 21678
0.720492 80561
0.720504 42040
0.720531 42664
0.720543 34244
0.720545 88635
0.720559 89745
0.720573 10403
0.720582 31346
0.720584 83718
0.720589 26507
0.720597 94921
0.720603 28477
0.720606 40913
0.720638 64003
0.720656 95445
0.720667 39647
0.720667 62266
0.720676 72338
0.720694 49065
0.720706 98209
0.720712 37938
0.720716 69095
0.720717 67043
0.720726 10850
0.720769 75886
0.720798 79422
0.720816 100242
0.720816 101242
0.720838 62225
0.720849 97242
0.720855 37732
0.720874 20719
0.72088 29796
0.720927 83350
0.720958 70480
0.72097 14941
0.720975 12776
0.720975 36923
0.720985 20258
0.720989 68132
0.720995 5756
0.720995 92177
0.721 59011
0.721002 69619
0.721022 9422
0.721033 69276
0.721049 17572
0.721108 42155
0.721129 71122
0.721132 10354
0.721133 43772
0.721149 98261
0.721166 33201
0.721168 8071
0.721169 76250
0.721207 29655
0.721211 50468
0.72122 97264
0.721234 21841
0.721234 28934
0.721234 31681
0.721262 59732
0.721282 65055
0.721315 41696
0.721323 35581
0.721324 55168
0.721352 96251
0.721357 44194
0.721361 66124
0.721369 70359
0.721379 33072
0.721382 21282
0.721387 34143
0.721398 3199
0.721408 17497
0.721421 4400
0.721421 79284
0.72143 90423
0.721434 35277
0.721482 96293
0.721484 6567
0.721493 28015
0.721545 44711
0.721546 34841
0.721567 98298
0.721585 27898
0.721595 54548
0.721622 11657
0.721622 88493
0.721623 17300
0.721637 48406
0.721645 100445
0.721645 101445
0.721647 80286
0.721651 9025
0.721657 15611
0.721672 6553
0.721692 49794
0.721708 15796
0.721725 55389
0.721727 56675
0.721736 62618
0.721747 87160
0.721751 32622
0.721796 88727
0.721809 58946
0.721818 93208
0.721825 70876
0.721832 37463
0.721848 81519
0.721861 52519
0.721865 32165
0.721866 44797
0.721881 76571
0.721884 94324
0.721901 67039
0.721916 75658
0.721928 20055
0.721935 51372
0.721947 92747
0.721966 73654
0.721972 93405
0.721977 51300
0.721985 69405
0.722008 5864
0.722012 17206
0.722016 65992
0.722028 56699
0.722059 35616
0.72207 13132
0.722076 8408
0.722077 88292
0.722082 64818
0.722089 4237
0.722089 4883
0.722095 85603
0.722104 8112
0.722117 15705
0.722117 279
0.722127 81459
0.722165 64735
0.722183 4781
0.722187 39548
0.722193 89374
0.722201 2096
0.722212 32994
0.722213 38198
0.722215 53607
0.722229 6073
0.722235 25954
0.722255 62089
27 120