1 2
350
0.756734 837
0.756736 89136
0.756741 347
0.756747 63153
0.756775 18198
0.756776 31214
0.756793 31744
0.756799 21722
0.756801 14540
0.75681 57154
0.756828 8285
0.756849 86346
0.756862 21657
0.756862 46711
0.756867 51544
0.756895 62122
0.756898 6174
0.7569 73966
0.756904 215
0.756908 55357
0.756911 38691
0.756944 28247
0.756959 99198
0.756963 58022
0.756982 99724
0.756995 49367
0.757004 85297
0.757008 37881
0.757008 71323
0.757013 51698
0.757049 47546
0.757052 31615
0.757056 64115
0.757067 74658
0.757081 60205
0.757082 80049
0.757098 31649
0.75711 90873
0.757116 87260
0.757123 62160
0.757147 97745
0.757174 51382
0.757179 16633
0.757179 57153
0.757183 34861
0.757184 69254
0.757198 24740
0.757198 36862
0.757199 62486
0.757212 49476
0.757233 29725
0.757235 74320
0.757243 18229
0.757249 61919
0.757264 16380
0.757287 91354
0.757304 79100
0.757318 29542
0.757336 30533
0.757355 47101
0.757358 84188
0.75737 69671
0.757399 81120
0.757424 18018
0.757428 53043
0.757442 18770
0.757443 25809
0.75746 73821
0.757461 84349
0.75747 13465
0.757473 1624
0.75748 32953
0.757482 66675
0.757483 93509
0.757488 97669
0.757501 98090
0.757515 67140
0.757527 85170
0.757541 22613
0.757551 65712
0.757556 47015
0.757561 11229
0.757562 3467
0.757563 51775
0.757565 8831
0.757583 8902
0.757587 45531
0.757591 26812
0.75761 83885
0.757615 86526
0.757619 86069
0.757631 37496
0.757631 63076
0.757643 99303
0.757687 29539
0.757693 39427
0.757713 89431
0.757715 20294
0.757718 57618
0.757725 82596
0.757732 4726
0.757737 12041
0.757752 13755
0.757754 35470
0.757754 5631
0.757769 671
0.757795 82979
0.757797 14738
0.757802 44238
0.75781 47184
0.757814 76905
0.757816 2201
0.757838 34564
0.757842 72726
0.757859 99308
0.757861 70062
0.757866 3062
0.757867 64929
0.757868 10325
0.757874 48934
0.75789 33298
0.757906 7486
0.757914 24
0.757933 62943
0.757934 35064
0.75794 42948
0.757951 18207
0.757974 40937
0.757978 20049
0.757979 73737
0.757984 26859
0.757989 90791
0.757991 83687
0.757995 78508
0.758 12859
0.758013 11234
0.758019 31941
0.758021 90812
0.758022 92448
0.758042 81336
0.758046 52459
0.758052 92560
0.758061 45321
0.758063 5319
0.758074 26603
0.758075 84207
0.758109 54366
0.758151 13459
0.758169 10635
0.758176 64751
0.758177 58537
0.758208 40529
0.758214 15455
0.758214 77983
0.758219 69481
0.758242 60805
0.758248 36103
0.758271 63796
0.758281 94493
0.758282 36318
0.758287 49175
0.758293 17303
0.758294 43202
0.758315 17004
0.758338 49158
0.758339 18320
0.758345 45328
0.758352 55776
0.758353 55593
0.758354 43707
0.758359 6471
0.758363 91798
0.758391 8569
0.758392 41967
0.7584 57904
0.758406 98672
0.75841 48238
0.758436 80525
0.758448 1772
0.758448 75419
0.758458 62327
0.758493 10556
0.758501 10671
0.758501 20654
0.758526 83646
0.758538 8412
0.758541 43075
0.758548 51161
0.758551 63944
0.75857 63494
0.758579 57359
0.758586 77911
0.758598 26168
0.758603 92926
0.758604 98799
0.758632 46238
0.758636 37402
0.758657 25779
0.758664 10340
0.758693 56900
0.758716 9722
0.75873 53635
0.758737 50345
0.758758 16644
0.758765 9958
0.758778 78929
0.758783 30020
0.758804 42558
0.758819 87231
0.758824 23824
0.758824 30583
0.758824 38827
0.758825 17968
0.758826 59874
0.758837 49263
0.758842 22870
0.758846 69367
0.758873 25049
0.758888 78168
0.758896 27512
0.758896 90421
0.758899 65683
0.758904 34609
0.758928 82202
0.758938 15196
0.758963 57571
0.758965 82732
0.758971 25421
0.758983 14289
0.758986 20980
0.758992 73354
0.759001 30879
0.759014 84164
0.75902 21867
0.759022 53276
0.759025 85971
0.759042 26108
0.759054 30825
0.75906 13970
0.759078 84301
0.759091 100
0.759099 58130
0.759104 72725
0.759106 31588
0.759112 78969
0.759113 3656
0.759133 88402
0.759138 41038
0.759139 71247
0.759153 32380
0.759155 88145
0.759157 36638
0.759163 27266
0.759163 69690
0.759178 82679
0.759181 80963
0.759203 21763
0.759229 17064
0.759241 36127
0.759245 36496
0.759245 63935
0.759246 92055
0.759257 89761
0.75927 3470
0.75927 62418
0.759273 47335
0.759273 56208
0.759277 3583
0.759279 70235
0.759284 16594
0.759285 82840
0.759299 26491
0.759303 18097
0.759303 28453
0.759305 4121
0.759307 77063
0.75933 14511
0.759335 94767
0.759338 85462
0.759349 17638
0.759352 79497
0.759358 48851
0.759387 87818
0.759391 2275
0.759394 37997
0.7594 81761
0.759402 52572
0.759404 80382
0.759415 92775
0.759417 18801
0.75944 97795
0.759443 8470
0.759452 41714
0.759453 36792
0.759458 45004
0.759459 85726
0.759466 23696
0.759467 93397
0.759471 2339
0.759482 887
0.759494 52476
0.759496 69207
0.759511 45268
0.759517 79493
0.759524 56957
0.759526 20343
0.75953 29726
0.759547 18942
0.759549 30467
0.759573 56428
0.759593 90178
0.759605 98835
0.759618 79144
0.759623 43366
0.759653 61700
0.759676 69701
0.759695 95283
0.7597 39173
0.759707 80801
0.759717 29772
0.759737 41857
0.759744 25648
0.759744 28374
0.759757 30377
0.759758 20375
0.75976 78871
0.759771 99104
0.759792 48382
0.759797 70658
0.759803 18080
0.759841 1863
0.759858 60198
0.759865 83767
0.759868 10019
0.759873 30527
0.759878 1246
0.759878 39356
0.759898 49
0.759904 56074
0.759912 5188
0.759915 10344
0.759919 42297
0.759924 87904
0.759935 90344
0.759954 60417
0.759959 45315
0.759963 75801
0.759981 64608
0.759984 22514
0.759986 75108
97 4