1 2
358
0.838388 6673
0.838388 66993
0.838392 68413
0.838396 15184
0.838438 16077
0.838439 51208
0.838443 60005
0.838443 93827
0.838479 29570
0.838492 51574
0.838526 70401
0.83853 59807
0.83854 32241
0.838542 42674
0.838559 64509
0.838569 31745
0.838581 92115
0.83859 21883
0.838633 64425
0.838636 34319
0.838637 24988
0.838653 41333
0.838659 89881
0.838667 49690
0.838673 755
0.838674 80141
0.838677 13018
0.838677 80703
0.83868 15021
0.838683 56100
0.838692 66950
0.838695 63100
0.838709 88844
0.838735 66402
0.838739 38018
0.838762 24912
0.838764 69352
0.83878 60636
0.838793 41348
0.838794 29271
0.838797 48592
0.838809 36281
0.838828 91837
0.83883 72878
0.838834 52647
0.838866 70523
0.838866 74516
0.838868 37052
0.83887 9247
0.838877 28719
0.838879 21885
0.838879 5564
0.838887 33477
0.838893 48940
0.8389 22911
0.838902 85583
0.838909 5250
0.838916 96782
0.838925 56154
0.838939 59203
0.838967 83039
0.838983 90862
0.838985 94665
0.838987 41587
0.838993 85187
0.839031 93724
0.839041 97920
0.839048 82199
0.839051 80946
0.839056 70937
0.839066 67596
0.839077 67474
0.839086 74457
0.839088 55767
0.83909 11894
0.839094 84308
0.839109 54497
0.839113 93721
0.839114 5651
0.839114 63962
0.839135 51811
0.83915 14872
0.839155 14539
0.839161 1051
0.839177 15934
0.839182 65962
0.839186 69112
0.839198 40906
0.83922 66328
0.839259 29332
0.839269 80347
0.839289 629
0.839289 83421
0.839298 58469
0.839302 64655
0.839324 17333
0.839331 4266
0.839346 57475
0.839347 92907
0.839349 62481
0.839356 250
0.839377 9083
0.839387 45388
0.839397 91703
0.839398 45968
0.839402 73628
0.839416 78436
0.839425 30126
0.839425 98146
0.839426 7395
0.839438 50744
0.83946 75943
0.839505 12323
0.839508 29401
0.839524 77735
0.839544 86867
0.839575 84563
0.839604 67369
0.839608 96775
0.83961 76635
0.839614 78165
0.839626 43794
0.839639 75665
0.839658 78157
0.839677 34715
0.839685 62103
0.839695 5958
0.839698 12439
0.839699 75785
0.839712 14434
0.839716 100464
0.839721 1573
0.839733 38236
0.839744 44015
0.839753 69926
0.839757 69281
0.83976 30692
0.839776 100975
0.83979 81408
0.839801 82088
0.839803 68914
0.839808 65586
0.839816 14433
0.839833 9712
0.839837 43490
0.839843 34507
0.839854 93147
0.839859 94412
0.839898 50402
0.839909 66122
0.839914 82643
0.839917 38342
0.839933 30896
0.839952 13747
0.839969 86313
0.839976 82994
0.839981 36542
0.839987 8852
0.839988 11253
0.840036 20740
0.840041 11471
0.840051 51559
0.840052 85720
0.840083 15591
0.840119 87232
0.840127 80289
0.840135 50103
0.840146 84803
0.840154 66726
0.840165 18842
0.840171 33349
0.840172 68619
0.840184 45013
0.840199 20100
0.840202 62213
0.84021 36656
0.840239 48063
0.840259 36909
0.840287 63492
0.840288 73999
0.840311 31555
0.840319 11820
0.840344 28913
0.840349 74573
0.84035 2839
0.840364 89623
0.840365 97449
0.840387 61524
0.840399 1654
0.840407 35548
0.840416 25909
0.840432 40479
0.840433 14426
0.840437 94445
0.840449 13
0.840452 92252
0.840453 61306
0.84047 67742
0.840474 28192
0.840485 74735
0.84049 30342
0.840502 34477
0.840504 14369
0.840521 91554
0.84055 42564
0.84055 72649
0.840553 67455
0.840564 15908
0.84059 56332
0.840591 33025
0.840633 5741
0.840641 58051
0.840654 91584
0.840657 73534
0.840659 96259
0.840666 20246
0.840676 37634
0.840677 92080
0.840684 73425
0.840749 55052
0.840786 62362
0.840787 15015
0.840789 65666
0.840802 22893
0.840811 1114
0.840811 65009
0.840824 80657
0.84084 53370
0.840867 73334
0.840872 37534
0.84089 25546
0.840895 96178
0.840897 41871
0.840897 43060
0.840899 79897
0.840901 84643
0.840903 62608
0.84091 69834
0.840923 53282
0.840924 60952
0.840932 43320
0.840939 21852
0.840947 87000
0.840949 38945
0.84096 49676
0.840962 100322
0.840963 61964
0.840976 29214
0.840985 63014
0.840988 4522
0.841002 37949
0.84101 60718
0.841013 17792
0.84105 64132
0.841066 78907
0.841071 74656
0.841077 39163
0.841118 72928
0.841123 64792
0.841129 80950
0.841131 55941
0.841133 66414
0.84114 41563
0.84114 49252
0.841144 42818
0.841156 11368
0.84116 13514
0.841166 47332
0.841186 65523
0.841187 56204
0.841193 1358
0.841203 24367
0.841213 55874
0.841214 61311
0.841229 14405
0.841237 86159
0.84124 13903
0.841241 14522
0.841254 55368
0.841256 71308
0.841269 57479
0.841295 22877
0.841304 14231
0.841308 2865
0.84131 61165
0.841319 45786
0.841319 54282
0.841324 72018
0.841325 65872
0.841328 85537
0.841331 97330
0.841334 26711
0.841336 50113
0.841346 25285
0.84135 60270
0.841353 67204
0.841356 73083
0.841362 95383
0.841384 81014
0.841388 75659
0.841396 515
0.841404 19403
0.841409 36235
0.841411 52732
0.841417 73660
0.84142 54281
0.841424 68898
0.841455 75839
0.841458 83615
0.841463 54321
0.841471 87814
0.841477 34689
0.841477 64989
0.841481 42352
0.84149 100370
0.841529 73887
0.841539 61548
0.841542 14247
0.841576 80109
0.84158 32248
0.841585 11403
0.841593 89788
0.841599 59558
0.841602 54095
0.841609 31913
0.841624 64933
0.84163 58780
0.841642 99217
0.841657 28462
0.841662 23923
0.841673 66336
0.841694 32216
0.841718 10849
0.841725 1480
0.841726 96914
0.84174 80883
0.841747 38389
0.84175 111
0.841762 94806
0.841777 21229
0.841777 74092
0.841802 72367
0.841805 48444
0.841814 52249
0.841828 12914
0.841835 39081
0.841846 34707
0.841851 97144
0.841857 15299
0.84186 15654
0.841868 100785
0.84191 12057
0.841915 58164
0.841917 3942
0.841941 2069
0.841941 21180
0.84198 55883
0.841982 91572
32 122