1 2
358
0.861079 16313
0.86108 64528
0.861084 99480
0.861094 7454
0.861098 62759
0.8611 66692
0.861109 61406
0.861111 16215
0.861117 55565
0.861117 67203
0.86113 9393
0.861158 1927
0.861158 68698
0.861168 71598
0.8612 45917
0.86121 29470
0.861232 13430
0.861234 60822
0.861243 13033
0.861248 84749
0.861252 42250
0.861253 64011
0.861254 14916
0.861276 6448
0.86128 39284
0.861289 16724
0.861295 96335
0.861309 85908
0.861331 49261
0.861337 37124
0.861344 26926
0.861354 50097
0.861357 77755
0.861358 88809
0.861369 97139
0.861374 43605
0.861386 20235
0.861392 83648
0.8614 88905
0.861405 11592
0.861407 83518
0.861411 28649
0.861418 16511
0.86142 89914
0.861422 89984
0.86143 42389
0.861491 43591
0.861503 11599
0.861503 77799
0.861507 22955
0.861512 49130
0.861532 81485
0.861536 62705
0.861539 1795
0.86155 85383
0.861553 92663
0.861555 69824
0.861556 83096
0.861574 47941
0.861576 14630
0.861581 46019
0.861589 14134
0.861594 81215
0.861595 1870
0.861595 94405
0.861614 52772
0.861617 15643
0.861633 30751
0.861637 62432
0.86164 38922
0.861649 49639
0.861655 73542
0.861662 13782
0.861667 42457
0.861669 1069
0.861669 68162
0.86167 16326
0.861678 77452
0.861684 28610
0.861685 43155
0.861691 21892
0.861693 24705
0.861719 26496
0.861721 46281
0.86175 18665
0.861759 38528
0.861768 21947
0.861768 67649
0.861771 19107
0.861772 86738
0.86178 25752
0.861781 22271
0.86181 83529
0.861821 97947
0.86183 43709
0.861843 81560
0.861849 76012
0.861854 447
0.861859 43227
0.861863 51858
0.861863 65676
0.861873 56527
0.861889 8386
0.861922 91294
0.861926 94794
0.861959 56697
0.861965 66518
0.861975 45633
0.861987 8955
0.861991 68543
0.861996 88560
0.862002 43978
0.862019 76706
0.862027 39121
0.862031 61395
0.862037 81395
0.862045 8773
0.862054 59288
0.862056 77554
0.862057 37289
0.862072 26262
0.862088 51027
0.862093 1121
0.862095 34471
0.862097 62219
0.86211 21378
0.862123 93605
0.862126 45389
0.862128 38216
0.862131 85113
0.862142 11164
0.862143 58921
0.862144 94140
0.862155 45257
0.862159 39631
0.862176 67539
0.862179 47444
0.862189 50784
0.862194 99296
0.862201 37113
0.862209 4932
0.862213 47800
0.862215 37806
0.862231 86626
0.862233 27612
0.862268 43213
0.862282 66450
0.862283 57245
0.862286 43600
0.862299 43492
0.862302 88736
0.862316 32122
0.862334 18159
0.862335 74566
0.862345 28368
0.862355 68949
0.862362 45017
0.862385 19278
0.862392 66772
0.862398 89050
0.862416 48883
0.862442 53658
0.862443 63194
0.862477 74990
0.862518 85944
0.862519 39728
0.862521 65979
0.862541 75649
0.862543 2934
0.862544 78047
0.862545 71572
0.862597 17523
0.862635 38038
0.862642 98610
0.86265 38997
0.862656 48771
0.862664 30719
0.862669 56770
0.862669 81807
0.862697 71551
0.862721 52208
0.862727 16686
0.862743 93421
0.862746 11438
0.86275 7797
0.862751 20
0.862757 77762
0.862766 68240
0.862767 47818
0.862774 75217
0.862793 35868
0.862794 37755
0.8628 81783
0.862829 26464
0.862833 62751
0.86284 86548
0.862844 34766
0.862855 74854
0.862858 11773
0.862892 90053
0.862927 34378
0.862935 19221
0.862942 26418
0.862944 17882
0.862972 58609
0.862973 10194
0.862977 2157
0.862977 75102
0.86298 15903
0.86298 34551
0.862986 35961
0.863012 33538
0.863012 90805
0.863018 19164
0.863031 31848
0.863031 86783
0.863064 22406
0.863075 52826
0.863075 84640
0.863086 84004
0.863091 38293
0.863096 11904
0.863121 79015
0.863124 65877
0.86315 37165
0.863154 52766
0.863161 77379
0.863184 30178
0.863192 93937
0.863198 18301
0.863205 13890
0.863223 30364
0.86325 67066
0.863252 54004
0.863268 16748
0.863273 55803
0.863293 91656
0.863303 16802
0.863307 96100
0.863312 75360
0.863313 73811
0.863318 74730
0.863319 74210
0.86332 2431
0.863333 14447
0.863336 74314
0.863341 98340
0.863346 46480
0.863347 7514
0.863348 98314
0.86336 18246
0.863364 41033
0.863377 49323
0.863384 62651
0.863392 48108
0.863393 44943
0.863424 19344
0.863428 84500
0.863445 62425
0.863454 49111
0.86346 96966
0.863469 38353
0.86347 8726
0.863481 13195
0.863482 78464
0.863497 67056
0.8635 85743
0.863576 94033
0.863578 68444
0.86358 31419
0.863592 9443
0.863595 45500
0.863596 44556
0.863602 43246
0.863622 26965
0.863636 54892
0.863639 52695
0.863654 41692
0.863667 30634
0.863686 12930
0.863686 81001
0.863693 49343
0.863707 53647
0.863715 95367
0.863722 77096
0.863728 95113
0.863755 79719
0.863763 20070
0.863765 40903
0.863776 24730
0.863804 25936
0.863807 83619
0.863827 5996
0.863845 19336
0.86385 8603
0.863864 67518
0.863877 30888
0.863888 12478
0.863897 18556
0.863898 3147
0.863899 80351
0.863922 33571
0.863925 91258
0.863931 26620
0.863944 47600
0.863945 49427
0.863945 64070
0.863972 3966
0.863987 95853
0.864006 12874
0.864009 24111
0.864014 45103
0.864022 31212
0.864026 98811
0.864034 77577
0.864057 47624
0.864058 35125
0.864078 25714
0.864082 80376
0.864083 16032
0.864084 100321
0.864084 101321
0.864085 46243
0.864095 89931
0.864133 61615
0.864133 90185
0.864141 88425
0.864143 59472
0.864151 1218
0.864183 64261
0.864186 81587
0.864197 71996
0.864198 25432
0.864205 21567
0.864207 13199
0.864212 94494
0.864225 63783
0.864231 40227
0.864259 1462
0.864266 42510
0.864268 60631
0.864277 3459
0.864279 42131
0.864323 56635
0.864328 45788
0.864342 94971
0.86435 21459
0.864362 46681
0.864383 53415
0.864392 64540
0.864396 3594
0.864401 53633
0.864419 97073
0.864426 56010
0.864426 96508
0.86444 75522
0.864442 56258
0.86445 81211
123 64