1 2
348
0.749513 31884
0.749527 95325
0.749542 8323
0.749546 55900
0.749558 100716
0.749587 64725
0.749591 93814
0.749593 7683
0.749606 53606
0.749614 98919
0.749633 5213
0.749649 72107
0.749653 85515
0.749658 62731
0.749663 14411
0.749669 82419
0.749671 15244
0.74969 2872
0.749692 97600
0.749694 49307
0.749702 19354
0.749704 33879
0.749725 74141
0.749726 99128
0.749727 24621
0.749757 30067
0.749774 64543
0.749775 31205
0.749776 74996
0.749784 28575
0.749822 41817
0.749844 1823
0.749855 43351
0.749865 8197
0.749927 81193
0.749929 59027
0.749929 96393
0.749936 11521
0.749939 27435
0.749944 62570
0.749966 99219
0.74997 48109
0.749971 56669
0.749981 19068
0.749983 55975
0.749989 26434
0.750009 19529
0.750019 31355
0.750032 57990
0.750032 59836
0.750056 12393
0.750061 2781
0.750064 57820
0.750067 489
0.750075 3026
0.750077 38748
0.750079 48094
0.750079 94061
0.750086 83674
0.750116 32992
0.750117 39375
0.750125 61015
0.750146 34534
0.750163 39437
0.750204 20866
0.750215 91192
0.750238 2521
0.750243 84899
0.750255 71787
0.75028 39065
0.750282 40989
0.750288 1792
0.750309 73480
0.750316 38014
0.750334 80000
0.750347 18412
0.750347 98856
0.750353 95807
0.750355 67008
0.750356 28521
0.750358 51008
0.75036 48303
0.750378 68497
0.750379 67639
0.750382 100106
0.750388 46497
0.750391 15033
0.750397 6162
0.750399 54116
0.750402 89378
0.75041 32194
0.750445 62815
0.750447 13184
0.750453 63625
0.750468 91910
0.750485 59855
0.75049 96094
0.750492 53281
0.750501 91516
0.750524 86792
0.750532 57286
0.750537 96365
0.750557 24430
0.750557 35510
0.75056 29057
0.750568 85648
0.750574 75661
0.750576 86520
0.75058 18776
0.75058 92596
0.750601 29325
0.750612 21393
0.750622 38924
0.750625 25960
0.750631 12705
0.750631 38019
0.750645 29084
0.750675 51970
0.750675 66749
0.750681 52347
0.750695 61708
0.750701 3343
0.750705 66541
0.75071 8424
0.750711 36133
0.75073 56317
0.750731 78727
0.750733 39148
0.750742 18670
0.750751 159
0.750756 41146
0.750757 85936
0.750759 56123
0.750766 54946
0.750777 75106
0.750778 51837
0.750779 23112
0.750788 4749
0.750792 61962
0.750797 95158
0.750815 83807
0.750816 54634
0.750817 73359
0.750819 66777
0.750823 11215
0.750829 90945
0.750844 56216
0.750852 62039
0.75088 84047
0.750888 89078
0.750894 17174
0.750907 14634
0.750914 56480
0.750915 38932
0.750915 69008
0.75093 15565
0.750937 19516
0.750969 6012
0.750975 12238
0.750975 6198
0.750997 33873
0.750997 89662
0.751002 37341
0.751023 7313
0.751027 13253
0.751033 69496
0.751033 89592
0.751044 8011
0.751061 16970
0.751093 79455
0.751095 4475
0.751112 98185
0.751166 52300
0.751166 67997
0.751185 76600
0.751185 81625
0.751189 61496
0.751192 85185
0.751197 54537
0.751202 24822
0.751223 55100
0.751235 1868
0.751237 44658
0.751241 31810
0.751244 32867
0.751256 92734
0.75126 24150
0.751287 8287
0.751293 16340
0.751295 59638
0.751296 70369
0.751317 11608
0.751322 95646
0.751324 61714
0.751349 7888
0.751358 64274
0.751368 100040
0.751398 23010
0.751398 89922
0.7514 74674
0.751435 78127
0.751458 353
0.751474 62607
0.751475 16247
0.751475 18565
0.751488 90403
0.751521 92802
0.751528 9301
0.751561 58607
0.751564 35902
0.75157 1769
0.75157 62973
0.751575 31405
0.751612 34771
0.751614 76740
0.751635 54898
0.751643 31658
0.751667 18480
0.751689 76345
0.751708 75296
0.751726 34637
0.751727 69965
0.751754 40876
0.751765 45627
0.751771 20204
0.751786 87936
0.751794 83043
0.751794 97811
0.751799 2184
0.751799 9258
0.751803 9833
0.751828 95119
0.751843 14633
0.75185 1949
0.751872 33014
0.751877 1310
0.75188 61064
0.751886 50665
0.751905 23891
0.751908 33277
0.751929 54012
0.751933 38324
0.751942 42011
0.751944 83134
0.751946 4025
0.751947 31299
0.751954 59003
0.751975 39853
0.751986 44807
0.751987 96450
0.75202 11574
0.752032 23427
0.752058 58899
0.752063 14219
0.752072 79337
0.752099 54860
0.752104 48617
0.752108 36017
0.752134 6760
0.752141 22880
0.752154 33808
0.752155 11359
0.752155 68188
0.752174 2869
0.752183 34298
0.752194 86950
0.752197 65222
0.752253 96954
0.752257 99143
0.752276 14686
0.752277 97230
0.752285 37888
0.752285 39096
0.752288 94695
0.752289 6095
0.752291 100020
0.752307 51254
0.752308 95101
0.752311 88982
0.75232 59519
0.752323 73127
0.752333 40783
0.752335 66826
0.752341 82681
0.752342 55446
0.752342 83011
0.752346 31190
0.752364 11239
0.752376 5885
0.752402 4172
0.752405 64944
0.752426 65686
0.752434 8314
0.75245 36154
0.752476 35997
0.752481 85811
0.752489 6313
0.75249 61630
0.752491 55691
0.752492 46996
0.752493 31373
0.752497 43827
0.752504 75892
0.752509 53004
0.752514 48699
0.752527 11891
0.752559 36207
0.752597 75791
0.752613 51679
0.752629 74856
0.752651 3022
0.752657 71951
0.752662 17892
0.752674 87714
0.75272 13358
0.75272 19230
0.752727 73490
0.752753 32940
0.752762 40069
0.752762 66545
0.752788 42555
0.752797 88411
0.752822 63553
0.752853 1845
0.752881 59426
0.752884 89114
0.752894 12247
0.7529 71576
0.752905 25342
0.752906 73998
0.752907 4668
0.752909 72941
0.752927 66719
0.752928 68932
0.752938 70060
0.752944 83928
0.752955 46659
0.752991 27732
0.753041 26226
0.75306 59547
0.753061 39744
0.753061 86715
0.753062 36900
0.753064 44794
0.753078 89979
0.753098 16444
0.753101 11356
0.75312 56664
4 118