1 2
382
0.522103 8563
0.522117 5800
0.522146 54479
0.522151 64030
0.52217 68692
0.522171 51123
0.522204 39091
0.522205 84672
0.522218 20487
0.522233 68734
0.522282 4441
0.522295 2093
0.522318 71353
0.522343 79299
0.522348 55541
0.52236 66613
0.522376 100651
0.522376 101651
0.522386 89992
0.522387 18873
0.522415 63120
0.522439 47786
0.522465 4175
0.522468 68398
0.522469 23099
0.522471 31277
0.522474 73692
0.522474 96330
0.522484 70595
0.522499 8586
0.522506 69553
0.522538 94935
0.522539 32291
0.522539 85439
0.522554 81006
0.522563 95880
0.522566 73796
0.522567 66887
0.522569 49322
0.522574 27416
0.522629 80845
0.522641 87238
0.522666 5235
0.522677 16333
0.522679 26312
0.522703 25675
0.522712 25953
0.522714 86501
0.522715 39601
0.522716 32755
0.522732 22771
0.522733 71541
0.522763 42788
0.522775 88973
0.522778 52910
0.522782 6672
0.522784 50676
0.522798 75154
0.522799 70528
0.522802 54650
0.522808 37082
0.522837 25529
0.522838 82123
0.522846 65271
0.522865 2154
0.522884 41900
0.522904 95493
0.522906 23909
0.522914 28708
0.522916 85389
0.522921 3028
0.522923 31322
0.522929 96491
0.522933 32837
0.522966 28702
0.522971 3090
0.523005 78448
0.523007 24836
0.523008 50787
0.523016 19756
0.523022 69163
0.523053 465
0.523056 99593
0.523059 52188
0.523065 88475
0.523082 84452
0.523088 46119
0.523088 50480
0.52309 45724
0.523102 92427
0.523103 39465
0.523103 71813
0.523107 48974
0.523109 13372
0.523121 60984
0.523129 6259
0.523135 59895
0.523143 3217
0.523164 45674
0.523169 85972
0.523174 89113
0.52318 39215
0.523185 73494
0.523185 83312
0.523188 29283
0.5232 17903
0.5232 80908
0.523202 99094
0.523225 54210
0.52323 72769
0.523237 35898
0.523256 99657
0.523263 62668
0.523268 79396
0.52327 54628
0.523273 28076
0.523276 10084
0.523289 60196
0.523305 46676
0.523307 10365
0.523322 73369
0.523332 26257
0.523337 82495
0.523361 16173
0.523378 36428
0.523383 21171
0.523406 26918
0.523411 75993
0.523413 94640
0.52342 70316
0.523429 71980
0.523433 91460
0.523441 17301
0.523441 72536
0.523442 52206
0.523455 10378
0.523455 75587
0.523472 28545
0.523477 97663
0.523479 55132
0.52348 41317
0.523484 55164
0.523494 49096
0.523496 96517
0.523499 89572
0.523502 61819
0.523506 45000
0.52351 40450
0.523513 56959
0.523529 22437
0.523533 24228
0.523539 67611
0.523554 13237
0.523578 32689
0.523579 39477
0.52358 16807
0.52358 90264
0.523584 89565
0.523585 38797
0.523614 66324
0.523633 91822
0.523633 98043
0.523641 84996
0.523676 82105
0.523682 35539
0.523704 100901
0.523704 101901
0.523706 19031
0.523725 26245
0.523746 41000
0.523763 75567
0.523764 86189
0.523765 20354
0.523768 87649
0.523782 95017
0.523799 24220
0.523802 54753
0.523803 53206
0.523816 72364
0.523838 72544
0.523855 75551
0.523857 46097
0.523857 95784
0.523858 46343
0.523862 135
0.523866 1266
0.523878 69511
0.523882 22046
0.52389 43599
0.523898 53148
0.523898 84569
0.523905 70517
0.523907 46314
0.523925 75151
0.523925 89575
0.52394 31112
0.523955 63679
0.523969 72533
0.523989 40157
0.523992 16711
0.523999 60963
0.524012 87300
0.52402 57385
0.524051 28072
0.524063 60130
0.524074 97997
0.524082 54938
0.524098 34645
0.524108 60840
0.52412 60318
0.524124 12813
0.52413 98482
0.524132 50837
0.524143 27964
0.524156 30843
0.524193 68592
0.524201 80956
0.524204 76408
0.524216 33052
0.524222 53288
0.524229 52576
0.524233 2377
0.524233 40713
0.524241 50973
0.524276 92621
0.524279 1101
0.524289 56022
0.52429 45587
0.52429 75946
0.524293 9670
0.524294 78631
0.524299 16075
0.5243 38628
0.524303 3172
0.524314 60939
0.524325 25084
0.524326 2882
0.524346 27424
0.524348 2905
0.524362 69231
0.524386 25819
0.524393 56551
0.524405 20913
0.524442 74075
0.524454 96237
0.524466 73121
0.524482 7424
0.524503 26354
0.524503 37887
0.524512 100271
0.524512 101271
0.524521 69989
0.524549 25043
0.524573 77327
0.524602 95870
0.524654 51388
0.524667 61850
0.524688 79108
0.524695 12617
0.524695 80414
0.524707 59690
0.524711 88007
0.524742 98411
0.524749 81944
0.524753 39931
0.524755 16698
0.524773 88312
0.52479 73230
0.524802 12786
0.524815 11099
0.524833 72554
0.524867 22999
0.524874 82607
0.524879 89157
0.524898 79682
0.524903 77580
0.524918 98546
0.524924 4068
0.524933 81961
0.524941 86282
0.52499 29919
0.525004 78766
0.52501 23533
0.525025 81734
0.52504 82182
0.525042 52842
0.525066 6578
0.52507 46771
0.525075 48552
0.525089 73460
0.525097 59860
0.525103 26539
0.525107 29810
0.52511 46639
0.525122 42014
0.525123 80802
0.525135 73051
0.525152 12835
0.525178 18982
0.525193 37044
0.525212 14970
0.525227 52548
0.525227 7883
0.525253 43687
0.525255 39411
0.52526 18238
0.525262 89783
0.525273 29150
0.525283 44568
0.525283 47009
0.525286 15623
0.525294 89657
0.525296 51805
0.525299 24312
0.525303 14901
0.525308 2336
0.525314 6427
0.525319 48912
0.525319 53410
0.52539 8486
0.525407 13336
0.525423 80198
0.525424 23715
0.52544 44120
0.525442 6249
0.525454 88029
0.525458 29635
0.52546 28036
0.52547 83745
0.525479 70557
0.525499 85069
0.52551 52498
0.525519 30662
0.525524 20843
0.525534 25136
0.525542 72655
0.525556 96983
0.525557 38607
0.525567 1272
0.525567 69490
0.525574 29092
0.525577 15459
0.525581 75797
0.525584 29364
0.525587 72446
0.52559 95648
0.525608 20069
0.52561 14828
0.525615 77796
0.525621 275
0.525632 39503
0.525634 25886
0.525634 31032
0.525642 20329
0.525642 66391
0.525644 10395
0.525645 74755
0.525664 24109
0.525668 88474
0.525706 93336
0.525713 37175
0.525714 31039
0.525715 95056
0.525716 78606
0.525723 74256
0.525727 51705
0.525734 94845
0.525736 55794
0.525774 89160
0.525781 1596
0.525783 99962
0.525807 80206
0.525818 10166
0.525857 1293
0.525871 94175
0.525879 57744
0.525886 30722
0.525898 43736
0.525901 81490
0.525906 33940
0.525908 99271
0.52591 64710
56 113