1 2
368
0.260194 204
0.260201 11190
0.260225 59047
0.260236 50060
0.260243 48822
0.260258 5754
0.260295 86232
0.260308 38955
0.260315 33333
0.260344 58714
0.260351 9577
0.260354 12461
0.260354 373
0.260358 42381
0.260359 16214
0.260369 26793
0.260397 26773
0.260397 47684
0.260406 73204
0.260415 63552
0.260428 28443
0.260439 94474
0.260453 19026
0.260476 11541
0.260477 56054
0.260479 37422
0.260485 94501
0.260498 25477
0.260514 41888
0.260519 38693
0.260549 55675
0.26058 24757
0.26058 32391
0.260586 1017
0.260605 68025
0.260623 17962
0.260626 73361
0.26063 75340
0.260633 95875
0.260645 76288
0.260651 30093
0.260663 90558
0.260674 5375
0.260678 53205
0.260683 69453
0.260685 100479
0.260685 101479
0.260686 2344
0.260699 99351
0.2607 48776
0.260701 80446
0.260712 71725
0.260731 86722
0.260747 95049
0.260758 89897
0.260798 71167
0.260798 94510
0.260803 53975
0.260807 96673
0.26081 6478
0.260835 93579
0.260842 40003
0.260848 53402
0.260852 64429
0.260853 12474
0.260858 51932
0.260871 25828
0.260872 92688
0.260874 74546
0.26088 16113
0.260887 43920
0.26092 55641
0.260937 90517
0.26098 96595
0.260982 60343
0.26101 71398
0.261013 89726
0.261018 12729
0.261033 61661
0.261037 68501
0.261047 100456
0.261047 101456
0.261056 20741
0.261072 66658
0.261101 90093
0.261112 78457
0.261131 81822
0.261147 88364
0.261155 91541
0.261163 876
0.261168 98386
0.261202 42377
0.261209 60218
0.261219 2138
0.261222 26398
0.261225 83735
0.261232 70953
0.261238 88219
0.26124 24645
0.261242 22566
0.261243 47164
0.261243 83291
0.261251 14638
0.261255 68677
0.261261 61139
0.261268 31154
0.261272 27526
0.261302 19844
0.261309 965
0.261326 75396
0.261337 92736
0.261339 50398
0.261356 49376
0.261361 88886
0.261375 807
0.261376 27679
0.261377 83425
0.261381 71377
0.261393 35315
0.261393 78296
0.261394 20560
0.261403 10129
0.261412 49003
0.261422 57840
0.261425 24418
0.261435 75901
0.261436 27620
0.261436 54595
0.261454 89109
0.261488 34363
0.261498 32410
0.261506 54292
0.261511 74315
0.261531 4686
0.26154 60491
0.26155 88872
0.261558 45466
0.261573 76491
0.261583 32560
0.261586 30962
0.261586 49559
0.26159 86910
0.261593 88419
0.261608 94163
0.261614 48998
0.261615 23635
0.261615 79787
0.261627 1821
0.261638 56429
0.261651 88827
0.261652 100017
0.261652 101017
0.261652 102017
0.261667 21320
0.261675 87187
0.261701 31139
0.261716 36252
0.261717 84307
0.261732 6980
0.261741 64582
0.261742 84571
0.261744 81528
0.261755 81005
0.261761 82513
0.261785 48284
0.261794 70728
0.261795 40655
0.261813 55266
0.261831 37355
0.261832 76402
0.261849 81025
0.261852 21747
0.26186 29615
0.261865 5189
0.261874 49556
0.261888 81169
0.261901 86107
0.261915 13522
0.261944 93169
0.261949 63587
0.261953 24759
0.261954 90441
0.261957 73610
0.261983 50203
0.261998 90478
0.262 35039
0.262029 25900
0.262033 24924
0.262049 99371
0.262051 74923
0.262057 44896
0.262074 25764
0.26208 34954
0.262089 25747
0.26209 16162
0.262103 51562
0.262104 42026
0.262107 29844
0.262112 59668
0.262136 92504
0.262148 25711
0.262173 39351
0.262193 49636
0.262194 67905
0.2622 7008
0.262205 40025
0.262218 38315
0.262231 58331
0.262237 69329
0.262242 24095
0.262245 63262
0.262252 61461
0.262271 7803
0.262278 69265
0.262284 48164
0.262296 81400
0.262316 56729
0.262318 78666
0.262361 46434
0.26238 3900
0.26238 43404
0.262391 88274
0.262395 45036
0.262405 14297
0.262408 95495
0.262418 90164
0.262439 50870
0.26244 57478
0.262442 62380
0.262445 68254
0.262447 3571
0.262453 24448
0.262477 80878
0.262483 96123
0.262496 15904
0.262506 81189
0.262513 21864
0.262515 95699
0.262524 56979
0.262549 11370
0.262554 3301
0.262555 86608
0.26257 55127
0.262572 38791
0.262574 38765
0.262575 9478
0.262595 28139
0.262597 9848
0.262615 56952
0.262623 38460
0.262624 63863
0.262629 7968
0.262641 12007
0.262648 63138
0.262655 99836
0.262664 99479
0.262679 64890
0.262685 100802
0.262685 101802
0.262687 72606
0.262689 42920
0.262695 20492
0.262699 51909
0.262727 90721
0.262729 85211
0.262752 76228
0.262753 1941
0.262763 8333
0.262796 25821
0.262832 68809
0.262837 50541
0.262838 3050
0.262855 5167
0.26286 92082
0.262866 17840
0.262878 22077
0.262897 16635
0.262906 35029
0.262927 71148
0.262949 57590
0.262962 61643
0.262965 47252
0.262968 100863
0.262968 101863
0.262969 5263
0.262991 4977
0.262991 9740
0.263009 5416
0.263022 50977
0.263035 2259
0.263043 29928
0.263044 77855
0.26305 17048
0.263056 34307
0.263056 91167
0.263057 91303
0.263066 16084
0.26307 6058
0.263075 99149
0.263092 27182
0.263095 37959
0.263099 66165
0.2631 35746
0.263101 23333
0.263116 11771
0.263119 23100
0.263133 97784
0.263136 18753
0.26314 13812
0.26314 16560
0.263149 71406
0.263156 13510
0.263195 91735
0.263218 21767
0.263219 59227
0.263244 29379
0.263244 94374
0.263259 39190
0.263288 22702
0.263288 99525
0.263296 91033
0.263305 33929
0.263306 25066
0.263306 55037
0.263308 48595
0.263311 33224
0.263318 82112
0.263353 16720
0.263384 2958
0.263386 55259
0.263388 76434
0.263391 32558
0.263406 93887
0.26341 17081
0.26342 42848
0.263437 59020
0.263439 32507
0.263443 22070
0.263453 72227
0.263456 9840
0.263464 64171
0.263471 89199
0.263479 40125
0.263479 83818
0.26348 53793
0.263487 88992
0.263494 86868
0.263501 76854
0.263523 36495
0.263529 10310
0.263529 81661
0.263544 3624
0.263561 11220
0.263586 67189
0.263587 9741
0.263589 73593
0.263593 5456
0.263595 29792
0.263647 48220
0.263656 34805
0.263671 63637
0.263673 57167
0.263679 37437
0.263679 72897
0.263688 17750
0.263693 60735
0.26373 87220
0.263738 7279
116 3