1 2
348
0.779461 2662
0.779467 57504
0.779506 17686
0.779554 11118
0.779556 81513
0.779564 57738
0.779573 67247
0.779587 65200
0.779631 42055
0.779643 86848
0.779644 47163
0.779652 19940
0.779655 70916
0.779674 51901
0.779688 28817
0.779708 65466
0.779708 96369
0.779722 10883
0.779726 9150
0.779737 79903
0.779743 14182
0.779746 18716
0.779756 20005
0.779761 76031
0.779764 56896
0.779768 66442
0.779775 67660
0.779781 98370
0.779784 46223
0.779785 68024
0.779794 70911
0.779799 20095
0.779803 8656
0.779821 3017
0.779823 85323
0.77983 46418
0.779885 94384
0.779894 10415
0.779902 42562
0.779925 52199
0.779931 12038
0.779932 15471
0.779937 8725
0.779943 54240
0.779947 23021
0.779972 66062
0.780002 95258
0.780016 57679
0.780016 98569
0.780032 45763
0.780033 36367
0.780033 51107
0.780034 42821
0.780042 85631
0.780058 53903
0.780065 23434
0.780094 95084
0.780109 76986
0.78011 39595
0.78012 78344
0.780121 80392
0.780123 51205
0.78014 12812
0.780144 51370
0.780146 11760
0.780158 60683
0.780159 75809
0.78017 90299
0.780176 69932
0.780221 42424
0.780229 80848
0.780244 61062
0.780288 69115
0.78029 94134
0.780295 93999
0.780315 63667
0.780316 85917
0.780322 90968
0.780326 8284
0.780328 27536
0.780331 26530
0.780332 73945
0.780349 40409
0.780366 34622
0.780369 11801
0.780377 58049
0.78038 60669
0.780391 94326
0.780417 24054
0.780428 10113
0.780438 26612
0.780438 79499
0.780442 29407
0.780442 66807
0.780453 68156
0.780514 91154
0.780534 32637
0.780537 90760
0.780562 11179
0.780566 46713
0.78058 16539
0.780611 11028
0.780617 22810
0.780625 51391
0.780631 27713
0.78064 44669
0.780641 73478
0.780646 89273
0.780652 92188
0.780659 83661
0.780671 50956
0.780683 655
0.780697 6100
0.780704 81920
0.780707 73533
0.780722 22313
0.780729 13088
0.780749 21497
0.780762 85722
0.780777 54141
0.780805 29046
0.780821 66895
0.780833 77613
0.780834 69967
0.780839 9302
0.780845 66575
0.780858 76695
0.780868 18214
0.780874 20117
0.78088 78234
0.780886 21545
0.780895 19514
0.780917 5272
0.780923 38087
0.780934 38263
0.780941 77640
0.780941 83060
0.780951 75562
0.780955 57998
0.780962 83694
0.780969 20504
0.780975 44378
0.780981 36083
0.780982 19090
0.780999 72898
0.781016 31569
0.781024 89252
0.781038 17017
0.781041 30715
0.781049 28243
0.78105 58777
0.781053 6616
0.781072 67805
0.781088 11793
0.781097 60098
0.78111 37559
0.78111 61613
0.781124 8442
0.781127 93471
0.781141 13099
0.781158 100470
0.781158 101470
0.781163 30804
0.781179 9686
0.781189 55783
0.781195 13024
0.781196 22530
0.781196 84330
0.781271 90039
0.781288 99896
0.781309 58388
0.781313 35828
0.781313 81845
0.781342 64432
0.781346 31454
0.781355 32684
0.781356 38962
0.781362 24444
0.781373 57242
0.781376 19259
0.781377 15793
0.781383 27353
0.781384 22228
0.781399 17971
0.781401 47916
0.781407 54781
0.78141 15585
0.781424 36592
0.781426 46988
0.781448 53687
0.781449 25102
0.781467 23745
0.781475 24331
0.781479 75348
0.781489 56490
0.781489 89692
0.781521 65868
0.781524 96870
0.781528 42968
0.781533 31981
0.78154 42665
0.781544 55497
0.781546 58553
0.781554 32523
0.781558 3350
0.781558 53050
0.781571 55443
0.781576 29768
0.78159 92717
0.781592 53290
0.781606 4316
0.781613 56637
0.78164 8161
0.781647 85054
0.781653 17778
0.781657 21732
0.781664 61789
0.781669 60758
0.781689 4860
0.781713 49366
0.781714 82107
0.781727 19250
0.781731 27689
0.781738 81796
0.781742 49726
0.781745 50478
0.781766 82308
0.781769 2261
0.781772 4652
0.781773 98661
0.781784 28634
0.781796 93507
0.781803 97408
0.781806 29745
0.781806 73360
0.781831 53946
0.781837 44809
0.78184 46256
0.781849 36220
0.781858 10089
0.781859 702
0.781869 82014
0.78188 22234
0.781897 89823
0.781897 96429
0.781909 86036
0.78192 13730
0.781923 74519
0.781927 50418
0.781956 67772
0.781959 44001
0.781971 26697
0.782002 66847
0.782011 6315
0.782015 49577
0.782016 77632
0.782025 70000
0.782035 81829
0.782037 16950
0.782047 13555
0.782064 32158
0.782074 19406
0.782105 72060
0.782119 35028
0.78212 54486
0.782121 81656
0.782137 18302
0.782164 45239
0.782169 49064
0.782178 16239
0.782182 40760
0.782183 21516
0.782195 17512
0.782195 70178
0.782204 84509
0.782208 9305
0.78221 84985
0.782213 76876
0.782226 42372
0.78223 80569
0.782235 63018
0.782251 68576
0.782256 55451
0.782257 98682
0.782258 23765
0.782267 34408
0.782284 73218
0.782291 84863
0.782309 70298
0.78231 71496
0.782312 18199
0.782313 78023
0.782331 27033
0.782337 62720
0.782342 24290
0.782349 80157
0.782364 55626
0.782381 50874
0.782399 44965
0.782418 61694
0.78243 87208
0.782431 8131
0.782438 41147
0.782466 48622
0.782481 81431
0.782516 38996
0.782521 58747
0.782549 36451
0.782562 28940
0.782568 54007
0.782576 23418
0.782587 66525
0.782628 79540
0.782633 17311
0.782647 24010
0.782669 26172
0.782671 68458
0.78269 13496
0.78269 7748
0.782701 96366
0.782709 68219
0.78275 88485
0.782752 49972
0.782755 19666
0.782761 65296
0.782766 78182
0.782774 96887
0.782779 79936
0.782783 1355
0.782803 13947
0.782817 38746
0.782837 92135
0.782842 42831
0.782847 26805
0.782877 9004
0.782878 70329
0.782879 95715
0.782894 4185
0.782897 73150
0.782926 9930
0.782943 61318
0.782949 87390
0.782959 96238
0.78296 36140
0.78296 71462
0.782962 50199
0.782965 45538
0.782968 31883
31 103