1 2
340
0.903068 10463
0.903072 12467
0.903077 78677
0.903092 67709
0.903093 11791
0.903094 64266
0.903105 41564
0.903108 94719
0.903112 2743
0.903162 79680
0.903201 96967
0.903208 67989
0.90323 38959
0.903255 85357
0.903259 77798
0.903261 42757
0.903274 32243
0.903277 22872
0.90328 54739
0.903282 59794
0.903295 70118
0.903305 38203
0.903317 71325
0.903331 48626
0.903334 37646
0.903338 67169
0.903348 45925
0.90335 57111
0.903351 94822
0.90337 61192
0.903377 1307
0.90338 46894
0.903386 73775
0.903396 26151
0.903402 58691
0.903433 45959
0.903438 98400
0.903461 3168
0.903474 15987
0.903479 61579
0.903482 39633
0.903496 72657
0.903509 34075
0.903522 76483
0.903527 70236
0.90353 18290
0.903564 17335
0.903586 83154
0.903601 29090
0.903601 78785
0.903602 35981
0.903606 26647
0.903614 29699
0.903629 66745
0.903638 63276
0.90364 53269
0.903653 54152
0.903654 82351
0.903655 47896
0.903658 90868
0.903661 11110
0.903673 56756
0.903674 2150
0.903686 19591
0.90369 28115
0.903691 97450
0.903722 69361
0.90376 73474
0.903767 12377
0.903768 55952
0.903784 4509
0.90381 40661
0.903814 90055
0.903826 14273
0.903828 49069
0.903843 28956
0.903849 66604
0.903862 9905
0.903903 21804
0.903924 21876
0.903933 55976
0.903934 25521
0.903975 38780
0.903992 13838
0.903992 21550
0.903994 3886
0.904007 10176
0.904014 65565
0.904029 50416
0.904034 6291
0.90404 65809
0.904049 81024
0.904071 64629
0.904076 23928
0.904076 91610
0.904078 56140
0.904079 28519
0.904091 9206
0.904103 75705
0.904112 17313
0.904113 40344
0.904128 37570
0.904138 2415
0.904172 2160
0.904177 65784
0.904184 7198
0.9042 50310
0.904231 41411
0.904247 62939
0.904253 25330
0.904258 40199
0.90426 24406
0.904272 85376
0.904273 11770
0.904276 88343
0.904292 87813
0.904302 53250
0.904311 96188
0.904312 27041
0.904314 9012
0.904315 1007
0.904326 30308
0.904358 41268
0.904375 85759
0.904385 38879
0.90441 22461
0.904415 20682
0.90443 61821
0.904445 75747
0.904447 57609
0.904447 61290
0.904451 71421
0.904457 68515
0.904485 61506
0.904489 45175
0.904495 36149
0.904502 99874
0.904509 74593
0.904522 89538
0.904524 58162
0.90453 32314
0.904539 27106
0.904551 51609
0.904563 50536
0.90457 18997
0.904574 63187
0.904579 79871
0.904593 79272
0.904593 98321
0.904598 19303
0.9046 5772
0.904603 1281
0.904603 91377
0.904626 4930
0.904632 91769
0.904646 43745
0.90465 31668
0.904661 29561
0.904672 8730
0.904679 58330
0.904688 7224
0.904695 139
0.90471 62926
0.904715 97515
0.904728 97451
0.904748 1580
0.90475 64958
0.904761 14571
0.904786 43337
0.904786 91339
0.904792 78659
0.904793 32936
0.904794 22708
0.904807 26351
0.904808 78369
0.90481 49256
0.904815 40186
0.904833 49710
0.904839 12525
0.904844 14822
0.904852 62162
0.904875 76887
0.904877 11573
0.904891 20351
0.904903 88908
0.904933 53988
0.904939 30370
0.904941 16867
0.904947 29860
0.90495 80357
0.904958 47082
0.904959 89502
0.904971 72325
0.904972 86686
0.905006 53616
0.905021 34050
0.90508 32206
0.905087 84417
0.905091 26037
0.9051 29598
0.905107 7389
0.905109 11928
0.90511 31926
0.905113 4524
0.905121 62660
0.905127 98991
0.905146 72913
0.905164 33681
0.905172 22262
0.905196 34306
0.905237 28516
0.905244 9836
0.905245 25625
0.905246 83402
0.905247 81647
0.905257 24547
0.905261 90969
0.905265 83237
0.905274 30881
0.905278 26062
0.905302 56340
0.905303 594
0.905305 22852
0.905305 59759
0.905317 22438
0.905325 92872
0.90534 48162
0.905344 36597
0.90535 16625
0.905352 87330
0.905356 94975
0.905364 37321
0.905399 88953
0.905417 61967
0.905422 15837
0.905422 26511
0.905422 93220
0.905441 39707
0.905446 91850
0.905453 71139
0.905467 61360
0.905468 47331
0.905468 47666
0.905477 54665
0.905478 77975
0.90548 9401
0.90549 74515
0.905496 4374
0.905506 53596
0.905513 41090
0.905516 5506
0.905524 20355
0.905531 100299
0.905548 70864
0.90556 68313
0.905561 25059
0.90557 87022
0.905584 81692
0.905607 24998
0.905619 80407
0.905627 25769
0.905638 33069
0.905666 16257
0.905672 51627
0.905676 6450
0.905677 71613
0.90569 5441
0.905691 59652
0.905707 42587
0.905723 63099
0.905732 83488
0.905741 42370
0.905762 62110
0.905773 30302
0.905794 31286
0.905795 73922
0.905806 69251
0.905814 87440
0.905825 27049
0.905828 66837
0.905874 11889
0.905876 6038
0.905896 83359
0.905903 16936
0.905904 562
0.905911 70578
0.905913 2937
0.905917 48630
0.905944 49837
0.905944 61426
0.905964 33804
0.905973 22358
0.905985 100543
0.905986 18746
0.906001 95980
0.906002 33904
0.906006 74173
0.906016 30469
0.906045 32143
0.906046 54385
0.906063 5311
0.906075 65614
0.906098 77287
0.906103 69761
0.906115 70498
0.906119 33019
0.906133 17825
0.906133 47311
0.906134 62742
0.906144 5226
0.906146 1220
0.906169 48215
0.906174 39261
0.906177 44600
0.90618 16753
0.906185 63192
0.906189 28981
0.906215 46436
0.906241 81449
0.906257 64763
0.906262 1803
0.906273 48585
0.90628 71384
0.906313 36416
0.906324 64164
0.906325 53918
0.906356 64159
0.906358 8905
0.906364 7934
0.90637 5977
0.906377 91990
0.906379 9296
0.90638 19822
0.906404 31053
0.906445 64643
0.906446 9558
0.906452 76246
0.906456 39263
0.906481 14492
0.906502 22116
228 230