1 2
353
0.929281 11331
0.9293 20763
0.929314 38144
0.929328 31462
0.929334 100343
0.929349 81099
0.929352 45960
0.929353 68112
0.929358 40111
0.929382 96933
0.929387 15086
0.929393 15636
0.929398 88541
0.929402 11129
0.929408 41125
0.929419 46588
0.929473 81085
0.929481 9486
0.929485 84380
0.929497 41501
0.929502 70702
0.929504 42303
0.929509 26406
0.929513 64104
0.929517 8148
0.929525 52629
0.929528 3692
0.929539 15883
0.929541 84214
0.929554 34220
0.929556 97607
0.929565 23770
0.929579 92697
0.929582 62829
0.929583 57854
0.929585 21041
0.929592 50885
0.92961 94580
0.929611 41398
0.929644 6158
0.929653 73267
0.92966 41283
0.92966 53267
0.92966 62358
0.929666 84922
0.929667 20344
0.929673 81636
0.929678 63854
0.929681 45162
0.929693 64185
0.9297 96432
0.929737 78562
0.929753 78838
0.92976 61441
0.929766 84851
0.929791 56479
0.929796 33462
0.929812 56554
0.929824 14340
0.929836 63086
0.929861 33994
0.929862 15551
0.929862 42521
0.929874 51258
0.929876 72970
0.929886 20479
0.929891 12642
0.929896 79052
0.929898 30165
0.929914 78140
0.929916 74920
0.929949 91708
0.929963 4052
0.929966 28887
0.929975 82476
0.92998 18548
0.930006 19929
0.93004 91876
0.930054 69588
0.930057 53299
0.930064 74780
0.930084 91579
0.930086 83750
0.930093 71185
0.930105 81969
0.930124 11859
0.930154 66430
0.930156 49996
0.93016 92978
0.930161 77454
0.930175 28777
0.930181 68539
0.930188 14652
0.930236 44615
0.930239 45948
0.930242 41904
0.930243 24170
0.93025 78503
0.930262 58981
0.930282 95775
0.930283 92353
0.93029 11007
0.930298 36630
0.930302 28657
0.930307 38212
0.93031 25254
0.930316 13703
0.930341 9403
0.930345 52863
0.930412 2689
0.930431 1156
0.930435 64426
0.930435 76984
0.930469 86405
0.930473 50020
0.930473 69317
0.93048 54026
0.930502 4151
0.930513 35875
0.930516 23132
0.930523 78712
0.930537 33326
0.930541 96820
0.930553 21292
0.930562 95290
0.930569 29258
0.930569 8936
0.930593 8281
0.930599 82465
0.930608 49587
0.930608 60720
0.930648 34556
0.930658 98963
0.930668 58347
0.930684 25101
0.930694 21615
0.930694 47487
0.930704 12827
0.93071 94953
0.930715 28035
0.930718 47530
0.930727 17661
0.930747 77332
0.930759 80325
0.930761 57182
0.930773 96195
0.930782 75402
0.930784 42187
0.930784 9850
0.930787 44899
0.930787 45085
0.93079 52072
0.930796 87278
0.930818 21437
0.930818 89995
0.930827 92766
0.93083 87244
0.930841 78348
0.930848 19405
0.930851 18005
0.930852 10338
0.930853 69547
0.930892 23716
0.930892 28356
0.930893 93504
0.930898 23870
0.930899 74343
0.93093 95203
0.930935 20802
0.930938 34530
0.930958 46262
0.930959 31088
0.930959 66713
0.930968 44046
0.930971 16997
0.930971 75478
0.930976 13966
0.930997 40609
0.930998 36474
0.93101 71962
0.931012 97121
0.931013 13493
0.931013 15188
0.931029 48648
0.93103 89892
0.931032 93092
0.931034 2250
0.931058 76780
0.931084 1192
0.931108 97851
0.931114 43463
0.931131 34296
0.931132 8339
0.931143 54920
0.931158 33181
0.93116 21279
0.931172 79824
0.931178 15131
0.931179 62709
0.931186 73343
0.931186 79613
0.931188 50712
0.931199 66145
0.931203 8996
0.931204 95537
0.931209 7329
0.93123 95656
0.931247 80877
0.931249 24964
0.931258 18975
0.931262 36473
0.931269 66593
0.931274 78517
0.931281 91309
0.93129 53973
0.931291 7034
0.931303 65007
0.931312 17849
0.931328 19961
0.931337 13376
0.931338 13661
0.931345 100270
0.931346 67866
0.931363 69780
0.931368 56157
0.931408 1996
0.931408 6132
0.931428 93914
0.931429 62576
0.931434 8762
0.931434 94597
0.931459 95850
0.931485 44940
0.931489 14758
0.931508 97799
0.931511 2768
0.931516 78777
0.931522 58808
0.931524 89056
0.931532 30360
0.931537 11912
0.931556 41225
0.931563 65649
0.931564 808
0.931578 17543
0.931581 1532
0.931618 58954
0.931623 60899
0.931638 1858
0.931642 39428
0.931649 4945
0.931669 71274
0.931681 48413
0.931698 45911
0.931712 97982
0.931714 69722
0.931727 100323
0.931736 48738
0.931744 91791
0.931765 39094
0.931768 206
0.931781 3280
0.931792 60794
0.931792 7818
0.931796 67322
0.931805 62903
0.931816 5101
0.931849 24492
0.931853 82395
0.931866 53573
0.931867 43430
0.931872 78709
0.93188 89404
0.931882 12828
0.931898 10904
0.931905 6997
0.931908 72042
0.931916 21641
0.931935 13632
0.931943 43871
0.93195 24346
0.931953 63943
0.931958 240
0.931973 100344
0.93198 82226
0.931984 25461
0.93199 93678
0.932019 64575
0.93202 70888
0.932047 23968
0.932048 85875
0.932067 10286
0.932069 66350
0.932098 17823
0.932099 35119
0.932109 47842
0.932118 58638
0.93213 5106
0.932138 35975
0.932139 70961
0.932143 86049
0.932146 11167
0.932156 56969
0.932166 63725
0.932168 29656
0.932184 25544
0.932194 5400
0.932202 78199
0.932239 5317
0.932254 84890
0.932273 59536
0.932274 11659
0.932275 19292
0.932291 67139
0.932313 67797
0.932341 16217
0.932358 1786
0.932359 99647
0.932366 14516
0.932367 31147
0.932368 50914
0.932374 62300
0.932382 88718
0.932387 65074
0.932393 55634
0.932412 93483
0.932413 88134
0.932415 37972
0.932423 99340
0.932454 39708
0.932466 46632
0.932468 53085
0.932483 58000
0.932491 23617
0.932495 41258
0.932495 7784
0.932505 20131
0.932507 54457
0.932508 14316
0.932534 11598
0.932538 84789
0.932542 9289
0.932559 36216
0.93256 58715
0.932578 83110
0.932586 70857
0.932588 87930
0.932589 88567
0.932597 16233
0.932621 79982
0.932645 19187
0.932658 14915
0.932662 3739
13 115