1 2
349
0.868056 29321
0.868065 46458
0.868068 45026
0.868078 43896
0.868096 86186
0.868098 53794
0.868101 782
0.86811 87290
0.868112 10936
0.868113 92814
0.868115 94176
0.868118 39906
0.868118 53338
0.86812 35282
0.868138 87254
0.868158 61008
0.868159 27988
0.868212 86139
0.868214 36990
0.868224 70799
0.868225 13613
0.868228 20857
0.868239 61584
0.868245 59489
0.868293 63887
0.868297 29771
0.86831 59973
0.868317 7872
0.868321 34626
0.868339 57349
0.868355 42358
0.868363 11300
0.868366 71300
0.868368 29413
0.86837 52804
0.868374 19700
0.868386 13507
0.86839 9895
0.868419 91357
0.868436 39947
0.868448 81629
0.868452 67962
0.868453 62507
0.868454 55992
0.868456 34580
0.868465 84356
0.868472 95221
0.868474 68226
0.86848 1026
0.868498 21928
0.868521 79687
0.86853 93160
0.868533 7185
0.868536 70601
0.868537 25738
0.868562 31391
0.868584 73140
0.868592 38477
0.868594 85028
0.868599 1787
0.868609 69708
0.868612 7095
0.868627 41495
0.868647 95102
0.868648 86782
0.86865 72501
0.868659 93153
0.868666 32453
0.868679 34096
0.868685 84596
0.868702 87717
0.86872 87773
0.868722 32962
0.868732 20735
0.868738 10880
0.868738 12141
0.86874 81294
0.868751 43240
0.868751 57734
0.868772 28676
0.868776 8326
0.868786 8060
0.868791 13936
0.868811 25126
0.868814 40437
0.868824 6957
0.868826 72738
0.868839 44298
0.868851 19749
0.868855 47764
0.868858 84706
0.868859 89211
0.868863 92352
0.86887 8057
0.868886 17202
0.868896 28709
0.868922 22194
0.86894 16530
0.868944 9200
0.868945 96332
0.868953 95239
0.868957 49027
0.868962 83133
0.868988 24618
0.868989 91746
0.868989 96177
0.868996 93760
0.869 85033
0.869004 4179
0.869012 39119
0.869021 2621
0.869026 58031
0.869038 56179
0.869039 11905
0.869042 92073
0.869044 42989
0.869053 49100
0.869089 73535
0.869092 34538
0.869099 58734
0.8691 36111
0.869153 98801
0.869154 39174
0.869166 60623
0.869169 39206
0.869197 49033
0.869207 35635
0.869227 26073
0.869228 27161
0.869232 13262
0.869234 13647
0.869253 55339
0.869267 44061
0.869293 61302
0.869318 88278
0.869338 77764
0.869356 70423
0.869358 54749
0.869366 8135
0.869371 28463
0.869385 99391
0.869402 75076
0.869414 76663
0.869417 8767
0.869418 9841
0.869423 48363
0.869438 70095
0.869443 24343
0.869455 30429
0.869464 64678
0.869466 18244
0.869469 89291
0.869472 97603
0.869473 58614
0.869494 72442
0.869496 59708
0.869517 40260
0.869518 45123
0.86952 17953
0.869527 86584
0.869536 6506
0.869539 46906
0.869553 76310
0.869588 53796
0.869595 68892
0.869637 59388
0.869641 73531
0.869642 46882
0.869643 76411
0.869647 84133
0.869657 74527
0.869669 11710
0.869671 63098
0.869687 72863
0.869689 99557
0.86969 60848
0.869721 1058
0.869725 17976
0.869728 81990
0.869743 82758
0.869751 31826
0.869777 67295
0.869794 9611
0.869798 1761
0.869815 39659
0.869819 14140
0.869837 54124
0.86984 15700
0.869844 58994
0.86985 52371
0.869859 2975
0.869906 38220
0.86992 39868
0.869925 29041
0.869947 20689
0.869962 27905
0.869972 81947
0.869976 25199
0.869985 15814
0.869989 68288
0.86999 40853
0.869996 36193
0.87001 53389
0.870016 41745
0.870019 60675
0.870022 25404
0.870024 11423
0.870025 94035
0.870027 36967
0.870028 56925
0.870041 44218
0.870042 42145
0.870051 97488
0.870055 23004
0.870055 48839
0.870094 18254
0.870104 24066
0.870126 12162
0.870131 41012
0.870132 9674
0.870153 47861
0.870167 86822
0.87017 96488
0.870172 92376
0.870174 4229
0.870174 58600
0.87018 84224
0.870185 26767
0.870203 53872
0.87021 97887
0.870215 32210
0.870221 38143
0.870234 70012
0.870238 48477
0.870239 19937
0.870266 53354
0.870287 69533
0.870323 90746
0.870339 49966
0.870348 10007
0.870348 40423
0.870353 89025
0.870369 50319
0.870369 51158
0.8704 81500
0.870416 98260
0.870417 97062
0.87042 93850
0.870422 82661
0.870425 39492
0.870431 78016
0.870436 2380
0.870443 9724
0.870445 15421
0.870446 11380
0.870447 83923
0.870469 29855
0.870472 85133
0.870478 19779
0.87049 67228
0.870542 40491
0.870547 4082
0.870551 15496
0.870558 35501
0.870566 96193
0.870569 15603
0.870577 31011
0.870596 52516
0.870602 85755
0.870617 15637
0.870626 22944
0.870639 86788
0.870643 16552
0.87066 31366
0.870665 2889
0.870688 1016
0.870702 36091
0.870718 98646
0.870724 83279
0.870733 60981
0.870756 98262
0.870777 96005
0.870786 89222
0.870787 7061
0.870806 86223
0.870815 52655
0.870816 15318
0.870818 98395
0.870819 70057
0.870827 63577
0.870828 29620
0.87083 61564
0.870849 68355
0.870852 90492
0.87086 46621
0.870866 90817
0.870871 39481
0.870932 40874
0.87095 31079
0.870961 12728
0.870967 52342
0.870996 84653
0.871002 31577
0.871004 99249
0.871036 82480
0.871049 33331
0.871064 24593
0.871065 34254
0.871065 91583
0.871069 14774
0.871111 14824
0.871132 50723
0.871136 71252
0.871145 6077
0.871146 5774
0.871169 34511
0.871182 80011
0.871183 76501
0.871185 18078
0.871191 31082
0.871193 38467
0.871198 65305
0.871199 5448
0.871203 24817
0.871231 32098
0.871244 32791
0.871314 67134
0.871337 80895
0.871341 89666
0.871371 23848
0.871372 32840
0.871381 169
0.87139 54402
0.871393 34007
0.871406 26400
0.87142 67568
0.871422 56473
0.871422 81092
0.871432 29559
0.871504 36054
0.871508 21430
0.871515 33680
0.871523 83449
0.87154 63620
0.871549 93252
0.871558 55930
0.871559 10502
0.871568 64914
0.87158 48676
6 123