1 2
364
0.404388 51341
0.404388 7893
0.404417 54890
0.404419 96571
0.404429 52585
0.404435 67321
0.404436 77966
0.404438 53999
0.40449 40160
0.404517 56156
0.404522 97131
0.404564 63921
0.404565 22062
0.404568 69988
0.40457 66481
0.404572 23506
0.404575 1760
0.404589 62599
0.404597 26096
0.404599 78104
0.404613 29136
0.40462 29449
0.404622 91965
0.404622 93099
0.404623 99776
0.404637 51850
0.404648 45134
0.404669 98196
0.404677 3419
0.404683 48867
0.404691 56941
0.404696 88130
0.404724 93581
0.40473 82978
0.404742 59939
0.404764 16152
0.404775 21075
0.404793 28303
0.4048 78256
0.404801 2933
0.404804 96705
0.404826 9692
0.404827 99152
0.404829 63117
0.404835 73268
0.40484 58933
0.40484 82660
0.404855 33233
0.404865 28423
0.404868 37735
0.404891 70431
0.404896 67717
0.404898 50745
0.404909 13049
0.404912 99798
0.404953 12062
0.404958 97852
0.404966 19997
0.404984 99081
0.40499 10949
0.404995 76735
0.404998 76548
0.405003 65023
0.405026 6953
0.405042 18598
0.405079 37385
0.405103 52096
0.405115 31688
0.405117 31691
0.405125 46555
0.405128 18540
0.405131 60453
0.405134 44742
0.405154 27698
0.405158 38273
0.405172 74292
0.405173 57614
0.405183 63096
0.405189 88851
0.405197 94620
0.405204 22090
0.405207 9502
0.405213 84815
0.405217 41342
0.405226 48340
0.405229 39618
0.405241 70366
0.40526 25997
0.40526 79590
0.405311 62176
0.405313 67332
0.405331 12742
0.405334 90024
0.405349 86019
0.405359 1458
0.405376 33383
0.405376 88051
0.40539 17173
0.405393 4079
0.405405 71910
0.40541 15840
0.405419 84718
0.405424 28313
0.405447 89096
0.405457 75542
0.40546 15179
0.405462 55040
0.405462 99381
0.405476 651
0.405478 93064
0.405484 91202
0.405486 85552
0.405518 48749
0.405518 75431
0.405532 26831
0.405557 6140
0.405562 12633
0.405572 82844
0.405576 46453
0.405577 60763
0.405584 45275
0.405598 34197
0.405605 32748
0.405622 10743
0.405623 32627
0.405631 41628
0.405634 64738
0.405643 34174
0.405644 59665
0.405652 9126
0.405654 60816
0.405662 60971
0.405688 49807
0.405712 68154
0.405714 9176
0.405731 37272
0.405745 31447
0.405761 86406
0.405774 46524
0.405775 29164
0.405778 3306
0.405782 9475
0.405793 82963
0.405795 6052
0.405806 81927
0.405809 99161
0.40581 48505
0.405816 89671
0.40582 21703
0.405844 74767
0.405851 60214
0.405867 78839
0.405881 30002
0.405907 29892
0.405921 5531
0.405925 32252
0.405941 41689
0.405946 47016
0.405958 55937
0.405964 6623
0.40598 16926
0.405981 69177
0.405982 80160
0.405997 80092
0.406015 73890
0.406018 17476
0.406032 54791
0.406039 87165
0.406064 10835
0.40607 12893
0.406072 5113
0.406075 93218
0.406077 34833
0.406109 56680
0.40613 73580
0.406152 42337
0.406153 23901
0.406156 9474
0.406162 52580
0.406177 77329
0.406181 3269
0.406185 86353
0.406198 50373
0.406221 65341
0.406229 79379
0.406235 6598
0.406238 21059
0.406245 1974
0.4063 69966
0.406305 70148
0.406312 32597
0.406316 82343
0.406319 82020
0.406328 94127
0.406334 4919
0.406336 19803
0.406338 80717
0.406351 30884
0.406351 39925
0.406356 63640
0.406358 26688
0.406389 30356
0.406413 72832
0.406423 54129
0.40643 35983
0.40643 90272
0.406438 84801
0.406439 42760
0.40644 15083
0.40644 73403
0.406452 69243
0.406467 6831
0.406487 37243
0.406499 24177
0.406501 46115
0.406583 28176
0.406592 595
0.406622 49638
0.406636 54076
0.406638 52223
0.406654 87805
0.406675 3726
0.406683 25270
0.406703 76372
0.406705 48475
0.406708 3686
0.406713 61173
0.406716 40900
0.40673 34036
0.406736 50518
0.406749 57176
0.406773 76120
0.406774 39134
0.406786 77707
0.406788 2485
0.406794 46508
0.406797 17822
0.406797 67663
0.406798 77233
0.406799 37717
0.406818 14937
0.406819 43178
0.40683 96273
0.406839 28039
0.406847 72760
0.406849 57157
0.406857 37834
0.406879 57090
0.40689 36956
0.406913 59995
0.406914 78879
0.406914 94066
0.406921 96142
0.406925 73114
0.406928 41896
0.406928 51400
0.406931 97210
0.406936 1866
0.406936 48460
0.406943 68533
0.406945 46866
0.406948 87557
0.406958 48647
0.406981 69331
0.406993 42867
0.406998 96552
0.407008 82664
0.407012 58401
0.407016 84177
0.407023 17779
0.407024 19582
0.407027 21254
0.407043 14503
0.407053 95633
0.407055 48134
0.407067 20951
0.407068 55436
0.407069 55276
0.407085 20946
0.4071 30060
0.407103 5387
0.407107 73855
0.407109 49634
0.407129 78526
0.40714 29398
0.407143 87592
0.407146 59323
0.40715 50364
0.407154 56053
0.40716 30124
0.407162 27879
0.407168 60643
0.407177 90692
0.407193 2080
0.407204 66684
0.407208 49288
0.407223 561
0.407232 84620
0.407236 81208
0.40724 89509
0.407256 64064
0.40727 87259
0.407302 76323
0.407304 43157
0.407345 8964
0.40735 27695
0.407357 12614
0.40736 41843
0.407374 43572
0.407393 44248
0.407405 26282
0.407407 91457
0.407431 81168
0.407482 96146
0.407484 99214
0.407494 79301
0.407511 22928
0.407519 68594
0.407538 77341
0.407585 52711
0.407588 6218
0.407589 7991
0.407603 50501
0.407609 57526
0.407609 92533
0.407611 82952
0.407611 88701
0.407613 59641
0.407624 23183
0.40763 30847
0.407635 43903
0.407639 3648
0.40764 62727
0.407662 84427
0.407667 26187
0.40768 80129
0.40768 9889
0.407699 69919
0.4077 65622
0.407701 2843
0.407706 45042
0.407733 13469
0.407765 86921
0.407802 97466
0.407831 15145
0.407832 19670
0.407897 41463
0.407905 24457
0.407907 7463
0.407922 17272
0.407927 83007
0.407936 59345
0.407948 89721
0.40795 46945
0.407959 92967
0.407966 73925
0.40797 5829
0.407977 41005
0.407993 20415
0.407993 82733
0.407995 85126
0.408004 97660
0.40802 88286
0.408026 5217
124 59