1 2
330
0.671891 6088
0.671906 25327
0.671916 26277
0.671928 12765
0.671961 33420
0.671965 87857
0.671989 87385
0.671992 46103
0.671995 70231
0.672008 70357
0.672017 83349
0.672025 17761
0.67204 55842
0.672047 51863
0.672059 19257
0.672068 28098
0.672091 84944
0.672096 89229
0.672104 30961
0.672105 21006
0.672107 17762
0.672108 5941
0.672114 73208
0.672115 77964
0.672116 51717
0.672118 59875
0.672119 95249
0.672123 89389
0.672126 18275
0.672133 86618
0.672147 61198
0.672149 59012
0.67218 25674
0.672191 59147
0.672194 40741
0.672202 98846
0.672221 60457
0.672226 11479
0.672229 81036
0.672239 46171
0.672263 52275
0.672279 6299
0.672307 20239
0.672322 46532
0.672327 44757
0.672333 90997
0.67236 51479
0.67239 68617
0.672406 23475
0.672414 93425
0.672415 66380
0.672422 29416
0.672422 45629
0.672431 32768
0.672437 11903
0.672451 35324
0.67246 44538
0.672464 56504
0.672465 87902
0.672475 28794
0.672475 98164
0.67248 21188
0.672493 11932
0.672495 60582
0.672521 2403
0.672535 61966
0.672562 45107
0.672567 25137
0.672569 20050
0.672578 89338
0.672591 67847
0.672604 32797
0.672624 1986
0.672631 44204
0.672644 36159
0.672655 18171
0.672666 78610
0.672672 71469
0.672674 26117
0.672689 4690
0.672716 86835
0.672722 17304
0.672729 40226
0.672742 63001
0.672752 51746
0.672753 97858
0.672765 15863
0.672765 42618
0.672774 48834
0.672781 98365
0.672785 21719
0.67279 92803
0.672795 13023
0.672807 55106
0.672809 29694
0.672823 53611
0.672823 98710
0.672825 54585
0.672856 38745
0.672858 62855
0.672862 4667
0.672865 43472
0.672872 87559
0.672874 49724
0.672883 78466
0.672884 62068
0.672891 71011
0.672896 85255
0.672914 44754
0.672923 67054
0.672923 85221
0.672941 35167
0.672958 53137
0.672964 42890
0.672979 26163
0.673017 58814
0.673017 59970
0.673017 69365
0.673017 80958
0.673023 84491
0.673027 67476
0.673045 1809
0.673052 49629
0.673084 35243
0.673085 17093
0.673095 96003
0.673121 16927
0.673125 4390
0.673129 43053
0.673133 96501
0.673138 49273
0.67316 60259
0.673176 42658
0.673193 77123
0.673195 95885
0.673205 54501
0.673206 79780
0.673209 23225
0.673209 4434
0.673215 15922
0.673253 80340
0.673262 12725
0.673278 11119
0.673281 79448
0.673295 29686
0.673306 52852
0.673317 87038
0.673323 47387
0.673326 39359
0.673329 7774
0.673352 67899
0.673359 62889
0.673371 46761
0.673371 54133
0.673397 83118
0.673454 1491
0.673457 31898
0.673498 70167
0.673524 96790
0.673531 57648
0.673544 25390
0.673547 33097
0.673549 8697
0.673562 4143
0.673567 27306
0.673572 64322
0.673573 38960
0.673584 14967
0.673606 65110
0.673612 28959
0.673625 7564
0.673627 70272
0.67364 2456
0.673649 28377
0.673653 17734
0.673653 3171
0.67366 57528
0.67367 39878
0.673676 3537
0.673703 37814
0.673715 49774
0.673718 6560
0.673736 8472
0.673742 76436
0.673744 24454
0.673782 98018
0.673784 25976
0.673789 26656
0.673791 75322
0.673809 89763
0.673812 87873
0.673831 90490
0.673855 413
0.673876 19431
0.673876 79598
0.67389 84909
0.673892 61990
0.673895 12319
0.673897 39872
0.673899 2509
0.673916 17724
0.673922 27413
0.673929 25001
0.673934 1404
0.673939 83309
0.673965 40568
0.673966 65236
0.673972 91745
0.673979 94895
0.673989 65705
0.673993 6741
0.674002 37843
0.674003 52876
0.674021 70661
0.674031 27400
0.674036 51072
0.674036 69326
0.674041 68475
0.674059 80971
0.674077 38859
0.674089 4571
0.674092 18574
0.674094 57573
0.674095 42435
0.674117 19296
0.674117 22592
0.67412 47461
0.674126 47622
0.674139 57592
0.674147 34181
0.674148 83467
0.674159 36470
0.674185 44584
0.674194 2182
0.674196 36898
0.674197 67184
0.674211 42194
0.674245 81506
0.67426 24142
0.674267 36015
0.674287 11115
0.67429 20653
0.674304 78170
0.674305 36446
0.674309 42964
0.674313 68495
0.674319 30712
0.674325 47073
0.674327 83528
0.674332 22925
0.674345 29410
0.674353 38576
0.674376 61133
0.674378 38616
0.674378 59424
0.674406 48481
0.674414 11071
0.674415 15137
0.674426 91293
0.674433 65635
0.674442 62124
0.674447 92377
0.674466 80910
0.674468 6884
0.674476 60022
0.674483 44952
0.674484 17817
0.674498 53275
0.674508 41224
0.674525 16128
0.674533 75259
0.674548 17764
0.674553 63955
0.674561 55552
0.674571 64504
0.674571 96876
0.674574 2110
0.674593 60055
0.674596 55809
0.674599 7215
0.674599 82345
0.674601 36502
0.674609 57803
0.674622 96192
0.674624 47515
0.674636 68206
0.674649 99142
0.674651 5861
0.674664 20559
0.674674 15668
0.674681 22071
0.674714 36138
0.674717 69545
0.674729 70455
0.674736 50397
0.674751 40546
0.674755 13879
0.674764 52368
0.674765 31063
0.67477 6029
0.674781 77275
0.674783 71644
0.674787 55619
0.674788 63761
0.674789 75336
0.674797 13206
0.674799 89639
0.6748 74459
0.674808 62123
0.67481 90620
0.67483 64049
0.674836 71096
0.674842 49424
0.674844 27978
0.674875 20598
0.674895 64268
0.674908 96788
0.674909 78983
0.674909 98004
0.674933 9863
0.674943 22319
0.674955 29563
0.674968 67894
0.674993 3736
0.675001 2474
0.675004 53405
0.675004 94809
0.675006 38442
0.67502 79110
0.675046 77534
60 126