1 2
368
0.253163 10787
0.253166 51825
0.253208 22639
0.253222 70464
0.253249 16393
0.253255 15712
0.253257 98701
0.253268 23508
0.253299 44270
0.253322 54369
0.253325 28678
0.253328 13383
0.253333 39109
0.253362 89167
0.253364 35106
0.253374 56106
0.253379 62547
0.253388 68403
0.253404 76266
0.253408 67558
0.253414 78394
0.253431 21844
0.253436 36232
0.253448 82025
0.253452 3666
0.253466 31985
0.253479 34651
0.253509 49337
0.253526 86814
0.253531 27706
0.253535 80133
0.253539 57250
0.253564 91056
0.253572 11589
0.253576 2413
0.25359 70125
0.253602 8325
0.253616 76828
0.253659 9227
0.253671 36342
0.253673 43889
0.253684 9846
0.253704 78390
0.25371 80662
0.253713 26890
0.25372 79717
0.25372 8647
0.253727 93543
0.253734 28372
0.253735 96367
0.253738 15146
0.25374 5287
0.253755 83960
0.253769 34519
0.253774 27775
0.253807 31515
0.25381 55711
0.253812 84648
0.253825 52868
0.253831 32002
0.253838 8000
0.253843 90577
0.253852 36094
0.253854 16167
0.253865 85623
0.253866 91292
0.253871 60500
0.25388 72131
0.253886 6614
0.253887 71058
0.253888 9414
0.25391 79606
0.253914 76796
0.253919 67464
0.253935 6449
0.253937 40680
0.253946 3554
0.253957 77934
0.253964 31392
0.253975 82557
0.253982 64112
0.253987 11818
0.253987 75743
0.254003 15615
0.254017 34294
0.254019 4508
0.254026 85159
0.254041 100452
0.254041 101452
0.254085 15125
0.254091 9514
0.254107 71811
0.254124 67263
0.254126 1084
0.254133 41859
0.254136 2323
0.254144 67452
0.25415 11307
0.254164 68500
0.25417 6593
0.254184 100462
0.254184 101462
0.254194 51241
0.2542 82271
0.254213 86506
0.254213 97692
0.254215 81277
0.254218 66259
0.25422 27663
0.254227 65289
0.254271 25837
0.254273 58143
0.254276 71714
0.254283 90985
0.254293 17674
0.2543 87533
0.254334 76902
0.254343 60513
0.254359 9988
0.254373 8086
0.254379 14585
0.254401 31525
0.254424 56826
0.254426 25322
0.254441 7895
0.254444 48498
0.254456 44869
0.254457 85750
0.25447 75346
0.254475 68578
0.254484 24750
0.254487 87891
0.254535 68875
0.254543 37293
0.25457 40346
0.254573 17122
0.254576 53543
0.254583 24928
0.254588 68538
0.254607 47753
0.254642 50999
0.254644 73562
0.254646 171
0.25466 28064
0.254664 92327
0.254667 4117
0.254667 61465
0.254671 10399
0.254672 53185
0.254684 88557
0.254693 64866
0.254694 26060
0.254697 15481
0.254714 13269
0.254717 5703
0.254723 98161
0.254772 12025
0.25478 40472
0.254795 17887
0.254813 9216
0.254818 44102
0.254846 74518
0.254847 14329
0.254847 48407
0.254847 92465
0.254853 68715
0.254854 9609
0.254885 80172
0.254892 100938
0.254892 101938
0.254909 11594
0.254922 15609
0.254935 50904
0.254946 59398
0.254963 48774
0.254965 30265
0.254968 83591
0.254969 50475
0.254985 32171
0.254986 62497
0.254996 17287
0.254996 31698
0.255022 65006
0.255049 68424
0.255064 58076
0.255069 1885
0.255119 7534
0.255122 57418
0.255139 90320
0.255154 13615
0.255174 78269
0.255179 87709
0.255193 75349
0.255201 55213
0.25521 48747
0.255217 88259
0.255228 51084
0.255252 95085
0.255291 79677
0.255307 47733
0.255308 13457
0.255335 79667
0.255343 13436
0.255361 100073
0.255361 101073
0.255361 102073
0.255376 80017
0.255377 13549
0.255377 71518
0.25538 94788
0.255381 14879
0.255381 91022
0.255402 72137
0.255436 9065
0.255452 16640
0.255469 79487
0.25547 6659
0.255472 100796
0.255472 101796
0.255472 36696
0.255484 56715
0.255488 100200
0.255488 101200
0.255498 48395
0.255513 38272
0.255516 43632
0.255529 9942
0.255534 13739
0.255541 85030
0.255546 57629
0.255555 9392
0.255567 34317
0.255576 29784
0.25558 80690
0.255593 69541
0.25561 79596
0.255615 21198
0.255623 1393
0.255624 78806
0.255653 76453
0.255682 55761
0.255683 47543
0.255686 34675
0.255696 81256
0.2557 59431
0.255715 55363
0.255723 80048
0.255728 2088
0.255749 83657
0.255756 15860
0.255771 9344
0.255782 54605
0.255795 6437
0.255796 30669
0.255826 93675
0.255844 49485
0.25587 47499
0.255898 33731
0.2559 98745
0.255913 75579
0.255914 18709
0.255931 66945
0.255933 74807
0.255938 81260
0.255943 74436
0.25602 33701
0.256038 54460
0.256039 79202
0.256042 83945
0.256049 89775
0.256058 27452
0.25606 47458
0.256071 57143
0.256089 79722
0.256097 2374
0.256098 19706
0.256103 3922
0.256109 40753
0.25612 32254
0.256124 61046
0.256125 85366
0.256125 88786
0.256173 40333
0.256193 58768
0.256207 1998
0.256214 14918
0.256223 44964
0.256233 32668
0.256234 39204
0.256237 22012
0.256244 94952
0.256248 3635
0.256255 51328
0.256256 79740
0.256261 32215
0.256265 40688
0.256265 45447
0.256265 6272
0.25627 23922
0.256272 22512
0.256272 90290
0.256281 32103
0.256281 71684
0.256282 97528
0.256291 31772
0.25631 52972
0.256314 4339
0.256323 31151
0.256381 95460
0.256394 12855
0.256399 32883
0.256408 4092
0.25641 1783
0.256434 58494
0.25646 75939
0.256477 6787
0.256488 21130
0.256524 51730
0.256556 59568
0.256563 53126
0.256568 15821
0.25658 77077
0.256599 86092
0.256629 93586
0.256632 21757
0.256633 99795
0.25664 92941
0.256643 39021
0.256645 10269
0.256646 16199
0.256656 86237
0.256663 68991
0.256669 98147
0.256672 49553
0.25668 93286
0.256687 93670
0.256688 85437
0.256703 35464
0.256704 13360
0.256725 89415
0.256759 58704
0.256766 56031
0.25677 58244
0.256775 3737
0.256784 15407
0.256786 15826
0.256791 27495
0.256795 36184
0.256815 69622
0.256831 90536
0.256848 89075
0.256859 60777
0.256861 62320
0.256874 100882
0.256874 101882
0.256874 66896
0.256909 91692
0.256914 56211
0.256938 7941
0.256941 48116
0.256944 97240
0.256948 43396
0.256976 80146
0.25698 65077
0.256986 16514
0.256995 21536
0.256999 80734
0.257006 53591
3 114