1 2
377
0.78679 8890
0.786794 98791
0.786815 100990
0.786815 101990
0.786821 77295
0.786823 26745
0.786826 93131
0.786841 5886
0.786863 92436
0.786864 82773
0.786873 97975
0.786874 21224
0.786879 62165
0.786906 86150
0.786911 28917
0.786924 8126
0.786926 34572
0.786937 82438
0.78694 89571
0.786947 77422
0.786949 100838
0.786949 101838
0.786956 82627
0.786956 83906
0.786969 93055
0.786978 37845
0.787008 13005
0.787008 38337
0.78701 76318
0.787011 2266
0.787045 70666
0.787047 97876
0.787051 48462
0.787057 33503
0.787057 70791
0.787064 11512
0.787072 32382
0.78708 41179
0.787085 87561
0.787095 58669
0.787099 46051
0.787103 24233
0.787116 43048
0.787125 94829
0.787139 65901
0.787143 88087
0.787146 24695
0.787148 55899
0.787162 8250
0.787215 30727
0.787234 1900
0.787248 3161
0.787256 1509
0.787275 96128
0.787297 11213
0.787298 36330
0.787304 14152
0.787312 87602
0.787324 68512
0.787336 6005
0.787346 60653
0.787368 55490
0.787388 61498
0.787414 45058
0.78742 22919
0.787426 68243
0.787433 81684
0.787455 872
0.787458 11786
0.787462 95728
0.787492 69255
0.787496 3856
0.787504 9225
0.787508 14339
0.787524 82904
0.787532 65958
0.787562 98886
0.787575 35655
0.787577 32874
0.787583 6517
0.787598 43426
0.787607 23436
0.787614 37562
0.78763 85604
0.78764 63912
0.787648 97201
0.787679 64156
0.787709 87434
0.787718 12470
0.78773 62141
0.787732 50847
0.787751 57944
0.787752 11717
0.787773 23137
0.787807 81581
0.787814 18930
0.787825 28977
0.787839 94963
0.787847 10156
0.787856 86927
0.787864 64094
0.787868 76100
0.787874 69049
0.787887 78779
0.787889 39323
0.787896 85549
0.787901 72904
0.787905 30207
0.787911 98765
0.787915 90204
0.787918 46714
0.787921 43695
0.787925 97031
0.787946 78380
0.787948 61908
0.787951 598
0.787964 8313
0.787969 53819
0.787985 87983
0.787987 22
0.788003 67433
0.788027 24154
0.788041 96315
0.788044 27584
0.788055 54267
0.788082 31336
0.788091 29331
0.788099 21814
0.788117 99400
0.788121 43610
0.788124 92072
0.788125 4030
0.788132 13636
0.788134 16095
0.78814 83647
0.788154 11950
0.78816 11460
0.788166 24450
0.788173 85674
0.788175 95825
0.788176 80813
0.788183 17045
0.788183 87977
0.788185 24062
0.788213 65309
0.788227 51766
0.788228 597
0.788248 25308
0.788254 57293
0.788256 99402
0.788273 61969
0.788273 78488
0.788281 78966
0.788293 77263
0.788297 54760
0.788298 19693
0.788301 87894
0.788322 67723
0.788339 25289
0.788362 22423
0.78837 53216
0.788403 24243
0.788425 9590
0.788452 24040
0.788453 14860
0.788453 32493
0.788464 81810
0.788467 88103
0.78848 54148
0.788493 74547
0.788495 85101
0.788515 80825
0.788528 52645
0.788533 65688
0.788535 44682
0.788551 8001
0.788556 22497
0.788565 37555
0.788583 31763
0.788601 9684
0.788604 63525
0.78861 54198
0.78867 68974
0.788676 21716
0.78869 89034
0.788695 42893
0.788698 21323
0.7887 1137
0.788702 2626
0.788702 78495
0.788704 64790
0.788721 77034
0.788731 73835
0.788733 53123
0.788757 73313
0.788777 80454
0.78878 56035
0.788792 41055
0.788793 40511
0.788814 87646
0.788815 89080
0.788821 60845
0.788834 69564
0.788834 92888
0.788836 100523
0.788836 101523
0.788836 98918
0.788838 82532
0.788842 63371
0.788853 61199
0.788867 66566
0.788867 9197
0.788869 38870
0.788869 70516
0.788874 29037
0.788894 97001
0.788895 84147
0.788905 83755
0.78891 57329
0.788911 12406
0.788921 10822
0.788925 30775
0.788928 19146
0.788939 24396
0.788948 24473
0.78898 100640
0.78898 101640
0.789005 88792
0.789015 80014
0.789025 59208
0.789028 38088
0.789047 23474
0.789054 12204
0.789069 60949
0.78908 91235
0.789094 44236
0.789099 97444
0.789107 1321
0.789125 11329
0.789125 46909
0.789133 92499
0.789142 74265
0.789159 3779
0.789166 1704
0.789196 7753
0.78923 22812
0.789242 64583
0.789244 91564
0.789262 73468
0.789269 8524
0.789274 61697
0.789277 64017
0.789285 33865
0.789298 39314
0.789302 55812
0.789306 70524
0.789311 83495
0.789319 50737
0.789349 44021
0.789355 91006
0.789356 25957
0.789375 25085
0.789377 50819
0.789413 6269
0.789416 98444
0.789426 91788
0.789433 89047
0.789459 65798
0.78946 73935
0.789463 94160
0.789471 5260
0.789473 45972
0.78948 71436
0.789482 75907
0.789485 1871
0.789488 89246
0.789493 37161
0.789508 88985
0.789521 64925
0.789532 52540
0.789533 72158
0.789534 58441
0.789535 6630
0.78954 62756
0.789541 30894
0.789556 33147
0.789569 8760
0.789585 6685
0.789587 68625
0.789593 27136
0.78962 39819
0.78963 77466
0.789635 21042
0.789646 52050
0.789656 81204
0.78967 51443
0.789674 66376
0.789682 86659
0.789692 35631
0.789702 49077
0.789707 89723
0.789715 28260
0.789739 97977
0.789745 89901
0.789759 41753
0.789766 64467
0.789796 68939
0.789806 80833
0.789833 58920
0.789844 41144
0.789846 46250
0.789859 13277
0.78987 27736
0.789875 94219
0.789886 98827
0.789894 79368
0.7899 51918
0.789911 80915
0.789912 18082
0.789923 31164
0.789923 40555
0.789925 27595
0.789926 16808
0.789934 40261
0.789935 80924
0.789937 43783
0.789946 16546
0.789959 78078
0.789965 24494
0.789966 50139
0.789969 65462
0.78998 5049
0.789994 54583
0.79 43864
0.790011 97468
0.790022 35234
0.790075 6876
0.790078 28329
0.790078 75056
0.790086 13877
0.790093 58703
0.790104 72772
0.790116 44781
0.790118 33242
0.790121 91849
0.790136 47520
0.790167 15952
0.790169 83812
0.790171 6703
0.790178 91743
0.790194 83413
0.790209 1329
0.790247 68852
0.790256 99792
0.790287 6256
0.790287 97708
0.79029 55268
0.790316 59095
0.790318 70898
0.790323 22192
0.790333 9410
0.790336 9977
0.790337 63015
0.790349 49460
0.790364 81906
0.7904 3473
0.790401 19574
0.790431 95266
0.790479 6139
0.790489 83576
0.790499 86534
0.790513 13709
0.790518 33764
0.790526 76518
0.790569 29073
0.790576 84833
0.790578 38210
121 31