1 2
349
0.711937 6463
0.711946 86449
0.711977 1576
0.711984 36129
0.71199 100949
0.711998 64393
0.71201 50651
0.712011 21667
0.712012 58745
0.712015 13103
0.712021 2309
0.712023 47650
0.71205 37181
0.712054 23961
0.712068 60862
0.712075 12650
0.712077 85699
0.712095 83751
0.7121 66731
0.712101 22975
0.712113 38624
0.712116 50639
0.712117 19604
0.712123 15653
0.712132 14141
0.712139 24222
0.712141 69603
0.712146 13164
0.712148 26101
0.712168 70895
0.712183 88466
0.712212 40569
0.712212 86568
0.712233 89786
0.712237 97239
0.71225 48579
0.712251 85091
0.712254 6157
0.712266 55500
0.71227 17547
0.712276 4387
0.712288 47706
0.712293 31742
0.712314 68055
0.712317 96401
0.712328 47825
0.71233 11235
0.712337 83491
0.71234 5382
0.71234 61862
0.712348 14658
0.712383 65569
0.712388 15877
0.712393 27117
0.712397 77311
0.712403 70852
0.712411 81616
0.712425 45668
0.712453 97103
0.712456 81197
0.712457 69653
0.712458 35952
0.712496 87454
0.712504 32185
0.712516 8619
0.712528 13915
0.712552 87538
0.712556 16784
0.712568 43595
0.712571 30582
0.712584 68346
0.712591 100518
0.712593 12218
0.712594 64526
0.712596 75639
0.712606 58918
0.71261 3777
0.712611 84152
0.712623 61734
0.712623 83732
0.712634 22165
0.712638 85754
0.712646 72922
0.712677 27357
0.712688 32731
0.712696 1551
0.712705 91246
0.712717 82258
0.712718 93830
0.712721 91184
0.712726 85884
0.712736 40613
0.712758 91932
0.712767 92205
0.712782 65833
0.712783 81059
0.712786 67674
0.712788 40925
0.712801 19550
0.712814 68994
0.712815 53954
0.712823 34056
0.712831 91209
0.712842 8484
0.712847 78195
0.712852 58328
0.712859 6771
0.7129 76578
0.712901 49205
0.712912 94691
0.712925 45238
0.712942 19625
0.712951 54481
0.712956 3812
0.712964 100846
0.712966 91068
0.712975 4646
0.712976 29213
0.712995 11580
0.713 43526
0.713007 40130
0.713028 65251
0.713048 94349
0.71305 27297
0.71305 31568
0.713053 54451
0.713055 73499
0.71307 9576
0.713079 79768
0.713089 50205
0.713094 81363
0.713106 36824
0.713108 5964
0.713131 76747
0.713134 59616
0.713141 96923
0.713147 99694
0.713153 34412
0.713161 57659
0.713177 50415
0.713187 98916
0.713196 6869
0.713218 11046
0.713231 26409
0.713267 70715
0.713284 11198
0.713285 53396
0.713288 52053
0.713295 15669
0.713302 68481
0.713315 57815
0.713337 73087
0.713353 43565
0.713355 29025
0.71336 52250
0.713365 36420
0.713369 22022
0.713371 82856
0.713376 95688
0.713378 15723
0.713394 86694
0.713399 37565
0.713406 4644
0.713422 18443
0.713426 62738
0.713432 66670
0.713434 25487
0.713439 20156
0.713448 94211
0.713463 5589
0.713478 33085
0.713487 28965
0.71349 63549
0.713492 5222
0.7135 25460
0.713522 80888
0.713524 51896
0.713553 92543
0.713557 100649
0.713559 17689
0.71357 1466
0.713593 91026
0.713596 92355
0.713607 64947
0.71361 49059
0.713614 94699
0.713625 76153
0.713632 68386
0.713643 51100
0.713645 60411
0.713677 63853
0.713681 12308
0.713685 51193
0.713688 49001
0.713695 82189
0.713712 3742
0.713714 61532
0.713719 54828
0.713737 3150
0.71374 43085
0.713764 17130
0.713776 90622
0.713789 3253
0.713805 61852
0.71382 87245
0.713823 88423
0.71383 12511
0.713833 70007
0.713836 15901
0.713849 74357
0.713862 74382
0.713864 63564
0.713867 26083
0.713872 60627
0.713878 56371
0.713889 12743
0.713891 62603
0.713894 12660
0.713906 87141
0.713908 16598
0.713908 40188
0.713913 47249
0.71394 45542
0.713948 29896
0.71395 70442
0.713958 63550
0.713969 80080
0.714017 16109
0.714027 60111
0.714031 54349
0.714061 18569
0.714062 1633
0.714071 69408
0.714073 6653
0.714075 54790
0.714077 9333
0.714082 15717
0.714083 94443
0.71409 89906
0.714097 83262
0.714102 83188
0.714105 4493
0.714109 8055
0.714109 98104
0.714117 12773
0.71413 69945
0.714133 91804
0.714135 64630
0.714138 26497
0.714155 37238
0.714156 8969
0.714164 41935
0.714171 23392
0.714197 82508
0.714239 38737
0.714239 73662
0.714241 100241
0.714246 4067
0.714251 50533
0.714253 93196
0.714256 15351
0.714261 33191
0.714269 70477
0.714288 78665
0.714288 94797
0.714308 40037
0.714311 247
0.714311 8040
0.714313 25701
0.714317 40766
0.714323 99777
0.714336 100561
0.714357 6169
0.714357 91182
0.714366 18091
0.714371 18941
0.714382 59316
0.714387 59456
0.714394 95810
0.714396 37698
0.7144 71696
0.714401 21307
0.71441 80509
0.714411 56436
0.71442 18959
0.714429 57792
0.714434 7276
0.714435 67869
0.714447 11651
0.714471 89171
0.714474 12171
0.714481 32280
0.714482 54632
0.714484 85015
0.714497 32287
0.714514 23087
0.714523 14610
0.714544 59043
0.714548 94095
0.714558 262
0.714572 24194
0.714574 87785
0.714584 9524
0.714599 35262
0.714606 1788
0.714632 58821
0.714633 1590
0.714634 38865
0.71465 21
0.714652 76361
0.714661 31334
0.714664 51711
0.714672 45378
0.714673 92281
0.714674 890
0.714675 13696
0.71468 67138
0.714681 47784
0.714686 61839
0.714703 98909
0.714723 54951
0.714724 40020
0.714726 78102
0.714726 93008
0.714743 44654
0.714755 16460
0.714761 65761
0.714804 50358
0.714821 43298
0.714836 66
0.714849 87994
0.714859 51729
0.714873 11800
0.714886 74493
0.714897 39767
0.714907 98758
0.714921 99313
0.714924 8496
0.714928 29199
0.714934 87926
0.714935 32769
0.714938 23170
0.714939 46723
0.714953 3378
0.714964 10736
0.714967 75716
0.714979 21837
0.714989 35004
0.714994 47432
120 42