1 2
356
0.65833 27261
0.658334 66988
0.658339 78551
0.658349 1583
0.658349 91504
0.658354 90113
0.658358 16842
0.658367 12818
0.658368 95734
0.658397 80797
0.658406 65207
0.65841 85700
0.658437 46186
0.65847 35835
0.658483 54767
0.658485 95976
0.658486 30757
0.658492 78110
0.658499 78374
0.65851 27676
0.658525 87263
0.658527 87812
0.658539 6863
0.658558 78751
0.658559 80839
0.65856 91682
0.658583 38854
0.658596 91480
0.658601 72052
0.658606 1488
0.658608 82676
0.658615 41236
0.658635 98360
0.658644 81165
0.658678 77319
0.658683 32739
0.658697 1038
0.658702 58053
0.658703 83781
0.658711 26529
0.658719 9883
0.658722 10311
0.658729 27187
0.658749 28690
0.658753 40438
0.658756 86581
0.65876 88183
0.658764 65915
0.658769 15831
0.658782 65082
0.658793 84595
0.6588 64278
0.658804 91481
0.658805 94951
0.65881 27350
0.658813 76462
0.658828 55367
0.658829 41735
0.65883 42105
0.658845 11020
0.658865 1994
0.65888 8030
0.658882 74793
0.658899 23186
0.658909 2487
0.658926 93843
0.658932 67633
0.658933 66015
0.658933 7595
0.658938 41630
0.658938 83738
0.658939 79960
0.658943 14519
0.658943 9294
0.658977 91219
0.658985 7558
0.658996 37387
0.65904 94476
0.659057 16826
0.659065 53265
0.6591 16691
0.659114 65449
0.659123 83565
0.659126 18114
0.65913 38022
0.65914 7801
0.659156 71379
0.659169 64139
0.659181 87991
0.659192 15364
0.659206 86842
0.659218 98598
0.659228 72587
0.659245 10470
0.659252 25727
0.659255 39877
0.659256 57611
0.659279 52434
0.659289 31657
0.659297 83555
0.659301 2578
0.659302 18115
0.659312 36227
0.659319 67675
0.659324 74048
0.659334 76037
0.659341 50322
0.659346 28476
0.659354 47660
0.659363 12747
0.659366 74812
0.659368 10947
0.65937 42714
0.6594 87256
0.659406 44867
0.659411 17993
0.659415 54022
0.659437 50243
0.659444 1421
0.659449 78902
0.659464 1554
0.659466 2794
0.659468 68294
0.659471 37583
0.65948 37015
0.659484 39272
0.659495 59343
0.659507 73790
0.659512 21439
0.659512 68525
0.659521 60386
0.659526 1108
0.659546 92420
0.659553 81349
0.659565 96063
0.659583 28549
0.659591 42899
0.659606 89100
0.659649 83672
0.659677 50081
0.659688 61034
0.659699 20535
0.659712 1899
0.65972 32360
0.659728 33811
0.65973 60251
0.659733 17964
0.659751 29273
0.659758 74900
0.659766 97793
0.659775 96860
0.659788 8376
0.659789 58061
0.659789 88777
0.659791 90212
0.659796 67429
0.659799 100500
0.659814 76221
0.65982 87799
0.659834 17444
0.659843 2052
0.659843 73434
0.65986 67276
0.659869 58291
0.659875 60092
0.659894 23650
0.659907 74274
0.659947 77390
0.659948 88270
0.659949 50883
0.659956 63475
0.659958 46933
0.659971 86000
0.659978 70050
0.659989 73846
0.659989 97227
0.659994 54993
0.660003 65651
0.660027 50550
0.660072 47955
0.660078 5720
0.660085 18684
0.660087 4871
0.660092 2779
0.660092 46421
0.660094 60012
0.660125 85998
0.660135 20295
0.660153 62652
0.660184 67017
0.660189 76619
0.660196 22439
0.660196 48297
0.6602 80181
0.660213 45547
0.660234 85262
0.660242 35278
0.660282 37823
0.660287 28712
0.660298 35097
0.660313 22951
0.660315 7466
0.660316 53066
0.660331 23177
0.660355 79771
0.660366 62819
0.660375 73405
0.66038 31309
0.660381 21088
0.660384 40943
0.660411 72141
0.660421 39596
0.660432 86323
0.660469 59772
0.660487 87197
0.660496 76990
0.660527 72614
0.660546 13742
0.660572 45868
0.660575 38063
0.660581 16
0.660585 99301
0.660589 30004
0.66059 79030
0.66059 93911
0.660591 56573
0.660595 5876
0.660612 62151
0.660622 100826
0.660622 67788
0.660648 45857
0.660648 96434
0.660659 3496
0.660661 44130
0.660666 73048
0.660668 53731
0.660674 96748
0.660708 17936
0.660719 95518
0.660746 11111
0.660748 44261
0.660758 31596
0.660761 91794
0.660764 23867
0.660766 13019
0.660772 1606
0.66078 96537
0.660796 35937
0.660803 84832
0.660807 27920
0.660828 20060
0.66083 18333
0.66083 58978
0.660835 1077
0.660844 79334
0.660848 17798
0.660848 75744
0.660853 62605
0.66086 40246
0.660865 10182
0.660873 97233
0.660884 88267
0.660895 10248
0.660895 8245
0.660897 93811
0.660912 56524
0.660933 21800
0.660948 61404
0.66095 24190
0.660955 43965
0.660957 100622
0.660984 74301
0.660992 35035
0.660993 24876
0.661006 61085
0.661039 6852
0.661041 34962
0.661047 54989
0.661057 2963
0.661068 59028
0.661072 74698
0.661081 55940
0.661081 83300
0.661084 43733
0.661121 68068
0.661133 8247
0.661147 94742
0.661152 4591
0.661153 8452
0.661206 58242
0.661222 4544
0.661254 86242
0.66126 25730
0.661262 65363
0.661263 95096
0.661266 29448
0.661282 91491
0.661285 97604
0.661287 84110
0.661288 9529
0.661297 93453
0.661298 57186
0.66131 38760
0.661316 11631
0.661328 30216
0.661344 87013
0.661365 51972
0.661377 43852
0.661386 39688
0.661407 58371
0.661486 29233
0.661516 96974
0.661518 68032
0.661545 13368
0.661545 44900
0.661556 73296
0.661572 8319
0.661614 52334
0.661626 28646
0.661633 54817
0.661674 42621
0.661681 33512
0.661689 35490
0.661713 64398
0.661713 84148
0.66174 99758
0.661755 42924
0.661759 26473
0.661767 24985
0.661768 57810
0.661774 39668
0.661777 14009
0.661786 42988
0.661793 43139
0.661797 64750
0.661798 10493
0.661819 26524
0.661819 39025
0.661823 64399
0.661842 21220
0.661845 37850
0.661887 6305
0.661911 26494
0.661923 8091
0.661939 93521
0.661966 65659
0.661974 70017
0.661983 85662
0.661992 5367
0.662002 45111
0.66201 15170
0.662024 46350
0.66204 98908
0.662046 47630
0.662051 99145
0.662053 72907
29 125