1 2
353
0.831082 7756
0.831108 76062
0.831109 95377
0.831124 48545
0.831126 75667
0.831132 10777
0.831149 88772
0.83117 76124
0.831172 86264
0.831184 77092
0.831184 84673
0.831205 90678
0.831206 5736
0.831213 72174
0.831222 63464
0.831242 14099
0.831267 83550
0.83127 65102
0.831279 28429
0.831288 84037
0.831291 95961
0.831293 23070
0.831296 23254
0.831298 1597
0.831321 94936
0.831337 66054
0.831338 80122
0.831354 79839
0.831364 65168
0.831366 95220
0.831372 24212
0.831374 96329
0.831394 98224
0.831396 75806
0.831407 6587
0.831412 4804
0.831432 89620
0.831436 54246
0.831442 10798
0.831463 51983
0.831471 16725
0.831472 79743
0.831481 81728
0.83149 64900
0.831505 37804
0.831521 21372
0.831521 83442
0.831524 35460
0.831526 84245
0.831529 14928
0.831548 97048
0.831566 66253
0.831572 7412
0.831578 18636
0.831581 72193
0.831596 25014
0.831602 67130
0.831607 61589
0.831614 35183
0.831618 41497
0.831622 32113
0.831633 57543
0.831648 15542
0.831649 80771
0.83166 78556
0.831663 91527
0.831668 38506
0.83167 98446
0.831684 64917
0.831703 48997
0.831722 83393
0.831735 94038
0.831739 91678
0.831739 95886
0.831746 69516
0.831747 4765
0.831763 24652
0.831769 44211
0.831771 68084
0.831778 92501
0.83179 47680
0.831807 54871
0.83182 91021
0.831821 13217
0.831825 86258
0.831854 23250
0.831873 8919
0.831873 90243
0.831874 53179
0.831889 70686
0.831903 68468
0.83191 42027
0.831914 48319
0.831923 1273
0.831923 28112
0.831945 69668
0.831956 1133
0.831965 17599
0.831967 95314
0.831971 27428
0.831971 55191
0.831972 68665
0.831983 417
0.831999 26632
0.832012 29910
0.832018 19673
0.832024 7858
0.832033 84274
0.832065 20692
0.832066 1527
0.832069 73988
0.832095 62126
0.832117 64590
0.832121 44959
0.832137 48638
0.832157 92369
0.832161 9917
0.832165 615
0.832177 33038
0.832214 67817
0.832222 12400
0.832255 3003
0.832264 39995
0.832276 21541
0.832291 20931
0.832294 40945
0.832296 45169
0.832315 96802
0.832316 93784
0.832321 88043
0.832324 72304
0.832352 32073
0.832353 72351
0.83237 56148
0.832404 29662
0.83241 32367
0.83242 71521
0.832444 75445
0.832446 14073
0.832449 93689
0.832464 41442
0.832467 425
0.832469 33172
0.832477 11355
0.832478 6178
0.832486 78723
0.832502 31600
0.83251 72082
0.832515 40629
0.832525 75992
0.832537 80319
0.832553 23679
0.832556 73232
0.832567 41876
0.832569 43229
0.832577 20391
0.832581 63729
0.832583 18952
0.832593 72494
0.832617 97386
0.832633 4027
0.832647 41443
0.832651 44595
0.832651 49052
0.83266 70466
0.832661 48554
0.832671 37964
0.832673 66349
0.832686 21023
0.832689 17084
0.832705 88971
0.832724 69738
0.832731 78699
0.832747 51306
0.832753 83087
0.832759 27621
0.832759 38459
0.832764 86080
0.832775 80785
0.832802 30116
0.832834 60277
0.832852 55924
0.832859 35260
0.832865 68118
0.832867 21245
0.832872 32342
0.832887 40785
0.832906 41161
0.832917 37992
0.832926 37481
0.832943 2605
0.83298 43499
0.832982 66431
0.833015 46728
0.833029 3861
0.833031 32418
0.83304 77677
0.833042 50285
0.833045 34400
0.833054 46619
0.833063 23550
0.833066 56782
0.833086 28616
0.833124 11036
0.833126 86137
0.833132 79185
0.833148 43848
0.833176 19262
0.833178 96106
0.83318 77891
0.833184 97270
0.833185 5623
0.833189 6928
0.833203 24333
0.833248 50600
0.833253 4133
0.833254 33046
0.833254 55184
0.833257 73624
0.833259 27941
0.833262 61108
0.833263 60013
0.833265 31739
0.833275 63961
0.833285 54312
0.833291 96535
0.833296 27287
0.833306 65204
0.833344 62769
0.833347 13392
0.833368 79862
0.833374 23184
0.833383 31168
0.833392 40517
0.833392 44047
0.833401 23252
0.833405 92336
0.833409 37672
0.833409 82993
0.833417 75326
0.833423 85789
0.833425 25732
0.833426 39136
0.833443 60404
0.833472 9612
0.833494 56744
0.833498 32305
0.833504 90964
0.833507 74421
0.833552 64529
0.833564 61600
0.833572 23701
0.833578 9891
0.833584 58154
0.833589 60076
0.833597 36724
0.8336 72087
0.833625 47854
0.833636 56207
0.833637 71295
0.833672 90569
0.833689 26366
0.83369 71267
0.833692 93098
0.833696 26416
0.8337 78097
0.8337 84905
0.833703 82579
0.833706 10664
0.83372 90531
0.833749 53100
0.833751 87319
0.833752 61929
0.833754 13836
0.833762 88210
0.833792 88031
0.833798 57190
0.833823 67236
0.833838 53102
0.833863 56822
0.833897 90491
0.833905 13471
0.833911 63207
0.833924 53106
0.833926 9625
0.833929 29298
0.83395 42873
0.833952 25465
0.833953 5410
0.833959 64826
0.833959 81542
0.833971 91673
0.833973 60170
0.83398 95455
0.834018 40220
0.83403 51571
0.834056 7361
0.83406 96413
0.834082 29612
0.834084 71877
0.834088 21495
0.834096 25265
0.83411 45556
0.834127 96232
0.8342 89846
0.834205 83024
0.834217 72495
0.83423 1542
0.834252 686
0.834252 72691
0.834263 45933
0.834292 85840
0.834297 26996
0.834299 66354
0.834303 51991
0.834317 37666
0.834319 32239
0.834348 76749
0.834358 95020
0.834361 30616
0.834363 15229
0.834363 5710
0.834382 32584
0.834392 28880
0.834393 96953
0.834403 51513
0.834415 93039
0.834438 30054
0.834439 23114
0.834446 29690
0.83447 84505
0.834481 29972
0.83449 30900
0.834498 89107
0.834506 69158
0.834508 89772
0.834513 39138
0.834517 36274
0.834524 21024
0.834524 89387
0.834566 99096
0.834572 66509
0.834572 97108
0.834573 39727
0.834575 92168
0.834577 38062
0.834586 63875
0.834592 17583
0.834602 14663
0.834613 20542
0.834628 9854
0.834634 19564
0.834638 1154
122 62