1 2
348
0.390847 2030
0.390863 11924
0.390874 17390
0.390881 7782
0.390891 57408
0.390892 89640
0.390905 22141
0.390918 29299
0.390928 97522
0.390937 93761
0.390954 23325
0.390962 52688
0.390965 89116
0.390967 15935
0.390995 72470
0.391014 15372
0.391037 72061
0.391047 62277
0.391065 74719
0.391099 71280
0.391099 80473
0.391107 92531
0.39111 18891
0.391111 93537
0.391115 65785
0.391117 17171
0.391129 84964
0.391132 19299
0.391135 39758
0.391137 55488
0.391142 49930
0.39115 20225
0.391157 72699
0.391167 31576
0.391171 20862
0.391177 60782
0.391181 31779
0.391226 33931
0.391229 45641
0.39123 4505
0.391236 80931
0.391251 79426
0.391255 17662
0.391256 56555
0.391261 8901
0.391267 76770
0.391279 72411
0.391279 86480
0.391279 95094
0.391288 18859
0.391304 18123
0.391309 4999
0.391318 69718
0.391342 67239
0.391357 28485
0.391375 99968
0.391413 74416
0.391421 80542
0.391448 19453
0.391448 75306
0.391459 17373
0.391471 85948
0.3915 85469
0.391505 94756
0.391518 59907
0.391548 6089
0.39155 68271
0.391555 32805
0.39158 73728
0.391581 57105
0.391618 64888
0.39162 43460
0.39163 59626
0.39163 85786
0.391652 100924
0.391652 101924
0.391655 56440
0.391663 66580
0.3917 15332
0.391718 33660
0.391726 21448
0.391729 67087
0.391731 47177
0.391731 54966
0.391753 85568
0.391754 89563
0.391762 94284
0.391763 70252
0.391788 96868
0.391789 78443
0.391799 29423
0.391803 76651
0.391822 22492
0.391828 70672
0.391832 84772
0.391834 37474
0.391842 47315
0.391869 90075
0.391874 64869
0.391909 9110
0.391916 81732
0.391922 87117
0.391933 69764
0.391943 83877
0.391947 61229
0.391949 65869
0.391949 76945
0.391963 64086
0.391972 57866
0.391984 72525
0.39199 45009
0.39202 97938
0.392025 22112
0.392028 56099
0.392033 5116
0.392048 93191
0.392071 74783
0.392109 38256
0.392113 49749
0.39212 60229
0.392125 68755
0.392153 100823
0.392153 101823
0.392157 78829
0.392162 72123
0.392184 47676
0.392199 67513
0.392217 21115
0.39222 7500
0.39223 71131
0.392261 59880
0.392263 94818
0.392271 79624
0.392275 53012
0.392294 6326
0.392295 46090
0.392306 29697
0.392322 54304
0.392331 12436
0.392374 8626
0.392386 68516
0.392447 25228
0.392499 12532
0.3925 45306
0.3925 57007
0.392518 70303
0.392521 79240
0.392528 87004
0.392551 18685
0.392574 46049
0.392577 75618
0.39259 74322
0.392604 43061
0.392649 82941
0.392651 97749
0.392652 100197
0.392652 101197
0.392658 40625
0.392666 1234
0.392677 81883
0.392705 27749
0.392731 86847
0.392734 100760
0.392734 101760
0.392739 36052
0.392749 94937
0.392761 13511
0.39278 60997
0.392816 72730
0.392821 79853
0.392834 525
0.392847 84068
0.392849 48489
0.392849 81575
0.392868 62194
0.392872 67447
0.392879 17530
0.392882 57455
0.392883 15362
0.392885 65767
0.392891 82359
0.392902 53864
0.392902 79165
0.392909 52093
0.392919 6998
0.392922 40779
0.392936 60021
0.392938 15484
0.392949 26094
0.392953 55437
0.392986 126
0.393001 39182
0.393001 44845
0.39301 89636
0.393017 88661
0.393034 57124
0.393046 75315
0.393052 74525
0.393058 24347
0.393073 84470
0.393074 6085
0.393078 47746
0.393078 64215
0.393086 6952
0.393092 45874
0.393093 44838
0.3931 37953
0.393113 5419
0.393119 4858
0.393124 73736
0.393127 33529
0.393131 3965
0.393139 97390
0.393185 69271
0.393186 19433
0.393199 65927
0.393203 56158
0.393209 8566
0.393215 41598
0.393226 12588
0.393231 74625
0.393236 26882
0.393248 67269
0.393251 74582
0.393259 29207
0.393274 10375
0.393278 34399
0.393284 32048
0.393315 4168
0.393322 13752
0.393356 27069
0.393356 73908
0.39337 34575
0.393373 16548
0.393374 27913
0.39338 10756
0.393386 78638
0.393394 89641
0.393424 5047
0.393465 32412
0.393473 4989
0.393493 50804
0.393499 71152
0.393506 33736
0.393509 4386
0.39351 73417
0.393514 57447
0.393518 97803
0.393519 57918
0.393566 65584
0.393569 43364
0.393573 85419
0.39359 1325
0.393601 9423
0.393607 62082
0.393619 96893
0.393621 99095
0.393634 6717
0.393642 49255
0.393645 84235
0.393671 12245
0.393685 61803
0.393693 62503
0.393696 74529
0.393696 90438
0.393703 39418
0.393712 81264
0.393763 29225
0.393784 35026
0.393804 67768
0.393815 28537
0.393824 45952
0.393828 32723
0.393863 61675
0.393876 84802
0.393877 65961
0.393881 67386
0.393881 72143
0.393887 58245
0.393888 82169
0.393893 66721
0.3939 46488
0.3939 59406
0.393909 80642
0.393947 32663
0.393956 79319
0.393963 71524
0.393965 42688
0.393966 51816
0.393979 40934
0.393985 81076
0.393987 23066
0.393998 13831
0.394006 5745
0.394012 13530
0.394013 27468
0.394032 16331
0.394043 841
0.394063 92029
0.394069 32997
0.394078 14741
0.39408 72190
0.394081 2672
0.394092 33479
0.394099 94670
0.394107 49752
0.394109 27880
0.394114 6999
0.394115 12040
0.394121 89765
0.394123 78368
0.394148 4366
0.39415 97198
0.394153 61802
0.394164 11016
0.394177 56235
0.39418 29339
0.3942 98199
0.394205 100224
0.394205 101224
0.394206 51515
0.39422 72512
0.394221 19521
0.394224 31384
0.394234 92503
0.39427 53001
0.394285 79411
0.394287 59902
0.394287 77160
0.394289 1290
0.394294 14435
0.394298 79157
0.394305 93868
0.394309 10543
0.394319 64153
0.39434 65476
0.394343 100610
0.394343 101610
0.394347 4931
0.394351 30257
0.39439 80937
0.394395 29759
0.394398 94225
0.394403 97360
0.394412 31909
0.394417 65426
0.39442 52542
0.394431 6742
127 7