1 2
417
0.153158 36482
0.15316 33998
0.153165 4482
0.15317 20157
0.153171 15464
0.153207 35711
0.153208 66882
0.153223 52478
0.153225 43897
0.153225 57178
0.153227 21037
0.153227 93300
0.15324 47373
0.153264 70706
0.153267 12587
0.153269 28706
0.153272 86794
0.153279 29388
0.153286 91775
0.153289 479
0.15329 25785
0.153294 3394
0.153298 71075
0.153306 84661
0.153309 1794
0.15331 13482
0.153316 85000
0.153381 74704
0.153386 12207
0.153398 4318
0.153399 77552
0.153401 67389
0.153424 50991
0.153446 11208
0.153458 42005
0.153459 15698
0.15346 68544
0.153479 17345
0.153479 87091
0.153481 29565
0.153491 75865
0.153491 76964
0.153498 79435
0.153505 78889
0.153507 23335
0.153507 58411
0.153513 40764
0.153513 57454
0.153531 74637
0.153536 37008
0.153564 71592
0.15357 84755
0.153581 28328
0.153587 50380
0.153593 66707
0.153596 16911
0.153614 88966
0.153622 3877
0.153648 93594
0.153651 52343
0.15366 13912
0.153667 87223
0.153669 53361
0.153673 67363
0.15369 91254
0.153707 69880
0.153713 28474
0.153718 42847
0.153723 38134
0.153724 95453
0.153725 76103
0.153727 12608
0.153727 97594
0.153792 15906
0.153811 7944
0.153819 57600
0.153827 51444
0.153835 73013
0.153838 91967
0.153839 61848
0.153861 24139
0.153877 96554
0.153879 63287
0.153898 54926
0.153902 71779
0.153903 8394
0.153919 50762
0.153934 100412
0.153938 71099
0.153953 91996
0.153955 23544
0.15397 11975
0.15397 44627
0.153974 44401
0.153978 9796
0.154014 11708
0.154024 51186
0.154036 13284
0.154041 30521
0.154041 72965
0.154054 4914
0.154064 6641
0.154101 44106
0.15412 84494
0.154131 91536
0.154132 53985
0.154148 50191
0.154152 76508
0.154152 81885
0.154158 61605
0.154164 53243
0.154167 73129
0.154185 36731
0.154194 94527
0.154196 76280
0.15421 72056
0.154211 96572
0.154213 8637
0.154235 52969
0.154242 98492
0.154251 8214
0.154255 28758
0.154278 8823
0.154291 18719
0.154295 73227
0.154305 47584
0.154326 92530
0.154355 36904
0.154357 12892
0.154361 81837
0.154369 1557
0.15438 96850
0.154383 66235
0.15439 44213
0.154401 62236
0.154407 99505
0.154419 75838
0.154434 50852
0.154443 3839
0.154444 14993
0.154447 22528
0.154449 80314
0.154458 59686
0.154466 93268
0.15447 69486
0.154478 31417
0.154478 58439
0.154483 75512
0.154488 52880
0.154518 81938
0.154525 381
0.154537 1610
0.154541 7189
0.154549 58673
0.154551 91898
0.154557 1808
0.15458 16116
0.154586 62505
0.154591 93315
0.154611 23653
0.154611 32865
0.154629 67685
0.154635 11567
0.154635 70135
0.154638 19177
0.154657 81053
0.154665 67678
0.154667 10362
0.154668 47028
0.154694 17443
0.15471 93376
0.154712 9922
0.154724 20158
0.154726 86881
0.154726 99056
0.154731 76824
0.154734 41189
0.154734 61649
0.15474 27599
0.154755 75718
0.154772 35449
0.15478 14482
0.15478 9224
0.154784 77590
0.154787 28305
0.154787 60693
0.154798 94507
0.154805 27774
0.154806 60780
0.154814 84528
0.154817 88755
0.154829 85288
0.154834 12678
0.154837 69048
0.154843 69062
0.154845 8273
0.154868 70777
0.15487 30334
0.154905 81899
0.154906 93657
0.154924 100093
0.154936 60604
0.154936 98817
0.154948 84814
0.154949 60346
0.154951 3441
0.154975 12640
0.154978 9766
0.15499 17650
0.154999 37837
0.155007 22784
0.155007 29962
0.155015 70999
0.155019 25290
0.155022 34547
0.155024 45605
0.155049 40218
0.155049 95317
0.155053 69817
0.155056 46582
0.155057 80184
0.155061 66712
0.155067 60186
0.155082 74037
0.155084 81884
0.155121 55247
0.155123 58873
0.155124 76428
0.155131 75948
0.155138 21407
0.155146 15005
0.155149 38863
0.15515 23524
0.155161 78095
0.155177 81502
0.155182 88476
0.155205 36643
0.155207 61213
0.15521 80327
0.15523 30221
0.155241 8610
0.155243 43583
0.155276 19517
0.155282 23394
0.155283 5685
0.155295 84780
0.155295 98228
0.155296 89562
0.155335 32014
0.15534 25935
0.155345 49403
0.155352 13305
0.155358 53293
0.155387 23587
0.1554 49929
0.155412 24032
0.155413 70871
0.155415 85223
0.155429 40799
0.155445 94955
0.155457 86190
0.155469 5109
0.155488 39556
0.155492 35540
0.155493 2737
0.155494 64028
0.155498 54933
0.1555 57816
0.155505 21777
0.155506 12831
0.15552 41458
0.155521 99922
0.155526 97951
0.155536 47570
0.155544 72771
0.155553 95969
0.155557 5699
0.155585 70434
0.155601 2176
0.155603 62372
0.155607 66622
0.155625 11841
0.155626 98265
0.155628 68591
0.155628 99604
0.155644 85394
0.155672 93366
0.155688 47905
0.155708 4129
0.155723 76830
0.155729 31173
0.155736 55639
0.155738 57227
0.155739 4739
0.155742 100647
0.155758 12052
0.155772 64579
0.155792 62560
0.155804 83460
0.155817 84918
0.155819 7807
0.155823 91483
0.15583 97538
0.155833 64366
0.155836 16350
0.155841 14957
0.155844 47119
0.155845 16185
0.155845 85489
0.155849 84504
0.155851 91260
0.155859 9752
0.155862 44460
0.155867 97624
0.155868 94411
0.155869 15284
0.155882 39839
0.155886 4731
0.15591 30798
0.155916 38195
0.155924 31186
0.155948 45428
0.155984 65123
0.155989 79268
0.155991 61935
0.156016 33075
0.15604 44667
0.156041 89677
0.156046 9089
0.156084 17811
0.156091 9252
0.156097 26049
0.156112 69149
0.156121 31684
0.156121 50592
0.156132 30288
0.156132 64855
0.156133 98435
0.156141 15451
0.156161 38887
0.156187 36518
0.156195 27908
0.156197 15876
0.156206 58574
0.156207 66158
0.156212 20002
0.156213 46225
0.156222 87667
0.156224 64114
0.156244 24341
0.156247 13433
0.156248 57236
0.156272 94126
0.156299 14865
0.156302 78803
0.156314 51077
0.156314 53010
0.156318 48655
0.15632 27254
0.156339 53782
0.156347 94328
0.156352 93512
0.156356 56311
0.156388 35151
0.156405 22198
0.156411 13513
0.156411 25481
0.156432 83137
0.156449 15530
0.156465 54419
0.156469 71343
0.15648 71072
0.156487 21256
0.156505 43215
0.156512 40126
0.156513 66990
0.156544 86358
0.156547 59493
0.156558 64368
0.156568 41357
0.156579 34076
0.15658 97209
0.156586 30596
0.156595 97130
0.156604 27845
0.156627 51599
0.156668 619
0.156668 65005
0.156673 38300
0.156712 40775
0.156714 43594
0.156718 16410
0.156725 41775
0.15673 82715
0.15674 57415
0.156751 85978
0.15678 84437
0.156802 93500
0.156821 75135
0.156838 41511
0.156843 77744
0.156847 42717
0.156851 82330
0.156872 99839
0.156875 68675
0.156878 19476
0.15688 80744
0.156905 62035
0.156907 68305
0.156911 31068
0.156918 87355
0.156935 68801
0.15696 44285
0.156993 50448
0.157 24158
0.157024 42859
0.157024 72862
190 180