1 2
340
0.801908 94
0.801928 88088
0.801938 83205
0.801945 51955
0.801945 60571
0.801956 84530
0.801958 27343
0.801965 55485
0.801966 3902
0.80198 85281
0.801989 24922
0.80199 6223
0.801991 14146
0.801997 77047
0.80201 72242
0.802023 1524
0.802026 53530
0.802038 6395
0.802043 82275
0.802045 45508
0.802051 53188
0.802059 19186
0.802064 89609
0.802074 4167
0.80209 76519
0.802102 55515
0.802103 89836
0.802145 75774
0.802181 73374
0.802183 14608
0.802185 87404
0.802205 100534
0.802205 101534
0.802212 13672
0.80222 11434
0.80222 9959
0.802234 53182
0.802234 71203
0.802235 95170
0.802245 38181
0.802254 43909
0.802262 13646
0.802267 78915
0.802269 65796
0.80227 84243
0.802279 70365
0.802283 19583
0.802287 72867
0.802296 92582
0.802298 27919
0.802301 61834
0.802311 51061
0.802316 15064
0.802324 79485
0.802379 12302
0.802385 71471
0.802387 90132
0.802399 82167
0.802424 50878
0.802425 49121
0.80243 3159
0.802433 98046
0.802437 65857
0.802446 65583
0.802459 40382
0.802492 2412
0.802494 84913
0.802499 26968
0.802525 58996
0.802531 43299
0.802542 11416
0.802565 41655
0.802578 16459
0.802583 2153
0.802618 27840
0.802622 12295
0.802624 18599
0.802636 75397
0.802641 54815
0.802663 94627
0.802697 13089
0.80271 5985
0.802721 32709
0.802739 26397
0.802739 70083
0.802743 76836
0.802747 63666
0.802753 67379
0.802769 53039
0.802787 96693
0.802807 92556
0.802832 81271
0.802877 39724
0.802877 42578
0.802879 92583
0.802891 55116
0.802904 80781
0.802911 10586
0.802928 40884
0.802959 9953
0.802961 36840
0.802962 72983
0.802963 59056
0.802966 32959
0.802966 66971
0.802969 48207
0.802978 13746
0.803001 68373
0.803003 16322
0.803013 53564
0.803039 73283
0.803045 4513
0.803068 52301
0.803072 15980
0.803081 74062
0.803083 98418
0.803099 15694
0.803102 60448
0.803122 67860
0.803184 12910
0.803193 24402
0.803203 5573
0.803206 84450
0.803219 87095
0.803228 29585
0.803231 39071
0.803243 26787
0.803252 14138
0.803275 24571
0.803285 28336
0.803293 100673
0.803293 101673
0.803331 26991
0.803357 94019
0.803368 96685
0.803384 49067
0.803393 16370
0.803393 37770
0.803394 77370
0.803397 73481
0.803406 748
0.803424 100507
0.803424 101507
0.803429 38111
0.803448 71079
0.80345 58544
0.803452 80897
0.803456 59217
0.803469 90069
0.803498 95118
0.803503 32559
0.803513 83416
0.803548 30058
0.803549 75506
0.803555 16440
0.803567 66677
0.803571 3851
0.803574 65562
0.803576 26980
0.803577 82155
0.803578 55301
0.803581 10840
0.803584 82719
0.803585 64923
0.803586 43860
0.803586 81210
0.803598 54856
0.803613 6626
0.803639 96163
0.803641 23388
0.803647 73175
0.803652 5341
0.803653 58055
0.803669 8722
0.803687 22446
0.803696 21493
0.803701 51247
0.803704 82976
0.803716 65526
0.803725 5948
0.803756 20588
0.803763 11584
0.803767 85407
0.803772 96267
0.803778 10061
0.803781 13149
0.803788 76896
0.803813 12953
0.803818 76233
0.803845 10177
0.803853 51713
0.803863 46705
0.803872 67834
0.803896 25338
0.803897 88123
0.803898 25917
0.803901 71734
0.803902 44581
0.803904 17528
0.803915 98367
0.803926 64820
0.803928 98585
0.803935 42601
0.803939 61998
0.803961 33263
0.803967 64046
0.803969 40074
0.80397 10673
0.803974 36958
0.803995 87334
0.804011 21602
0.804026 84858
0.80403 35910
0.804051 68236
0.804056 11389
0.804061 31973
0.804071 7692
0.804081 47685
0.804089 27754
0.804097 62950
0.80412 85617
0.804129 40240
0.804151 13242
0.80416 69593
0.804167 100120
0.804167 101120
0.804168 49537
0.804174 77221
0.804176 20164
0.804184 47074
0.804185 68787
0.804209 24728
0.804217 53183
0.804219 40650
0.80422 74688
0.804223 8853
0.804229 62377
0.804236 22092
0.804237 71016
0.804255 12039
0.804258 24675
0.804276 33022
0.804286 50352
0.804287 9188
0.804295 96597
0.804311 8410
0.804313 1842
0.804316 57608
0.804365 44716
0.804368 55073
0.80438 56709
0.804382 90334
0.804391 17618
0.804411 34940
0.804443 12954
0.804443 80887
0.804458 99617
0.804493 21696
0.804494 75103
0.804507 53029
0.804507 76947
0.804511 46266
0.80452 98885
0.804583 46895
0.80459 10224
0.804596 29232
0.804616 58617
0.804633 50052
0.804642 25234
0.80465 93159
0.80467 32927
0.804672 75599
0.804673 14080
0.804675 2619
0.804687 68352
0.804706 27587
0.804729 86315
0.80473 65454
0.804739 58378
0.804742 76667
0.804773 92508
0.804791 2712
0.80481 35748
0.80481 73995
0.804812 5035
0.804821 50394
0.804825 55752
0.804829 497
0.804866 11254
0.804877 51357
0.804877 5969
0.804885 95235
0.804899 91872
0.8049 38886
0.804902 28619
0.804903 79173
0.804906 30071
0.804907 59795
0.804911 93106
0.804925 74549
0.80493 34598
0.804931 1066
0.804942 11524
0.804946 67338
0.804951 58958
0.804974 84845
0.804986 15350
0.804994 47632
0.805003 46482
0.805003 85149
0.805004 86193
0.805005 1386
0.805021 65126
0.805022 38915
0.805042 63586
0.805057 88974
0.805087 844
0.805088 63671
0.80509 64221
0.805101 100438
0.805101 101438
0.805109 82793
0.805112 62136
0.805117 32124
0.805122 47569
0.805125 99878
0.805144 16705
0.80516 52938
0.805161 93884
0.805173 69938
0.805176 60057
0.805185 44530
0.805207 82566
0.805211 41542
0.805214 31303
0.805219 57277
0.805233 30461
0.805245 38982
0.805252 15075
0.805256 5653
128 63