1 2
340
0.398077 12630
0.39808 3925
0.398083 72604
0.398097 45471
0.398097 65244
0.398098 3831
0.398105 31777
0.398139 71736
0.398149 63760
0.398152 54199
0.398154 5433
0.39816 14360
0.398162 78469
0.398186 15751
0.398189 75570
0.398204 5700
0.398206 82855
0.398219 76622
0.398236 26396
0.398261 77758
0.398275 78671
0.398282 46013
0.398283 50087
0.398317 54843
0.398322 82962
0.398334 81030
0.398336 59371
0.398336 77951
0.398337 31992
0.39836 25468
0.398363 13577
0.398371 78397
0.39838 99103
0.39842 76337
0.398422 87713
0.39844 64705
0.39844 72489
0.398459 67326
0.398467 30540
0.398487 49320
0.398502 21012
0.398509 93885
0.398535 26296
0.398537 16207
0.398538 52543
0.398554 84081
0.398573 63467
0.39858 70823
0.398585 56834
0.398595 86065
0.398605 62595
0.39861 79206
0.398626 81836
0.398629 7347
0.398646 19191
0.398664 14089
0.398677 52552
0.398684 88284
0.398685 17027
0.398696 41739
0.398697 66821
0.398699 40588
0.398702 80137
0.398731 54769
0.398739 30640
0.39874 65232
0.398755 75017
0.398757 51637
0.398763 72739
0.398771 91852
0.398772 35871
0.398796 72779
0.398797 69889
0.398803 81081
0.398808 55688
0.398828 20216
0.398856 97706
0.398866 75157
0.398871 39522
0.398891 98122
0.398898 52677
0.398903 16055
0.398912 36143
0.398968 27560
0.398974 18854
0.398974 21846
0.398975 77385
0.398998 48224
0.399015 14227
0.399026 10792
0.399032 29903
0.399069 8806
0.399083 35963
0.399083 84881
0.399089 99324
0.39909 38988
0.399108 33092
0.39912 47505
0.39912 56435
0.399124 53380
0.399138 31997
0.39914 93547
0.399144 99993
0.399147 95433
0.399154 4350
0.399154 5791
0.399183 46829
0.399198 49422
0.399215 98960
0.399221 32849
0.399222 56564
0.399228 65336
0.399229 24042
0.39923 76788
0.39923 934
0.399243 49075
0.399251 94540
0.399263 49162
0.399265 76178
0.399276 18766
0.399291 89189
0.399307 51169
0.399319 61618
0.39933 5409
0.399336 64892
0.399344 60279
0.399369 43792
0.399375 19530
0.399387 93732
0.399393 67601
0.399407 48986
0.39942 94370
0.399431 79214
0.399478 47883
0.399481 36983
0.399481 66531
0.399484 48066
0.399486 33875
0.399509 93285
0.399516 99191
0.39953 72159
0.399533 28873
0.399533 57628
0.399539 63415
0.39954 75832
0.399565 10437
0.399576 76869
0.399576 83685
0.399576 85854
0.399583 16495
0.399589 14393
0.399596 3486
0.399597 78528
0.399605 79931
0.399613 88175
0.39962 71328
0.399624 90979
0.399669 557
0.399676 7732
0.399678 3285
0.399678 40893
0.399696 36772
0.399714 61854
0.399716 8445
0.399725 80329
0.399754 62370
0.399755 29011
0.399758 94269
0.399775 1170
0.399779 67922
0.399784 67867
0.399825 21291
0.399837 43422
0.399888 19903
0.399889 66524
0.399923 1565
0.399926 9241
0.399955 39963
0.399958 1853
0.399964 7655
0.399973 25471
0.399978 26763
0.399981 18420
0.399981 88448
0.399995 48257
0.399997 93564
0.4 16222
0.400008 48206
0.40001 35703
0.400049 57761
0.40005 96844
0.400054 46321
0.400056 73456
0.400061 45054
0.400063 65561
0.400064 3869
0.400065 45756
0.400074 25223
0.400082 30964
0.400086 44069
0.400087 55856
0.400088 20373
0.40011 47364
0.400126 64080
0.400129 47703
0.40013 81121
0.400131 3418
0.400133 67212
0.400162 27309
0.400178 97778
0.400188 81175
0.400191 74954
0.400193 929
0.400194 55762
0.400206 50066
0.400206 80656
0.400211 16579
0.40023 97808
0.400246 95943
0.40025 59022
0.400261 2471
0.400278 87822
0.400279 42408
0.400284 55125
0.400324 53230
0.400327 74909
0.400354 92444
0.400363 25002
0.400375 65571
0.400376 52251
0.400379 12376
0.400381 36977
0.400393 33547
0.400397 69160
0.400404 48852
0.400409 57703
0.400426 49348
0.400429 51237
0.400431 56197
0.400445 19796
0.400451 64908
0.400451 8106
0.400468 77914
0.400469 24779
0.400471 16754
0.400472 88380
0.400475 2033
0.400485 54017
0.400498 35123
0.40052 10896
0.400531 7299
0.400535 23336
0.400537 26263
0.400542 67057
0.400545 67547
0.400559 2362
0.400567 88859
0.400586 97656
0.400617 35185
0.40063 91514
0.400635 42646
0.400639 89536
0.400641 96490
0.400653 62800
0.400655 90232
0.400662 9575
0.400671 11342
0.400674 72672
0.400681 49566
0.400684 58605
0.40071 2697
0.400713 59326
0.400714 68505
0.400722 33269
0.400736 3188
0.400737 25745
0.400743 75442
0.40075 78082
0.400755 63972
0.400759 61339
0.400763 13673
0.400778 97359
0.400787 1854
0.400805 16341
0.40082 30435
0.400832 3847
0.400851 10981
0.400852 3454
0.400853 22793
0.400855 99939
0.400862 34878
0.400862 47993
0.400862 56243
0.400864 63991
0.400896 75086
0.400913 18697
0.400921 38558
0.400921 89369
0.400923 70023
0.400931 53048
0.400939 97962
0.400945 47363
0.400948 71080
0.400949 91637
0.400953 25880
0.400969 1389
0.400972 42057
0.400986 18974
0.40099 99213
0.400991 48856
0.401008 33745
0.401008 99819
0.401009 55461
0.401017 91806
0.401027 43566
0.401037 71820
0.401071 23219
0.401108 50593
0.401115 64658
0.401128 69790
0.401138 92107
0.401143 51067
0.40117 92892
0.401175 51941
0.401191 31078
0.401202 55291
0.401203 19305
0.40121 49808
0.401213 93698
0.401215 82075
0.40122 85191
0.401223 80082
0.401226 93327
0.401235 45354
0.401236 48046
0.401238 81887
0.401252 68868
0.401275 2233
0.401294 7442
0.401332 31415
59 127