1 2
349
0.411281 16914
0.411289 26559
0.411297 33485
0.411302 45656
0.411306 32603
0.41131 4322
0.411332 63719
0.411337 30368
0.411337 68866
0.411354 8914
0.411371 15266
0.411396 23763
0.411423 76506
0.411439 28193
0.411439 30344
0.411441 84519
0.411461 12158
0.411461 57566
0.411462 78411
0.411463 6772
0.411475 8130
0.411484 95288
0.411491 60255
0.411499 63509
0.411514 30537
0.411548 76868
0.411555 86837
0.411559 14507
0.411567 85669
0.411568 80491
0.411583 52360
0.411598 82723
0.4116 27572
0.411643 49686
0.411688 80105
0.411689 90659
0.411706 76972
0.411709 98350
0.41171 70336
0.41171 7659
0.411711 41233
0.411719 91401
0.411721 28547
0.411731 29711
0.411734 3827
0.411757 3024
0.411763 30673
0.411795 54249
0.411806 65187
0.411813 18075
0.411823 30816
0.411825 56774
0.411844 94508
0.411847 10442
0.411848 93009
0.411849 31933
0.411852 77649
0.411863 8008
0.411867 55773
0.411874 38981
0.411893 38817
0.411899 6096
0.411923 9037
0.411928 57865
0.411937 97319
0.411938 36540
0.411946 70227
0.411963 95542
0.411969 18955
0.411978 1456
0.411983 66598
0.411991 32876
0.412 83225
0.412003 92323
0.412008 69998
0.412034 16189
0.412054 66403
0.412057 21127
0.412069 31750
0.412071 33246
0.412086 50003
0.412109 63575
0.412119 45061
0.412124 50948
0.41213 50407
0.412137 84792
0.412142 25355
0.41215 92077
0.412157 89143
0.41216 61154
0.412166 33640
0.412169 10119
0.412174 51509
0.412176 88790
0.412177 96270
0.412203 86271
0.412237 56710
0.41225 100102
0.41225 101102
0.412251 5610
0.412252 90092
0.412256 63780
0.412261 68211
0.412264 93729
0.41227 38866
0.412274 48209
0.412278 31575
0.412287 979
0.412292 13398
0.412296 86134
0.412303 59653
0.412303 73197
0.412308 65670
0.412315 24752
0.41232 47682
0.412337 3176
0.412361 49754
0.41237 36189
0.412371 58260
0.412387 76060
0.412391 95931
0.4124 77572
0.412402 64780
0.412404 5992
0.412407 48031
0.412428 13957
0.41243 22520
0.41243 65042
0.412433 72160
0.41245 4939
0.412458 20277
0.41247 93565
0.412491 58093
0.412503 73501
0.412504 91950
0.412521 59215
0.412523 15977
0.412526 34339
0.412533 36303
0.412535 76066
0.412576 34577
0.412577 76980
0.412583 82717
0.412607 35000
0.412613 31055
0.412649 17146
0.412649 47732
0.412659 6236
0.412671 87893
0.412689 67815
0.412694 41118
0.412698 43205
0.412742 59843
0.412743 80893
0.412756 81187
0.412759 64621
0.412792 93499
0.412834 12722
0.412836 1972
0.412842 34103
0.412849 86414
0.412849 91271
0.412863 48091
0.412869 76804
0.412883 24627
0.412886 45980
0.412887 90853
0.412903 29791
0.412903 96321
0.412917 51980
0.412927 56458
0.412938 86929
0.412947 68311
0.412956 26213
0.412979 56082
0.412992 80447
0.412993 17119
0.412996 1024
0.413004 37024
0.413022 76008
0.413034 4323
0.413037 35219
0.413064 24383
0.41307 88671
0.413082 9939
0.413086 99195
0.413092 46329
0.413096 54163
0.413099 88424
0.413139 45403
0.41314 24499
0.41315 65944
0.413196 51842
0.413197 3769
0.413215 88721
0.413219 29180
0.413224 69652
0.413234 43162
0.413267 4838
0.413268 1191
0.413269 33791
0.413274 78518
0.413275 4035
0.413289 58869
0.413297 64439
0.413308 87588
0.413324 49160
0.41333 96196
0.413367 82170
0.413371 3887
0.413377 93388
0.413383 54429
0.413387 86951
0.413401 10943
0.413402 7511
0.413405 75989
0.413405 88871
0.413409 67706
0.413422 87973
0.413429 48415
0.413436 87379
0.413439 18895
0.413441 68782
0.413446 60311
0.413455 86874
0.41346 1430
0.413465 29375
0.413474 41362
0.413492 17465
0.413499 38056
0.413514 33635
0.413532 71847
0.413538 26537
0.413541 69760
0.413548 100687
0.413548 101687
0.413561 66081
0.413563 67804
0.413567 63230
0.413576 60118
0.413577 86960
0.413577 90717
0.413588 32070
0.413598 9912
0.413599 64600
0.413624 38401
0.413628 24072
0.413632 95637
0.413638 25445
0.413638 59989
0.413677 87024
0.413679 93414
0.413687 13198
0.413688 70450
0.413692 58122
0.4137 70101
0.413715 9683
0.413721 53904
0.413732 84198
0.413734 38589
0.413751 32795
0.413753 18368
0.413764 89141
0.413802 59190
0.413809 24298
0.413812 92349
0.413831 32982
0.413843 83317
0.413854 37039
0.413854 79904
0.413875 15288
0.413898 38441
0.41394 83937
0.41394 91490
0.413943 2089
0.413954 53212
0.413965 442
0.413976 11745
0.413976 4782
0.413989 80006
0.414002 32082
0.414013 48697
0.414014 89187
0.414017 33823
0.414022 8046
0.414029 70722
0.414034 24780
0.414045 27430
0.414049 42185
0.414052 16225
0.414083 95993
0.414088 91315
0.414095 97750
0.414101 42779
0.414106 15990
0.414109 13143
0.414121 75955
0.414127 32884
0.414147 70204
0.414193 90351
0.414198 12939
0.414213 93287
0.414224 319
0.41423 91199
0.414246 75622
0.414247 396
0.414251 64885
0.41426 17737
0.414266 99455
0.414282 64607
0.414285 50531
0.414299 58564
0.414302 43521
0.414311 88850
0.414318 15777
0.414318 56603
0.414343 73119
0.414357 92345
0.414363 9397
0.414385 6229
0.414392 81741
0.414407 65116
0.414425 13075
0.41443 328
0.414441 82378
0.414465 3538
0.41447 34521
0.41448 51739
0.414494 75205
0.414495 17336
0.414519 50882
0.414532 67679
0.414586 73098
0.414587 33486
0.414606 45010
0.414606 61124
0.414611 18181
0.414623 53111
0.414627 89800
0.41464 55916
0.41467 27463
0.414676 33609
0.414677 30993
0.414686 27152
0.414689 24782
0.414691 83956
0.414701 17031
0.414709 13036
0.414717 43382
30 124