1 2
325
0.566184 4057
0.566187 42536
0.56619 99089
0.566197 13136
0.566213 95415
0.566216 72371
0.566229 12504
0.566235 2964
0.566238 75235
0.566247 76932
0.56625 64850
0.566268 96355
0.566271 45841
0.566274 92520
0.566286 53908
0.566305 84446
0.566306 55744
0.566329 25742
0.566341 33487
0.566374 71713
0.566377 73349
0.566378 35904
0.566395 19472
0.566399 8849
0.566403 22481
0.566411 84998
0.566412 58030
0.566412 9969
0.566414 56041
0.566419 37333
0.566423 17534
0.566423 45593
0.566425 87251
0.56643 485
0.56643 56366
0.566432 65663
0.566453 66565
0.566507 10557
0.566512 60037
0.566521 12795
0.566531 4694
0.566544 13586
0.566545 6421
0.566545 83845
0.566549 8081
0.566549 87122
0.566584 53095
0.566589 15527
0.56659 43197
0.566608 74598
0.566611 14873
0.566617 14921
0.566617 77312
0.566634 95598
0.566636 28272
0.56664 27998
0.566642 38391
0.566666 33258
0.566678 32548
0.566688 98356
0.566689 34760
0.566689 43639
0.56672 25299
0.56673 16917
0.566739 76278
0.566746 23440
0.56675 29105
0.566773 84449
0.566785 53484
0.566868 86537
0.566888 96504
0.566891 2739
0.566895 13816
0.566911 19341
0.566933 4627
0.566938 90428
0.56695 36981
0.566951 95401
0.566952 36057
0.567022 9662
0.567025 32673
0.567026 93212
0.567074 72092
0.567107 68419
0.567119 28611
0.567124 26197
0.567129 53103
0.567146 72203
0.56715 22557
0.567155 81638
0.567194 31943
0.567214 29301
0.567214 36692
0.567239 26619
0.567243 46775
0.56726 81415
0.567275 15657
0.567283 13432
0.567288 513
0.567301 95481
0.567323 59383
0.567328 37632
0.56734 26246
0.567384 51751
0.567395 95294
0.5674 24962
0.567402 85974
0.567403 8176
0.567416 64173
0.567428 429
0.56745 72372
0.567461 3941
0.56747 15735
0.56747 67010
0.567478 66806
0.567492 92615
0.567493 55124
0.567497 25734
0.5675 1005
0.567505 21831
0.567509 41642
0.567511 33283
0.567518 43523
0.56752 96381
0.567537 377
0.56754 18557
0.567549 65018
0.56755 96258
0.567552 61721
0.567557 32624
0.56757 45505
0.567575 90684
0.567581 76403
0.567582 23662
0.567588 53302
0.567594 56548
0.567596 65019
0.5676 74163
0.567613 51091
0.567615 22917
0.56762 32150
0.567632 71875
0.567637 33967
0.567641 78701
0.56765 58535
0.567656 37596
0.567675 72283
0.567694 54014
0.567696 64726
0.567712 6307
0.567714 80546
0.567725 85472
0.567729 47870
0.567748 46439
0.567749 89412
0.567776 91989
0.567794 88205
0.567798 11752
0.5678 23199
0.567801 3930
0.567838 37000
0.567845 15224
0.567849 98215
0.56787 37627
0.567882 77197
0.567888 66891
0.567893 39716
0.567908 57123
0.567934 62413
0.567935 48050
0.56795 55236
0.56796 7865
0.567969 35063
0.567991 30034
0.567993 28957
0.568009 62200
0.56802 21839
0.56805 38404
0.56808 59805
0.568092 62150
0.568095 11720
0.568102 32894
0.568136 72585
0.568141 116
0.568145 1147
0.568145 13520
0.568151 224
0.568169 75190
0.568175 50886
0.56818 31730
0.568187 55186
0.56819 79256
0.568196 32512
0.568213 94995
0.568241 77955
0.568256 86156
0.56826 89130
0.568261 5711
0.568278 52986
0.568282 31842
0.568288 38025
0.568288 69449
0.568289 84075
0.568293 84750
0.568303 28660
0.568311 81838
0.568321 27388
0.568343 24751
0.568348 53764
0.568356 59221
0.568379 30332
0.568405 53631
0.568416 83965
0.568424 85138
0.568447 48893
0.568451 74811
0.568469 28544
0.56847 28435
0.568477 12306
0.568509 48781
0.568516 6946
0.568532 64293
0.568543 41815
0.568583 47869
0.568585 25916
0.568585 73674
0.568596 47990
0.568597 45489
0.568597 52131
0.568598 29904
0.568601 58571
0.568619 59501
0.568632 24947
0.568648 33081
0.56866 81910
0.568661 2315
0.568665 78177
0.568674 75795
0.568682 9091
0.568688 62059
0.568696 24106
0.568701 49542
0.568728 97700
0.568759 23111
0.568774 70196
0.568775 54176
0.568777 63005
0.568804 78814
0.568826 12395
0.568826 32767
0.568847 16228
0.568881 47023
0.568882 84659
0.568887 54121
0.568889 33346
0.568903 7134
0.56891 93828
0.568911 2461
0.568914 7359
0.568943 58980
0.56895 5022
0.568958 42325
0.568961 46273
0.568989 81252
0.568989 87188
0.56899 31105
0.569033 18049
0.569048 10694
0.569056 48416
0.569061 13004
0.569061 1353
0.569065 92738
0.569069 92886
0.569079 36324
0.569089 90328
0.56909 92347
0.569123 50056
0.569132 30287
0.569144 73231
0.569151 66183
0.569158 73426
0.569163 43916
0.569168 38544
0.569172 25006
0.569179 57142
0.569198 81541
0.569225 7988
0.569238 8794
0.56925 37670
0.569266 21583
0.569273 31120
0.569273 66690
0.569275 80167
0.569283 38553
0.569285 15651
0.569303 61916
0.569328 85438
0.569348 80113
0.569377 94364
0.569378 15111
0.569395 45303
0.5694 77265
0.569407 24412
0.569421 47188
0.569426 94214
0.56943 20919
0.569453 64445
0.569461 49018
0.569477 2405
0.569483 21411
0.569489 5043
0.569489 84947
0.569503 57486
0.569504 5105
0.569505 87205
0.569515 61438
0.56952 70415
0.569527 80549
0.569531 57295
0.569553 2425
0.569572 98317
0.569577 52567
0.569582 27658
0.569601 43750
0.569612 2970
11 117