1 2
335
0.808554 20236
0.808579 59113
0.80859 78788
0.808591 56625
0.808599 48675
0.808607 40894
0.808616 34603
0.808623 95997
0.808666 22024
0.808674 66261
0.808682 50570
0.808683 36720
0.808683 73756
0.808692 65933
0.808693 82206
0.808694 80599
0.808696 73021
0.808722 55621
0.808724 97827
0.808732 51744
0.808745 20963
0.80875 33096
0.808752 10349
0.808756 26778
0.808762 59505
0.808787 88373
0.808793 52256
0.808799 18034
0.808802 33707
0.808812 35606
0.808817 87567
0.808818 57302
0.808831 72667
0.808832 31208
0.808845 90693
0.808846 79443
0.808858 56954
0.808863 97646
0.808875 47320
0.808891 86336
0.808921 54242
0.808924 45666
0.80893 88931
0.808933 37095
0.808942 30780
0.808951 84891
0.808953 72939
0.808954 19128
0.808959 72916
0.808965 61906
0.808966 73746
0.808982 68584
0.808983 46344
0.808987 72019
0.809002 56541
0.809004 79700
0.80901 79032
0.809013 84181
0.809022 74705
0.809024 2860
0.809049 45335
0.809049 7306
0.809063 83443
0.809073 53636
0.809077 59
0.809088 49666
0.809089 28998
0.809092 42460
0.8091 95981
0.809132 56432
0.809135 18831
0.809139 48689
0.809157 865
0.809163 98725
0.809171 4059
0.809171 63265
0.809176 79474
0.809182 16169
0.809184 15289
0.809194 94400
0.809197 32623
0.809198 59447
0.809199 89605
0.809208 31606
0.809224 36625
0.809245 52420
0.809265 64988
0.809266 80889
0.80928 68657
0.8093 47421
0.809314 13350
0.809315 24745
0.80933 24264
0.809332 2618
0.809344 82701
0.809355 62532
0.809378 66571
0.809389 93750
0.809409 15067
0.809413 5323
0.809414 38070
0.809438 38980
0.809453 71373
0.80946 92631
0.809463 85435
0.809464 90765
0.809465 8202
0.809466 21026
0.809467 50223
0.809473 48470
0.809482 40798
0.809487 96836
0.809488 30603
0.809507 37420
0.809537 54074
0.809539 2841
0.80954 74102
0.809553 26655
0.809564 35492
0.809569 19629
0.809573 59290
0.809573 91740
0.80959 77546
0.809594 96770
0.809605 100297
0.809605 101297
0.809609 124
0.809639 30314
0.809644 31452
0.809647 55185
0.809647 76079
0.809655 21443
0.809685 5014
0.809691 59496
0.8097 75868
0.809702 61956
0.809711 71205
0.809714 23025
0.809741 82498
0.809753 51610
0.809753 77036
0.809757 98675
0.809772 41327
0.809805 14312
0.809818 97384
0.809824 33537
0.809833 89827
0.809838 84991
0.809841 28772
0.809849 30937
0.809849 53712
0.809855 63293
0.809872 52335
0.809904 91117
0.809925 3807
0.809934 3995
0.809965 23731
0.809972 67930
0.809979 46296
0.80998 38188
0.809987 30349
0.809997 70071
0.810002 54059
0.810006 38271
0.810009 77832
0.810015 36078
0.810024 50699
0.810027 98220
0.810043 80985
0.810045 57619
0.810052 80423
0.810059 62513
0.810059 83232
0.810066 6349
0.810077 51561
0.810109 87029
0.810142 70065
0.81015 98447
0.810153 17992
0.81016 78821
0.810175 15237
0.810176 5351
0.810184 54627
0.810184 85200
0.810191 23342
0.810201 50473
0.810202 62472
0.810219 84773
0.810227 11113
0.810227 52612
0.810242 92492
0.810245 46846
0.810256 51044
0.81026 21425
0.810267 40975
0.810279 52835
0.810283 63508
0.810299 22814
0.810302 33726
0.810309 75556
0.81031 96726
0.810314 20198
0.81034 9348
0.810351 98202
0.810405 5519
0.810413 26622
0.810423 12324
0.810424 48040
0.810425 29453
0.810438 68528
0.810452 64392
0.810466 54161
0.810505 96403
0.810507 82768
0.810526 15607
0.810531 90095
0.810538 40324
0.810539 17175
0.810556 99434
0.810616 22556
0.81062 11332
0.810637 76907
0.810641 32863
0.810646 96416
0.81065 67845
0.810656 73819
0.810663 43828
0.810668 36760
0.810686 63795
0.810714 91123
0.81073 59799
0.810731 21340
0.810733 11269
0.810755 14720
0.810772 47096
0.810787 28430
0.810807 49412
0.810824 66377
0.810825 35498
0.81083 81777
0.810833 28586
0.810841 85196
0.810852 58645
0.81087 24605
0.810872 52821
0.810888 40252
0.810914 89524
0.810923 49225
0.810925 10396
0.810934 41718
0.810938 29341
0.810938 89667
0.810939 81948
0.810946 3096
0.810947 12307
0.81097 18401
0.810976 9871
0.811007 23523
0.811021 50801
0.811021 68062
0.811025 53422
0.811026 59914
0.811041 68166
0.811047 50222
0.811055 12382
0.811058 86445
0.811077 51987
0.811079 38208
0.811093 76460
0.811095 79541
0.811118 77176
0.811119 53363
0.811122 11161
0.811164 99068
0.811167 55528
0.81117 15570
0.811171 76631
0.811179 98622
0.81118 712
0.811187 2639
0.8112 53506
0.81124 99009
0.811256 23647
0.811259 36299
0.811264 30457
0.81127 78599
0.811277 69925
0.811277 89961
0.811281 60336
0.811292 79309
0.811294 64872
0.811305 75195
0.811321 75834
0.811327 50214
0.811331 47523
0.811363 34150
0.811365 21986
0.811366 69099
0.811372 84435
0.811377 39197
0.811392 74280
0.811417 89059
0.811429 62131
0.81143 32648
0.811444 13035
0.811455 6562
0.811458 58530
0.811458 90422
0.811468 40092
0.811477 23379
0.811494 10987
0.811495 71427
0.811496 35882
0.811503 47265
0.811528 40129
0.811535 76520
0.81154 57825
0.811548 38785
0.811554 36247
0.811567 59958
0.811582 29522
0.811584 95144
0.811624 24493
0.811625 18582
0.81163 27624
0.811632 56828
0.811634 52431
0.811639 14000
0.811647 39661
0.811655 52601
0.811662 28406
0.81172 92881
0.811734 56130
0.811743 38179
0.811754 52162
16 128