1 2
342
0.66548 7298
0.665496 42520
0.665523 32112
0.665535 99904
0.665543 75158
0.665545 3208
0.665555 73982
0.665567 11362
0.665578 54279
0.665608 61447
0.665608 88679
0.665627 7617
0.665643 77188
0.665651 1448
0.665662 47960
0.665662 92046
0.665675 29356
0.665676 68380
0.665681 60160
0.665681 81253
0.665696 66924
0.6657 77869
0.665701 37889
0.665704 65089
0.665722 87845
0.665723 46663
0.665736 73303
0.665742 27022
0.665745 61553
0.66575 44876
0.665755 11634
0.665757 54985
0.665759 29050
0.665763 22593
0.665765 56248
0.665798 11957
0.6658 62533
0.665802 24115
0.665805 63166
0.66581 72995
0.665814 81515
0.665816 89837
0.665834 70271
0.665838 80653
0.665861 70217
0.665876 84940
0.66588 55747
0.665899 78692
0.665908 5928
0.665918 43683
0.66592 77088
0.665922 91935
0.665927 76391
0.665928 70909
0.665942 59074
0.66595 26500
0.665957 94382
0.665958 44558
0.665958 75808
0.66596 22523
0.665962 65169
0.665964 52953
0.665968 62169
0.665985 61448
0.665988 55498
0.665994 83057
0.665996 58427
0.666004 11663
0.666014 77999
0.666027 90742
0.666041 16054
0.666061 91078
0.666065 13972
0.666067 63340
0.666095 39816
0.666095 92442
0.666104 98746
0.666109 9288
0.666119 68360
0.666129 94455
0.66614 83455
0.666148 64569
0.666151 17452
0.666156 30504
0.666178 79847
0.66618 29696
0.666204 82092
0.666211 55235
0.666221 87088
0.666231 48840
0.666231 80225
0.666238 84416
0.66624 29005
0.66624 79957
0.666268 78
0.666268 93726
0.666269 81865
0.666273 90902
0.666276 56264
0.666284 54070
0.666304 75371
0.666306 21013
0.666315 39831
0.666324 83592
0.666331 65610
0.666347 11025
0.666358 42043
0.66636 81156
0.666373 86100
0.666384 86942
0.666391 37203
0.666414 59179
0.666416 43496
0.666422 65887
0.666424 5207
0.666426 77282
0.666446 90174
0.666453 11382
0.666466 56840
0.666467 82580
0.666474 97787
0.666476 21546
0.666494 93854
0.666502 5492
0.666529 98243
0.666534 68315
0.66654 15273
0.666547 48378
0.666556 13857
0.666565 92220
0.666571 34040
0.666581 57126
0.66659 91655
0.666595 60287
0.666599 41593
0.6666 3945
0.666631 8446
0.666632 91575
0.666642 51222
0.666645 87118
0.666651 45091
0.666653 28666
0.666679 53289
0.666685 1645
0.666693 11255
0.666718 16787
0.666734 91759
0.666737 31251
0.666739 31851
0.666742 18382
0.666742 76504
0.666745 30541
0.666749 12391
0.666773 10971
0.666779 14725
0.66678 99579
0.666786 3780
0.666789 90163
0.666818 45941
0.666823 69756
0.666836 17440
0.666844 22620
0.666848 80174
0.666858 14504
0.666884 39086
0.666894 45922
0.666898 38013
0.666898 49812
0.666912 59890
0.666917 47277
0.666934 19522
0.666935 26123
0.666942 22633
0.666951 53154
0.666953 77626
0.666954 97503
0.666959 20518
0.666964 19017
0.666964 8835
0.666965 98650
0.666968 73708
0.666988 94111
0.666989 96779
0.666991 15969
0.667008 72938
0.667029 61315
0.667047 61888
0.667053 10364
0.667053 23060
0.667057 18426
0.667071 8714
0.667085 42307
0.667086 91645
0.667099 85673
0.66711 49947
0.667113 51874
0.667117 9495
0.667117 99413
0.667121 56083
0.667122 52035
0.667125 56454
0.667129 14627
0.667152 77393
0.667154 65855
0.667182 59784
0.667196 67383
0.667211 74651
0.667213 16138
0.667221 56760
0.667229 19541
0.667232 78569
0.66724 13017
0.667251 68509
0.667257 19853
0.66726 35309
0.667267 91204
0.667269 58433
0.667285 38525
0.667325 77179
0.667327 38033
0.667328 62725
0.667351 74353
0.667364 1674
0.667367 13494
0.667368 84079
0.667374 37649
0.667374 73918
0.667378 38451
0.667385 90565
0.667403 59301
0.667413 58891
0.667414 39504
0.667419 1730
0.667422 30893
0.667423 35435
0.667428 52627
0.66743 20940
0.667442 94956
0.667455 453
0.667459 32437
0.667561 23260
0.667562 19542
0.66758 36437
0.667587 43356
0.667587 82474
0.66759 41633
0.667594 81072
0.667595 45967
0.667598 35418
0.667608 35117
0.667616 31529
0.66762 18720
0.667624 65119
0.667649 36806
0.667652 88238
0.667655 71221
0.667677 24932
0.66769 5746
0.667705 33044
0.66771 85589
0.667722 5285
0.667723 74728
0.667762 9390
0.667773 97383
0.667775 81178
0.667815 21658
0.667817 3864
0.667818 25929
0.66782 44763
0.667843 38419
0.667849 42492
0.667857 96228
0.667864 32256
0.667884 18016
0.667886 72228
0.667895 20449
0.667901 79653
0.667905 41469
0.667915 12151
0.667919 62541
0.667945 327
0.667949 73701
0.667954 69999
0.668003 98557
0.668083 58482
0.668131 33907
0.668131 5133
0.66815 70906
0.668152 7370
0.668152 81576
0.668156 3544
0.668157 23147
0.668163 88866
0.66817 79320
0.668192 89580
0.668207 83219
0.668209 26681
0.66821 54424
0.668229 62640
0.668235 33488
0.668248 51309
0.668257 16973
0.668258 94882
0.668281 17864
0.668285 6165
0.668288 64048
0.668304 1224
0.668331 9770
0.668342 129
0.668351 20004
0.668356 91904
0.668361 30381
0.668375 79021
0.668376 77837
0.66838 95472
0.668403 12766
0.668414 69351
0.668441 34540
0.668441 40282
0.668461 33801
0.668462 26005
0.668486 36784
0.668486 9244
0.668487 76809
0.668491 96629
0.668497 98559
0.668501 94421
0.668504 93104
0.668508 48680
0.668509 85460
0.668512 32522
0.668517 24208
0.668519 72999
0.668529 93495
0.668532 13598
0.668543 59520
0.668562 88473
0.668583 58237
0.668599 4130
0.6686 16743
0.668606 4532
0.668623 10846
126 29