1 2
318
0.652212 13319
0.652222 90280
0.652229 25979
0.652231 49788
0.652231 8968
0.65224 99672
0.652267 20309
0.65229 45609
0.652297 32857
0.652307 26709
0.652307 62058
0.652309 11443
0.652312 37298
0.652314 36541
0.652317 71547
0.652321 72362
0.652322 65210
0.652338 28845
0.652339 5915
0.652351 2927
0.652351 77323
0.652354 2837
0.652363 20112
0.652366 31755
0.652368 8497
0.652382 77314
0.652393 28863
0.652395 61148
0.652403 96278
0.652406 61344
0.652416 79956
0.652436 100678
0.652436 101678
0.652456 96833
0.652504 70348
0.652507 28973
0.652509 90162
0.652515 14506
0.652518 37118
0.652553 26653
0.652572 44690
0.652584 24550
0.652596 18969
0.652596 7673
0.652597 21488
0.652602 23821
0.652608 24786
0.65261 75584
0.652613 70398
0.652624 34649
0.652632 96918
0.652634 93460
0.652637 91739
0.652661 18300
0.652664 44059
0.652667 77644
0.652697 5488
0.652709 78320
0.652726 32801
0.652727 2612
0.652751 6762
0.652754 53035
0.652801 73742
0.652806 10497
0.65281 4094
0.652813 46269
0.652815 15819
0.65282 64436
0.652834 95448
0.652835 69409
0.652842 3727
0.652842 49583
0.652849 52425
0.652851 3477
0.652879 51600
0.65288 33749
0.652883 93136
0.652887 79543
0.652896 11731
0.6529 47534
0.652905 56600
0.65291 19458
0.652911 29781
0.652912 59030
0.652928 25286
0.652951 87721
0.652953 24043
0.652955 92857
0.652961 18172
0.652961 83067
0.65297 46443
0.652979 13566
0.652979 50879
0.652981 46474
0.652986 100416
0.652986 101416
0.653012 81419
0.653028 54720
0.653032 67726
0.653054 737
0.65309 93896
0.653106 92876
0.653108 32251
0.653124 29673
0.653128 39338
0.653128 77791
0.653148 66188
0.653156 56372
0.653177 93223
0.653191 96133
0.653196 87412
0.653197 11876
0.6532 98114
0.65321 68171
0.653223 13741
0.65324 3295
0.653246 2113
0.653271 32271
0.653281 90835
0.653284 29538
0.653345 79730
0.653365 18437
0.653399 93674
0.653412 50556
0.653414 61637
0.653428 7416
0.653431 6474
0.653455 81218
0.653467 100531
0.653467 101531
0.653473 47259
0.653484 73205
0.653485 93723
0.653527 53762
0.653536 62758
0.653542 41862
0.653543 45480
0.65355 67621
0.653562 27175
0.653564 1930
0.653565 16562
0.653575 65737
0.653581 69767
0.653594 9027
0.653596 17111
0.653612 50529
0.653613 9251
0.653616 45136
0.653626 34037
0.653627 50889
0.653641 9881
0.653649 53843
0.653649 79233
0.65365 92983
0.653658 2469
0.653658 36435
0.653679 46110
0.653685 54916
0.653689 10036
0.653695 83632
0.653702 49856
0.653703 23553
0.653718 95168
0.653724 18417
0.653727 21579
0.653744 59476
0.653752 8655
0.65377 47436
0.653777 41388
0.6538 97033
0.653808 81613
0.653834 18537
0.653843 32349
0.653845 92390
0.653875 65545
0.653896 37729
0.653911 48219
0.653914 53433
0.653932 88540
0.653932 96317
0.65394 87500
0.653942 99745
0.653948 2105
0.653954 79669
0.653959 84936
0.653972 88502
0.653975 52547
0.653976 32745
0.653991 68720
0.653994 1923
0.654018 40933
0.65404 40585
0.654071 100275
0.654071 101275
0.654082 74799
0.654089 83284
0.654108 67719
0.654146 75087
0.654151 10746
0.65416 55624
0.654167 26336
0.654175 21946
0.654175 65286
0.654176 56115
0.654182 6687
0.654187 9668
0.654195 15503
0.654214 437
0.654219 2274
0.654221 38031
0.654224 87632
0.654227 72825
0.654246 41360
0.654251 96634
0.654255 80541
0.654297 10825
0.654313 62712
0.65433 20053
0.654335 93788
0.654341 62717
0.654352 72500
0.654372 42265
0.654373 89004
0.654377 70296
0.654393 67456
0.654401 6267
0.654411 96799
0.654438 71718
0.654444 97138
0.654454 50632
0.654469 75169
0.654489 28281
0.654501 85958
0.65452 20549
0.654525 35878
0.654527 39324
0.654537 91882
0.654556 47525
0.654556 62632
0.654557 3670
0.654567 12434
0.654577 44071
0.654589 58687
0.654612 56720
0.654647 71255
0.654659 77139
0.654676 87861
0.654686 57868
0.654689 41894
0.654692 43294
0.654706 9974
0.654729 24784
0.654741 31227
0.654741 49878
0.654754 37148
0.654759 7460
0.654769 95730
0.654772 69355
0.654778 76591
0.654789 8526
0.654793 26247
0.654794 61483
0.654796 34730
0.654801 73351
0.654806 45930
0.654822 79161
0.654824 33129
0.654832 26943
0.654843 92921
0.654856 45937
0.654862 10346
0.654866 34930
0.654868 57799
0.654869 48200
0.65487 1059
0.654893 91005
0.654903 19829
0.654927 71453
0.65494 48663
0.654943 9156
0.654947 73464
0.654953 85063
0.654958 14160
0.654962 6063
0.654969 11636
0.65497 91813
0.654974 44457
0.655006 40443
0.655014 65365
0.655014 86155
0.65502 8129
0.655025 50908
0.655026 100989
0.655026 101989
0.655037 55923
0.65507 51851
0.65507 86699
0.655088 41864
0.655088 94847
0.655092 27975
0.655096 24555
0.655171 57101
0.655179 2929
0.655213 73372
0.655219 90777
0.65522 13601
0.655224 28056
0.655229 7205
0.655233 36110
0.655239 77408
0.65524 42042
0.65525 9599
0.655264 74248
0.655271 97262
0.655281 44178
0.655297 92604
0.655307 16797
0.655309 99899
125 58