1 2
267
0.208026 8699
0.208042 58943
0.208044 57751
0.208051 22973
0.208053 8292
0.208058 95502
0.208097 9601
0.208101 95806
0.208146 53377
0.208173 73911
0.20819 16521
0.208199 14979
0.208209 42641
0.208217 61400
0.208223 84992
0.208243 95282
0.208256 45118
0.20827 88121
0.208274 66386
0.208282 52030
0.208286 10051
0.208301 73976
0.208309 55293
0.208312 71368
0.208321 99679
0.208326 16812
0.208341 21002
0.208359 29000
0.208365 74543
0.208369 74283
0.208379 10065
0.208407 1506
0.208413 73771
0.208415 62154
0.208433 59602
0.20845 32034
0.208453 81360
0.208462 50634
0.208463 68278
0.208465 32105
0.208469 85694
0.208491 8739
0.208497 69122
0.208502 64631
0.208538 8511
0.20854 42167
0.20855 25591
0.20857 93048
0.208583 88239
0.208584 21502
0.208589 61824
0.20859 5219
0.208608 87962
0.208622 95516
0.208624 97399
0.208629 23817
0.208649 35416
0.208651 86609
0.208655 48400
0.208689 29391
0.208689 50897
0.208691 42454
0.208707 83699
0.208711 80178
0.208711 82143
0.208717 100244
0.208717 101244
0.208718 70853
0.20872 73265
0.208729 45281
0.208738 27014
0.208775 82902
0.208779 84295
0.208795 91948
0.208801 83264
0.208811 23253
0.208835 13254
0.208847 9971
0.208866 51076
0.20887 36246
0.208879 17288
0.208883 98389
0.208888 3776
0.208892 44995
0.208895 54904
0.208895 77752
0.208899 1836
0.208911 88198
0.208916 87801
0.208923 7787
0.208934 99062
0.208938 33541
0.208938 7121
0.208946 42795
0.208968 85838
0.208976 91577
0.208991 18263
0.208996 20634
0.209006 48919
0.209031 100090
0.209031 101090
0.209031 102090
0.20905 87480
0.209052 46218
0.209056 55022
0.209058 22332
0.209088 20933
0.209125 85494
0.209131 31015
0.209131 57783
0.209135 93122
0.209188 66069
0.209207 24269
0.209219 62085
0.209222 78151
0.209224 10342
0.209233 82312
0.209246 47168
0.209267 75976
0.209278 8267
0.20929 92087
0.209308 96266
0.20931 2873
0.209319 93772
0.20932 166
0.209323 64706
0.209323 8551
0.209324 71559
0.20934 87449
0.209349 44542
0.209357 81731
0.209363 60422
0.209371 5776
0.209374 85967
0.209376 95398
0.209377 28415
0.209381 17054
0.209382 91556
0.209383 50552
0.20941 65163
0.209418 55003
0.209419 49944
0.209422 43401
0.209423 57031
0.209426 93755
0.209429 8998
0.209431 9028
0.209438 92568
0.209441 43953
0.209459 33806
0.209467 59314
0.209475 96555
0.209499 22762
0.20951 85921
0.209513 74222
0.209515 25476
0.209524 37256
0.209549 78547
0.209549 87353
0.209552 66548
0.209561 21690
0.209561 29606
0.209563 95437
0.209571 12791
0.209572 58555
0.209573 67273
0.209576 84753
0.209583 4119
0.209588 69784
0.209589 33211
0.209594 46548
0.209594 9376
0.209602 62951
0.209603 58185
0.20962 24595
0.209626 52293
0.209628 15827
0.20967 74347
0.209674 78463
0.209676 1106
0.209677 3091
0.209684 87683
0.209688 86550
0.209713 81289
0.209731 10199
0.209739 74270
0.209749 71209
0.209755 97008
0.209766 13968
0.209767 96946
0.209773 100970
0.209773 101970
0.209785 7229
0.209796 50233
0.209796 62334
0.209806 54128
0.20981 97293
0.209815 11990
0.209824 37818
0.209838 59464
0.209842 48889
0.209863 4444
0.209882 54707
0.209885 61047
0.2099 25817
0.209901 43672
0.209917 11675
0.209918 78206
0.209956 41035
0.209963 71279
0.209968 53641
0.209974 39201
0.209977 29110
0.209981 26081
0.209995 39286
0.210005 95362
0.210009 14695
0.21001 20645
0.21001 44973
0.21001 80199
0.210019 77200
0.21002 27563
0.21002 77302
0.210044 45824
0.210058 65751
0.210081 97653
0.210084 94833
0.210099 68681
0.210106 32094
0.210112 3031
0.21012 18972
0.210132 72714
0.210143 40619
0.210161 18516
0.210174 96683
0.210262 17268
0.210262 46669
0.210284 79927
0.210291 15810
0.21032 10385
0.210329 81676
0.210336 66217
0.210341 64673
0.21036 86750
0.210371 17109
0.21038 37742
0.210382 58648
0.210384 84404
0.210389 42690
0.210392 59960
0.210411 80803
0.210416 83033
0.210421 36292
0.210447 82104
0.210482 85393
0.21049 53122
0.210498 94920
0.210517 18604
0.210518 16332
0.210519 100516
0.210519 101516
0.210534 50830
0.210549 31302
0.210567 100609
0.210567 101609
0.210611 3417
0.210612 95671
129 33