1 2
258
0.213056 34459
0.213063 17630
0.213083 46781
0.213084 15676
0.213084 42306
0.213098 87964
0.213105 95402
0.213147 33667
0.213202 55606
0.21322 38958
0.213235 57417
0.21324 63331
0.213259 20033
0.213278 13304
0.213285 63137
0.213295 68353
0.213298 16979
0.213323 50378
0.213329 85618
0.213342 68836
0.213366 70015
0.213367 52254
0.213404 18429
0.213412 19083
0.213414 44977
0.213428 38005
0.213442 75137
0.21345 57352
0.213455 38343
0.213458 33670
0.213462 3778
0.213466 97818
0.213471 72632
0.213485 61235
0.213503 38586
0.213504 43338
0.213509 80342
0.213521 84738
0.213522 93114
0.213524 85646
0.213543 91855
0.213572 22526
0.213577 39490
0.213593 52117
0.213598 6406
0.213604 82836
0.213617 48017
0.213626 80864
0.213627 100330
0.213627 101330
0.213635 42590
0.213663 80343
0.213689 16708
0.213724 46405
0.213752 18827
0.213755 25559
0.213765 100217
0.213765 101217
0.213766 92150
0.213767 34952
0.213778 46459
0.213821 49790
0.213832 14163
0.213848 66986
0.213852 99390
0.213877 55121
0.213877 90942
0.213881 40481
0.213884 48518
0.213893 70306
0.213919 82605
0.213933 35150
0.213934 66154
0.213936 49048
0.213946 53549
0.213973 74218
0.213977 15580
0.213981 69692
0.214 31790
0.21404 38656
0.214044 14235
0.21407 49590
0.21407 80323
0.214074 96442
0.214079 63407
0.214091 67803
0.214092 12070
0.2141 53554
0.21411 21468
0.21411 5644
0.214114 68725
0.21414 65938
0.214146 19276
0.214151 15270
0.214157 67483
0.214163 76132
0.214179 54465
0.214189 50157
0.2142 9581
0.214202 56812
0.214216 44223
0.214216 73958
0.214221 32545
0.21423 9489
0.214232 67329
0.214259 99584
0.214266 20742
0.214269 35281
0.214276 40494
0.214282 48551
0.214284 82970
0.21429 26549
0.214311 56568
0.214316 16534
0.214334 6648
0.214355 68295
0.214364 16836
0.214371 37382
0.214385 50566
0.214388 85084
0.214402 49911
0.214453 67741
0.214457 44618
0.214488 85045
0.214489 41607
0.214499 4471
0.214504 35709
0.214506 1122
0.214525 41575
0.214525 51764
0.214569 74622
0.214599 36722
0.214621 63183
0.214627 70947
0.214631 66357
0.214633 15583
0.214636 23941
0.214641 10731
0.214663 8435
0.214668 26132
0.214681 43746
0.21469 86272
0.214697 24770
0.214698 60501
0.214704 51927
0.21472 19531
0.21473 100692
0.21473 101692
0.214754 75922
0.214758 66697
0.2148 65932
0.214805 55355
0.214819 37676
0.214828 22395
0.214849 37202
0.214888 50671
0.214912 16027
0.214915 51625
0.214921 53071
0.214921 72708
0.21493 49265
0.214944 75702
0.214966 56948
0.214967 97691
0.214979 73895
0.215001 35303
0.215007 68242
0.215024 34877
0.215032 78419
0.215041 21197
0.215048 19141
0.215051 94873
0.215078 85636
0.215095 92290
0.215103 57210
0.21511 28032
0.215114 92642
0.215118 61732
0.21512 64344
0.215138 15177
0.215166 50278
0.215173 15162
0.215174 57469
0.215188 57144
0.215191 27477
0.215196 56913
0.215206 55580
0.215214 38618
0.215243 3631
0.215247 22463
0.21525 45243
0.215257 12689
0.215272 32091
0.215273 64147
0.215285 27407
0.215287 41742
0.215292 99572
0.215305 73803
0.215306 71933
0.215308 16412
0.215313 91809
0.215315 41601
0.215335 35971
0.215346 22935
0.215364 95237
0.215399 58054
0.215409 51405
0.215418 2371
0.215445 71188
0.215505 63424
0.215505 78897
0.215507 94361
0.215508 49679
0.215514 74049
0.215515 33653
0.215519 49879
0.215534 6816
0.215559 87555
0.215573 25981
0.21558 83904
0.215583 8585
0.215588 76685
0.215596 58335
0.215597 8791
0.215599 14342
0.215609 92418
0.215635 25058
0.215646 68534
0.215654 57093
0.215657 9051
0.215669 36002
0.21567 33307
0.215671 71659
0.215674 89219
0.215681 68569
0.215701 22900
0.215707 5190
0.215735 11381
0.215746 90100
0.215753 100574
0.215753 101574
0.215762 95771
0.215763 35198
0.215767 99928
0.215775 93880
0.215778 77456
0.215788 73269
0.215803 34857
0.215803 36856
0.215806 97893
0.215818 18411
0.215832 88032
0.215834 76164
0.215838 19232
0.215841 80245
0.215845 22865
0.215846 73367
0.215864 80818
65 129