1 2
385
0.089453 48316
0.089456 53609
0.08946 29139
0.089461 36102
0.089461 91215
0.08947 51401
0.089477 97222
0.089532 59716
0.089543 54831
0.089545 36559
0.089546 28566
0.08955 14128
0.089566 69145
0.089572 50758
0.089575 97800
0.08958 86524
0.089582 1697
0.089591 60392
0.089592 95222
0.0896 51904
0.089608 77129
0.089645 5354
0.089655 51292
0.089658 7575
0.089659 65382
0.089666 44799
0.089676 63454
0.089702 15242
0.089707 66601
0.089713 63698
0.089722 97534
0.089726 46622
0.089752 38127
0.089758 38037
0.089773 32334
0.089791 98571
0.089812 42537
0.089833 59647
0.089834 60680
0.08986 22267
0.089871 75321
0.089889 75662
0.089893 62863
0.089897 19834
0.089898 68555
0.089899 89074
0.089908 65606
0.089916 74835
0.089935 32247
0.089936 87040
0.089949 94252
0.089952 9494
0.089994 77769
0.090009 43977
0.090016 25983
0.090018 19142
0.09004 31361
0.09004 36843
0.090061 98592
0.090062 64315
0.09009 13611
0.090118 68812
0.090119 89717
0.09014 23339
0.090143 70408
0.090147 52761
0.090163 4359
0.090166 91936
0.090172 12098
0.090174 18129
0.090176 100819
0.090186 49647
0.090206 86360
0.090211 88461
0.090214 59026
0.090246 37237
0.090248 40497
0.090253 19023
0.090262 37511
0.090264 7996
0.090277 71151
0.090286 30098
0.09029 46195
0.090294 92396
0.090305 76099
0.090308 98736
0.090313 50663
0.090313 52736
0.090323 90195
0.090336 38226
0.09034 7654
0.090346 59259
0.090372 77250
0.090376 50505
0.090381 89444
0.090383 67940
0.0904 13859
0.090415 94763
0.090428 27047
0.090429 6433
0.090437 33241
0.090449 56991
0.090449 57443
0.090465 17455
0.090478 25663
0.090493 31232
0.090502 29048
0.090504 46364
0.090514 12356
0.09052 88305
0.090522 7983
0.090528 95464
0.090535 77038
0.090553 58219
0.090555 33803
0.090556 60989
0.090557 36277
0.090558 49732
0.090559 5902
0.090561 23214
0.090561 821
0.090566 18542
0.09057 50857
0.090572 6573
0.09058 38892
0.090582 78769
0.090584 61913
0.090612 44546
0.090625 35116
0.09063 65779
0.090643 64992
0.090646 83772
0.09066 26563
0.090674 13188
0.090681 7367
0.090682 67670
0.090713 67659
0.090721 18337
0.090727 67521
0.090744 82382
0.090745 100629
0.090748 48656
0.090756 1702
0.090761 85579
0.090771 52704
0.090772 41624
0.090774 1620
0.090782 29053
0.090782 74602
0.090785 31708
0.090813 55402
0.090824 60496
0.09083 16299
0.090833 51160
0.090833 96927
0.090837 24183
0.090839 48068
0.090842 53105
0.090853 27910
0.090856 46385
0.090863 1621
0.090865 53191
0.090912 65390
0.090917 80933
0.09093 57557
0.09093 60891
0.090935 6097
0.090955 66796
0.090962 94457
0.090963 28197
0.090975 44590
0.090997 31581
0.091013 18459
0.091015 14267
0.091028 31285
0.091034 96324
0.091059 57065
0.091065 2518
0.091075 31351
0.091079 50425
0.091093 66687
0.091095 97440
0.091105 72022
0.091111 5827
0.091113 75629
0.091114 9656
0.091121 18991
0.091125 96199
0.091126 28726
0.09113 6025
0.091137 61276
0.091153 12178
0.091176 20751
0.09119 85296
0.091202 66906
0.091216 17022
0.091219 7713
0.091226 51981
0.091227 44603
0.091238 79736
0.091247 59793
0.09125 20177
0.091254 90389
0.091254 94593
0.091283 36647
0.091342 415
0.09136 892
0.091394 23806
0.091397 11549
0.091408 65415
0.091416 81094
0.091418 80429
0.091423 76911
0.091431 25571
0.091446 30520
0.091446 78146
0.091451 31919
0.091453 84057
0.091464 22585
0.091465 70138
0.091521 70738
0.091524 27883
0.091551 95605
0.091567 19029
0.091574 49780
0.091579 86084
0.091584 88912
0.091616 87807
0.091627 4269
0.091637 43725
0.091644 63617
0.091655 3672
0.091659 71050
0.091662 90125
0.091668 46095
0.091698 96690
0.091704 16578
0.091714 93322
0.091717 95305
0.091725 65807
0.091743 52565
0.091751 30471
0.091762 6559
0.091764 5471
0.091766 43091
0.091786 9138
0.091787 57933
0.091788 50755
0.091796 48150
0.091798 46828
0.0918 62099
0.091809 71452
0.091814 87097
0.09182 34815
0.091822 31663
0.091823 45285
0.091839 69478
0.091841 6944
0.091856 48306
0.091859 44032
0.091866 33954
0.091869 74151
0.091871 25418
0.09189 25363
0.091892 72601
0.091914 42294
0.091918 39981
0.09194 76367
0.091944 99378
0.091949 54144
0.091954 60308
0.091962 29973
0.091973 27665
0.091978 68926
0.091978 78164
0.09198 33293
0.091989 16475
0.091997 59439
0.092004 74544
0.092016 81056
0.092024 81246
0.092059 64757
0.092077 54387
0.092079 82511
0.092093 29408
0.092095 42404
0.092102 12700
0.092102 617
0.092123 25032
0.092125 21369
0.092127 29200
0.09215 43991
0.092153 94043
0.09216 46992
0.092167 24869
0.092172 7388
0.092183 90713
0.092185 17548
0.092191 92725
0.092193 69395
0.092211 34855
0.092211 56450
0.092214 5390
0.092218 14333
0.092223 7715
0.09224 47683
0.092248 6200
0.092252 11933
0.092257 21269
0.092261 91155
0.092263 43906
0.092265 100669
0.09227 86199
0.092292 81484
0.092292 92673
0.092308 26777
0.092311 85573
0.09232 57319
0.092333 52357
0.092336 95971
0.092388 43188
0.092392 77407
0.092393 41155
0.092416 8793
0.092425 96135
0.092434 975
0.092447 79232
0.092452 75937
0.09248 73132
0.092492 97813
0.092493 41716
0.092502 61604
0.092504 98501
0.092522 44785
0.092524 35805
0.092524 51796
0.092524 78850
0.092525 24825
0.092528 8038
0.09255 73155
0.09255 73271
0.092551 67390
0.092557 28990
0.092558 85085
0.092568 79315
0.092583 58133
0.092595 63083
0.092607 92539
0.092627 15679
0.092639 1092
0.092647 44547
0.09265 34316
0.092651 18374
0.092658 30161
0.092676 19482
0.092677 84411
0.092697 88833
0.092701 4055
0.092702 60760
0.092741 77681
0.092761 19926
0.092774 77489
0.092778 25292
0.092787 3875
0.092792 20872
0.092798 49397
0.092816 89822
0.092829 100746
0.092829 48012
0.092841 39802
0.09285 41799
0.092856 92302
0.092858 54433
0.092864 31598
0.092884 1638
0.092903 84094
0.092904 92809
0.092909 20311
0.092911 100919
0.092919 60271
0.092925 11835
0.092937 72687
0.092946 68863
0.092956 34978
0.092956 67063
187 202