1 2
378
0.72226 35446
0.722262 49645
0.722299 44911
0.722302 66103
0.722307 46018
0.722337 75947
0.722355 72422
0.722356 57350
0.722373 73552
0.722382 64896
0.722384 70364
0.722388 97716
0.72239 8500
0.722403 80894
0.722416 62369
0.722443 45414
0.722466 91998
0.722487 87166
0.722507 18432
0.72251 9426
0.722532 67145
0.722536 41403
0.722538 67340
0.72254 21601
0.722541 74768
0.722547 7322
0.722556 30963
0.722558 90108
0.722588 39939
0.722593 20596
0.722595 2444
0.722605 91616
0.722621 69582
0.722623 100357
0.722623 101357
0.722623 64391
0.722628 59801
0.722639 8871
0.722641 26381
0.722643 63072
0.722721 11278
0.722721 32272
0.72273 86629
0.722741 92063
0.722754 55397
0.722757 61924
0.722763 18059
0.722777 79811
0.722788 17062
0.722797 62449
0.722799 33291
0.722825 25451
0.722834 58300
0.722847 82223
0.722847 89528
0.722877 67695
0.722882 9275
0.722895 52464
0.722895 70129
0.722897 36128
0.7229 77512
0.72291 56628
0.722943 76743
0.72296 54693
0.722985 42321
0.722989 93301
0.722991 33652
0.723023 304
0.723028 84710
0.723032 65029
0.72304 6181
0.723048 68554
0.723049 97075
0.723052 59562
0.723061 22989
0.723078 46382
0.723081 51814
0.723082 56391
0.723096 92121
0.72311 36307
0.723155 47288
0.72316 67849
0.723185 17907
0.72321 74697
0.72324 9630
0.723241 82754
0.723246 32131
0.723254 80613
0.72326 97422
0.723261 49635
0.723271 84362
0.723285 64549
0.723286 24668
0.723288 68931
0.723295 12671
0.723295 13455
0.723295 46085
0.723301 88956
0.723336 55551
0.723339 84859
0.723352 12635
0.723365 62024
0.723394 21865
0.723398 74067
0.723414 78558
0.723421 44363
0.723429 46063
0.723441 91236
0.723451 67973
0.723467 47084
0.723469 14260
0.723476 29184
0.723502 4496
0.723503 14639
0.723508 34288
0.723508 71136
0.723509 53959
0.723512 10081
0.72353 99368
0.723549 97910
0.723558 23986
0.723565 72267
0.723571 13272
0.723573 65011
0.723578 40685
0.723584 29182
0.723586 39528
0.72362 84681
0.723635 4866
0.723637 75475
0.723641 94266
0.723707 15438
0.723708 68918
0.723716 54936
0.723716 8720
0.723719 2594
0.723747 72146
0.723765 91019
0.723779 78310
0.72378 2868
0.72379 81058
0.723821 99920
0.723834 60201
0.723842 86515
0.723854 11741
0.723866 27925
0.723904 63791
0.723911 47527
0.723917 19518
0.723932 73548
0.723944 17727
0.72396 20202
0.723971 36418
0.72401 81205
0.724011 71296
0.724023 85798
0.724033 89630
0.724035 73299
0.724038 38352
0.724052 25859
0.724054 69638
0.724072 86494
0.724077 40504
0.724085 15677
0.724086 41284
0.724089 16662
0.724092 29581
0.724092 45916
0.724099 41970
0.724134 61379
0.724146 69961
0.724151 37633
0.724184 2775
0.724204 75001
0.724205 32707
0.724222 14226
0.724228 51722
0.724246 20869
0.724247 42542
0.724256 85608
0.724272 17321
0.724287 2520
0.724291 31685
0.724296 57362
0.724302 69794
0.724304 62752
0.724308 62306
0.724341 3144
0.724349 67795
0.724352 41649
0.724359 42768
0.72439 4260
0.724398 75019
0.724399 36659
0.724433 2311
0.72445 7325
0.724461 73615
0.724463 28729
0.724472 94804
0.724488 30638
0.724497 41272
0.724509 24774
0.724509 33106
0.724512 100976
0.724512 101976
0.724519 86749
0.72452 85341
0.724524 98430
0.724529 86483
0.724532 72180
0.724563 32140
0.724564 58442
0.724564 85942
0.724567 35938
0.724568 99527
0.724578 22236
0.724596 87101
0.724598 11266
0.724611 92715
0.724618 79250
0.724635 96039
0.724638 74096
0.724663 45620
0.724684 65233
0.724693 6197
0.724697 34908
0.7247 5640
0.724717 48671
0.724719 52929
0.724719 84628
0.724727 51406
0.724729 1577
0.724734 28951
0.72477 82122
0.724773 2065
0.72478 62416
0.72478 9063
0.724793 30294
0.724801 78956
0.724835 93863
0.724847 82909
0.72485 47716
0.724859 31272
0.724873 73757
0.724875 7567
0.724879 26509
0.72488 83095
0.724902 49251
0.724914 56865
0.724929 28438
0.724951 45511
0.724952 56081
0.724959 48447
0.72496 74592
0.72497 51524
0.724977 33542
0.724979 13147
0.724996 69433
0.725024 27642
0.72503 99216
0.725034 33748
0.725038 75725
0.725039 75366
0.72504 29582
0.725043 94397
0.725054 24014
0.725068 38678
0.725081 68332
0.725085 93510
0.725088 93634
0.725126 59048
0.725139 24061
0.725143 39578
0.725145 4361
0.725148 42078
0.725153 40030
0.725156 29553
0.725168 100471
0.725168 101471
0.725186 71442
0.725192 86053
0.725193 30674
0.725197 73309
0.725202 76701
0.725204 87272
0.725213 3949
0.725249 44883
0.725278 10315
0.725299 90203
0.7253 86882
0.725301 70514
0.725312 48334
0.725344 29873
0.725355 69725
0.725394 83463
0.725406 73873
0.725409 34836
0.725417 7417
0.725436 31367
0.725443 20984
0.725479 93824
0.725493 61445
0.725497 24944
0.725528 705
0.725536 73125
0.72554 9101
0.72555 56261
0.725551 100171
0.725551 101171
0.725551 42713
0.72556 90391
0.725582 72765
0.725585 76603
0.725588 9617
0.72559 56131
0.725592 52321
0.725593 46172
0.725593 95499
0.725595 64594
0.725602 79174
0.72565 58681
0.725659 539
0.725664 73332
0.725684 27004
0.725689 82937
0.72573 10049
0.725738 82053
0.725742 35068
0.725747 53702
0.72575 25053
0.725756 77057
0.725759 38115
0.725789 24165
0.725823 68300
0.725829 12965
0.725832 19102
0.725839 6441
0.725853 52838
0.725865 63471
0.725873 17868
0.725875 49442
0.725878 89688
0.725885 70377
0.725887 76839
0.725889 55635
0.725901 46177
0.725912 86995
0.725922 89873
0.725924 19664
0.725939 76644
0.725943 39432
0.725944 2295
0.725949 16948
0.725953 54091
0.72597 29531
0.725972 39100
0.725976 7384
0.725988 93088
0.725989 68445
0.725991 12287
0.726001 4818
0.726004 35036
0.726019 78733
0.726041 93294
0.726073 55684
0.726084 6856
0.72609 63430
0.726094 26191
0.726098 5307
0.72612 92450
0.726125 14422
0.72614 86595
0.726149 57912
0.72615 72329
0.726151 76419
0.726158 93742
0.726177 57916
0.726196 78725
207 232