1 2
416
0.540847 1238
0.540848 24255
0.540856 95773
0.540917 8821
0.540918 75740
0.540934 35092
0.540937 44745
0.540948 42632
0.54095 86057
0.540953 32599
0.540974 42992
0.540975 27268
0.540991 24287
0.541015 24973
0.541016 62087
0.541025 93005
0.541032 45969
0.541045 20318
0.54105 59013
0.541053 15589
0.541057 83618
0.541059 83320
0.54108 34718
0.541081 100377
0.541081 101377
0.541084 44700
0.541084 65764
0.541113 5560
0.541136 14809
0.541145 81699
0.541152 25946
0.541153 90591
0.541158 26798
0.54116 46173
0.54116 85392
0.541163 43814
0.541164 46914
0.54119 54846
0.5412 73902
0.541204 30101
0.541234 2525
0.541246 37976
0.541246 7809
0.54125 42954
0.541273 82030
0.541278 64300
0.541299 64044
0.541301 40495
0.541303 83255
0.541306 96402
0.541311 79695
0.541313 32067
0.541314 43686
0.541315 9107
0.541322 95936
0.541328 75677
0.541332 38749
0.541335 78628
0.541338 97741
0.541341 61251
0.541342 46232
0.541342 60415
0.541342 66527
0.541354 51212
0.541366 29831
0.541374 37042
0.541375 97470
0.54138 76305
0.541394 49915
0.541395 75683
0.541427 49506
0.541437 25435
0.541438 94636
0.541455 96086
0.541467 86714
0.541525 93201
0.541535 97649
0.541554 48449
0.541563 30878
0.541573 20025
0.541576 2946
0.541585 4292
0.541586 73238
0.541603 87757
0.541606 36500
0.541631 35006
0.541634 35328
0.541643 59623
0.541653 79544
0.541659 79670
0.541665 94268
0.54167 25144
0.541671 93497
0.541697 64845
0.541703 23349
0.541706 87574
0.541715 12079
0.541739 43833
0.541739 56847
0.541767 56688
0.541772 77715
0.541782 22258
0.541782 2576
0.541797 38133
0.5418 87919
0.541801 65930
0.541803 76435
0.541817 7269
0.541823 23707
0.541827 76092
0.541834 22136
0.541856 44648
0.54189 45507
0.541897 37434
0.541908 50732
0.541918 66351
0.54192 40984
0.541921 190
0.541927 89134
0.54193 4074
0.541933 96384
0.541937 30373
0.541967 86108
0.541978 100928
0.541978 101928
0.541984 99725
0.542 40154
0.542005 87120
0.542014 5248
0.542015 14817
0.542032 89522
0.54204 100066
0.54204 101066
0.54204 102066
0.542045 48189
0.542049 44494
0.54205 54503
0.542054 2361
0.542059 55519
0.54206 20910
0.542074 55248
0.542075 52344
0.542079 32839
0.542107 19288
0.542116 14406
0.542121 39920
0.542126 100498
0.542126 101498
0.542131 91394
0.542133 55650
0.542133 81316
0.542147 67401
0.542164 75510
0.542171 14595
0.542175 42279
0.542183 60910
0.542186 8136
0.542189 100800
0.542189 101800
0.542191 49355
0.542193 7868
0.542203 56922
0.542204 86029
0.542208 37067
0.542211 17701
0.542214 63193
0.542226 26331
0.542228 49511
0.542232 27814
0.542234 60146
0.542253 77274
0.542253 97110
0.542282 93834
0.542305 30018
0.542321 48596
0.542326 79547
0.54235 25620
0.542353 30683
0.542375 23217
0.542376 16884
0.54242 37086
0.54244 32510
0.54244 95592
0.542447 59661
0.542456 97801
0.542458 86831
0.542459 25789
0.54247 44155
0.542474 59873
0.542484 16337
0.542487 52423
0.542491 75909
0.54251 32960
0.542515 81017
0.542543 27902
0.542544 95417
0.542563 99127
0.542567 7664
0.542568 86926
0.542569 24078
0.542579 19190
0.542589 62747
0.542591 47775
0.542594 3814
0.542594 45273
0.542607 4531
0.542611 20307
0.542618 59916
0.542632 63849
0.542634 18910
0.542649 39092
0.542651 63852
0.542652 90704
0.542684 87448
0.542706 78134
0.542709 61084
0.542711 83677
0.542717 10815
0.542724 30452
0.542738 13160
0.542744 50982
0.542748 6373
0.54275 11751
0.542797 86411
0.542799 48535
0.542808 8186
0.542812 89776
0.542813 54010
0.542814 44371
0.542815 93891
0.542816 17382
0.542819 85092
0.54284 36673
0.542851 34243
0.542856 53091
0.542863 51082
0.542865 96514
0.542872 70212
0.542877 26797
0.542878 23198
0.542878 64940
0.542888 43174
0.542895 17435
0.542911 28967
0.542913 67330
0.542913 79869
0.542933 77697
0.542935 95179
0.542944 69379
0.542977 87271
0.542986 41958
0.54299 38384
0.542995 49586
0.543018 83297
0.543019 44884
0.543024 98465
0.54303 59009
0.543031 22001
0.543039 71969
0.54305 4372
0.543052 75548
0.543053 10672
0.543054 68570
0.543056 5888
0.543062 90304
0.543065 91985
0.543075 1265
0.543077 45132
0.543091 82278
0.543111 57356
0.543118 58664
0.543137 100723
0.543137 101723
0.543141 95374
0.543165 17399
0.543167 35979
0.543171 44681
0.543178 92962
0.543186 52068
0.543199 69268
0.543208 81323
0.54321 5839
0.543226 58148
0.54324 50561
0.543273 13074
0.543278 674
0.543291 61876
0.543303 76375
0.54331 12758
0.543351 60149
0.543359 3588
0.543362 20045
0.543374 17888
0.543394 7644
0.543396 32513
0.543407 31470
0.543422 22768
0.543422 32747
0.543433 54519
0.543442 79867
0.543465 54752
0.543468 57162
0.543475 28970
0.54348 73061
0.543483 94215
0.543484 48568
0.543491 66070
0.54351 69842
0.543522 22555
0.543522 58619
0.543526 45512
0.543536 7863
0.543544 82637
0.543562 72400
0.543582 60224
0.543587 74703
0.543604 91665
0.543623 18098
0.543624 53312
0.543629 76296
0.543637 33850
0.543638 96745
0.543644 17020
0.543647 27217
0.54365 8978
0.543653 43040
0.543655 36783
0.543689 41546
0.543707 67005
0.543727 30144
0.543742 94034
0.543754 75811
0.543778 20591
0.543788 96189
0.5438 2049
0.543808 54958
0.543854 83524
0.543875 15473
0.543911 6386
0.543925 59982
0.543968 75961
0.543971 57320
0.54399 96138
0.544007 93028
0.544008 25488
0.544008 49927
0.544009 83360
0.544037 16041
0.544043 45886
0.544049 47940
0.544061 48459
0.544077 99860
0.544078 98709
0.544079 48439
0.54408 76214
0.544108 96822
0.544112 77959
0.544137 24284
0.544137 52222
0.544139 73111
0.544173 68357
0.544185 22003
0.544187 8401
0.544192 25826
0.544208 74757
0.544237 89455
0.544253 33347
0.54426 52840
0.544268 12265
0.544286 69110
0.544288 28452
0.544296 5249
0.544304 46744
0.544306 33148
0.544308 94318
0.544316 27644
0.544334 91927
0.544335 61877
0.544347 92708
0.544348 77540
0.54435 50383
0.54435 95188
0.544384 51457
0.544389 6424
0.544412 92365
0.544444 84800
0.544448 64653
0.544461 6001
0.544475 10285
0.544487 89940
0.544492 18473
0.544492 93546
0.544496 93263
0.544502 46720
0.544524 78921
0.544533 20096
0.544538 71206
0.54455 48493
0.54456 46726
0.544563 63055
0.544563 78474
0.544568 86446
0.544578 85861
0.544579 52799
0.544621 73333
0.544628 27758
0.54464 18833
0.544653 81002
0.54468 82324
0.544683 67437
0.544712 4642
0.544713 58499
0.544725 65731
0.544731 53996
0.544732 34979
0.544739 80055
229 179