1 2
332
0.662056 35693
0.662058 86602
0.662068 1244
0.662069 1721
0.662077 29124
0.662078 67270
0.662089 97978
0.662117 17769
0.662119 54269
0.662129 69830
0.662148 27781
0.662148 56996
0.66215 3488
0.662153 81460
0.662162 76243
0.66218 92774
0.662184 80712
0.662194 92968
0.662201 14043
0.662223 32214
0.662227 85337
0.662234 78521
0.662243 23042
0.662262 92363
0.66227 42780
0.66227 49188
0.662271 28742
0.662272 22356
0.662272 27351
0.662276 97257
0.662291 64715
0.662294 94535
0.662303 24257
0.662318 8540
0.662324 98303
0.662345 6576
0.66235 10713
0.66235 56868
0.662394 54729
0.662425 91633
0.662436 88016
0.662445 65016
0.662449 53745
0.662498 82472
0.662499 96475
0.662533 65406
0.662534 79020
0.662536 44962
0.662542 5763
0.662548 7637
0.662553 45178
0.662561 48722
0.662593 90832
0.662601 27038
0.662613 50667
0.66263 20697
0.662633 65392
0.66264 58742
0.662665 99520
0.662737 39576
0.662738 48285
0.66275 58294
0.662751 32388
0.662753 42371
0.662765 1306
0.662779 38189
0.66281 72859
0.662814 38448
0.662819 76627
0.662827 46552
0.662833 70982
0.662839 10319
0.662846 6749
0.662863 63592
0.662866 73495
0.66287 25494
0.66288 37176
0.66288 91618
0.662887 64962
0.662889 59763
0.662895 9739
0.662987 49568
0.66301 17978
0.663026 93419
0.66304 20548
0.663047 55417
0.663057 16611
0.663087 60421
0.663096 42157
0.663099 67809
0.6631 54950
0.663108 62465
0.663111 49081
0.663132 52040
0.663137 24225
0.663159 55945
0.663178 69185
0.663188 33937
0.663194 77737
0.663195 38339
0.663214 47492
0.663233 3832
0.663236 49823
0.663237 78434
0.663238 12832
0.663245 62332
0.663267 38248
0.663283 97268
0.663303 19130
0.663333 79159
0.663334 35246
0.663334 51923
0.663335 24345
0.663351 24523
0.663351 67710
0.663352 52315
0.663361 2053
0.663361 48081
0.663364 33029
0.663364 70843
0.663372 92842
0.663381 39936
0.663406 99177
0.663411 33943
0.663428 8166
0.663429 75316
0.663435 83332
0.663436 36240
0.663459 26607
0.663475 7538
0.663495 83996
0.663516 77195
0.663525 17596
0.663558 6482
0.663572 14670
0.663588 39965
0.663594 62473
0.663603 97860
0.663606 26580
0.663607 36400
0.663608 92417
0.66361 16613
0.663611 49280
0.663618 19512
0.663634 40748
0.663649 43720
0.663664 1804
0.663664 48092
0.663668 10941
0.663674 51807
0.663685 16127
0.663691 52145
0.663692 75782
0.663712 3149
0.663732 33071
0.663732 73938
0.663735 25398
0.663736 53088
0.663771 41583
0.663777 82081
0.66378 43714
0.663795 61218
0.663804 16051
0.663831 17714
0.663838 27462
0.663853 3581
0.663857 69554
0.663859 95360
0.663866 14876
0.66387 4696
0.663873 19151
0.663887 69746
0.663894 6495
0.663899 77761
0.663908 29913
0.663914 35338
0.663948 18846
0.663949 4392
0.663956 60371
0.663976 6693
0.663981 91230
0.663986 54714
0.663998 76745
0.664022 99866
0.664025 58804
0.664029 46738
0.664032 70926
0.664062 47449
0.664072 93081
0.664074 42781
0.664079 13617
0.664085 39023
0.66409 30330
0.664098 31435
0.664119 43784
0.664121 51488
0.664127 38905
0.664128 2416
0.664129 83261
0.664133 28063
0.664134 4608
0.664146 30575
0.664152 39597
0.664154 16834
0.664171 86632
0.66418 93491
0.664194 41795
0.664196 41484
0.664202 53375
0.664246 56552
0.664253 48542
0.664262 28969
0.66427 52861
0.66427 60357
0.664288 38705
0.664299 15664
0.664308 32804
0.664315 12877
0.66432 92606
0.664326 81220
0.66434 52820
0.664361 3133
0.664383 26471
0.664462 11805
0.6645 75918
0.664504 46467
0.664515 6854
0.66452 74569
0.66453 41430
0.664531 79503
0.664537 45805
0.664537 85477
0.664552 43887
0.664565 94811
0.66457 95001
0.664575 98590
0.664584 66152
0.664604 7625
0.664618 68490
0.664622 55138
0.664666 7245
0.664677 48294
0.664693 38303
0.664701 95278
0.664741 17790
0.664748 61377
0.664751 53436
0.664759 76484
0.66476 46952
0.664762 64073
0.664765 15508
0.664776 28925
0.664785 89601
0.664798 23665
0.664799 10741
0.664807 19553
0.664826 72557
0.664833 34059
0.664844 80606
0.664846 30647
0.664854 23140
0.66486 21612
0.664871 69441
0.664875 52674
0.664883 62875
0.664887 83151
0.664894 46371
0.664895 20975
0.664896 54371
0.664911 37731
0.664915 11921
0.664928 11021
0.664935 49342
0.664935 96313
0.664937 7855
0.664948 20663
0.664966 55092
0.664983 94094
0.664984 24442
0.664987 7263
0.664989 3960
0.66499 31189
0.664997 57978
0.664999 96103
0.665006 37982
0.665006 62710
0.665012 13453
0.665019 66588
0.665031 92607
0.665037 83587
0.665058 47247
0.665061 68639
0.665063 4854
0.665074 40709
0.665082 99613
0.665085 82540
0.665117 86174
0.665127 74169
0.665137 44983
0.665148 3570
0.665149 79253
0.665157 40515
0.665178 29979
0.665187 91174
0.665198 4960
0.665201 82447
0.665256 19721
0.665273 64160
0.665287 44072
0.665302 19314
0.665304 35456
0.665327 85761
0.665331 93474
0.665355 12628
0.665357 89320
0.665369 86613
0.665371 47590
0.665388 36941
0.665398 50421
0.665402 88651
0.665403 57064
0.665408 60185
0.66541 29755
0.665419 4388
0.665434 16777
0.665439 57282
0.665448 50686
0.66545 19554
0.66546 65489
0.665462 55817
0.665462 9071
0.665472 21781
255 247