1 2
256
0 0.099605
0.000532 249
0.000968 548
0.0039 324
0.006054 311
0.01322 350
0.013407 193
0.014691 458
0.015243 444
0.016667 577
0.017845 383
0.020608 431
0.023053 151
0.023475 411
0.025482 586
0.026803 587
0.034931 387
0.035122 450
0.03734 459
0.037623 520
0.039613 516
0.041149 439
0.044223 351
0.047225 256
0.051016 402
0.053404 484
0.053973 270
0.054759 576
0.057619 255
0.06746 208
0.069358 571
0.070822 477
0.075765 223
0.079224 564
0.082235 308
0.083564 369
0.084926 627
0.087016 567
0.088639 414
0.088931 482
0.091342 415
0.092102 617
0.097609 239
0.100579 352
0.101054 207
0.106251 318
0.10659 487
0.107247 570
0.108788 420
0.112239 589
0.112628 285
0.115835 178
0.116897 282
0.117773 626
0.118632 267
0.119912 303
0.121366 466
0.122376 333
0.122535 309
0.124003 631
0.124595 211
0.129204 529
0.129901 492
0.130144 148
0.131692 321
0.132359 435
0.133148 636
0.134785 251
0.136209 372
0.136544 467
0.137059 394
0.137182 610
0.139239 376
0.139467 374
0.140517 409
0.140938 616
0.142 258
0.145096 355
0.14759 339
0.14936 526
0.149456 173
0.150552 272
0.1512 340
0.152953 331
0.153289 479
0.154525 381
0.156668 619
0.159539 554
0.161406 572
0.166499 605
0.172338 635
0.173239 426
0.175036 144
0.179857 392
0.182331 156
0.182822 541
0.1831 358
0.184289 146
0.187366 556
0.189111 419
0.189497 329
0.192572 421
0.193117 641
0.193551 438
0.195377 532
0.196163 380
0.198018 579
0.200662 621
0.201664 451
0.203239 306
0.203751 471
0.20932 166
0.211134 555
0.211663 280
0.212693 349
0.217301 565
0.217685 475
0.219655 218
0.221789 161
0.222596 510
0.22616 220
0.229739 200
0.232165 404
0.234967 522
0.236627 559
0.243066 198
0.243802 502
0.243813 344
0.245078 488
0.24516 260
0.247002 640
0.247348 495
0.24867 217
0.254646 171
0.257968 436
0.260194 204
0.260354 373
0.264186 196
0.267664 222
0.268433 614
0.269473 384
0.269735 592
0.27202 338
0.273195 527
0.273632 528
0.274963 375
0.278599 186
0.279045 325
0.279825 596
0.284494 410
0.286118 393
0.287057 585
0.287164 163
0.287728 398
0.291681 242
0.291842 346
0.299491 284
0.30471 229
0.305011 177
0.305695 463
0.305879 150
0.307316 378
0.308096 149
0.308166 464
0.309613 359
0.310903 574
0.31299 521
0.316404 137
0.321747 165
0.325067 289
0.325098 245
0.331553 300
0.333795 212
0.338211 299
0.34202 205
0.342363 209
0.34266 356
0.343921 271
0.34445 296
0.345736 230
0.346475 390
0.347207 313
0.348362 153
0.35062 170
0.351201 590
0.351234 162
0.3522 601
0.356784 472
0.357385 154
0.361392 432
0.365703 582
0.371603 540
0.3725 246
0.376549 366
0.378399 345
0.3802 462
0.381584 174
0.382149 265
0.382155 588
0.392834 525
0.394627 236
0.395091 545
0.395605 228
0.397768 480
0.399669 557
0.403859 225
0.406592 595
0.407223 561
0.41002 160
0.413965 442
0.414224 319
0.414247 396
0.41443 328
0.420479 385
0.422239 569
0.426728 136
0.429457 630
0.430425 580
0.430851 386
0.43841 535
0.440511 634
0.445951 234
0.446213 175
0.447533 301
0.44851 591
0.449629 600
0.450927 336
0.451711 252
0.45194 257
0.452402 302
0.455175 416
0.457309 538
0.465874 235
0.466006 498
0.468999 399
0.473984 168
0.474238 449
0.478505 221
0.479061 501
0.482586 483
0.482854 606
0.484301 547
0.491065 517
0.492727 549
0.492844 500
0.493225 457
0.495133 530
0.497015 454
0.497362 195
0.501696 433
0.502063 152
0.505424 620
0.50633 544
0.506904 293
0.508527 322
0.510924 348
2