1 2
360
0.414731 52573
0.414745 22548
0.414745 28480
0.414749 95103
0.414755 52495
0.414768 23231
0.414797 36580
0.414797 99106
0.414824 60902
0.414842 75912
0.414845 23332
0.414858 79553
0.41486 26666
0.414872 4836
0.414886 20419
0.414894 8143
0.41491 90025
0.414925 18235
0.414931 64413
0.414934 86118
0.414951 93261
0.414956 37532
0.414979 45794
0.414993 12829
0.414999 72694
0.414999 78653
0.415004 80070
0.415012 29917
0.415013 55200
0.415039 66827
0.415049 53042
0.41506 15002
0.415064 96469
0.415065 79269
0.415067 75258
0.415068 67300
0.415071 6524
0.415079 83250
0.415082 54208
0.41511 80271
0.415129 35365
0.41514 59273
0.415142 31751
0.41515 6748
0.415163 3392
0.415169 55770
0.415174 9098
0.41518 35668
0.415182 82429
0.415219 66520
0.415234 3758
0.415237 34074
0.415242 76719
0.415248 58465
0.415249 94664
0.415255 10048
0.415268 56478
0.415275 55294
0.415277 13873
0.415277 29957
0.415289 93777
0.415291 88688
0.415292 53784
0.415301 15058
0.415307 4461
0.415307 76786
0.415314 53662
0.415316 94021
0.415336 74859
0.415342 33891
0.41535 100451
0.41535 101451
0.415361 72394
0.415364 57713
0.415364 97644
0.415366 62048
0.415376 32205
0.415377 83773
0.415395 49385
0.415397 39421
0.415397 71611
0.415408 66148
0.415445 84949
0.415454 97388
0.415482 72029
0.415486 44569
0.415488 98124
0.415502 33906
0.415506 52918
0.415525 44381
0.415532 79620
0.415538 2482
0.415541 40238
0.415544 13294
0.415546 10967
0.415547 15246
0.415556 72686
0.415577 95436
0.415581 95209
0.415584 78191
0.415586 80
0.415612 58211
0.415628 769
0.415634 10128
0.415662 50042
0.415672 87457
0.415675 2727
0.415687 48196
0.415688 94611
0.4157 75895
0.415706 11330
0.415724 42914
0.415726 81866
0.415737 100517
0.415737 101517
0.415743 69570
0.415751 95665
0.415776 34739
0.415782 49628
0.415787 16620
0.415789 78128
0.415792 36978
0.415795 17816
0.415797 86698
0.415806 30666
0.415807 5286
0.415819 5536
0.415824 2875
0.415833 95883
0.415851 99034
0.41586 52400
0.415867 77388
0.415873 24583
0.41589 91085
0.415892 27166
0.415894 9014
0.415897 70468
0.415899 47714
0.415903 71130
0.415914 36915
0.415915 77757
0.415919 34121
0.415933 89339
0.415938 99330
0.415939 51772
0.415943 42395
0.415947 91873
0.415953 91414
0.415955 9807
0.415971 78315
0.415997 23181
0.416006 99778
0.416009 38355
0.41604 57891
0.416056 54550
0.416083 47240
0.416088 83191
0.416093 18892
0.416095 2549
0.416117 86697
0.41612 99373
0.41614 94649
0.416159 55959
0.416179 85735
0.416181 23281
0.416184 89396
0.416196 64960
0.416214 70302
0.416215 17517
0.416216 72571
0.416219 63732
0.416219 82031
0.416241 16939
0.416263 49071
0.416271 47433
0.416272 51486
0.416283 53597
0.416323 61485
0.416326 57623
0.416344 84092
0.416358 69117
0.416358 8804
0.416366 2754
0.41637 80723
0.416373 54189
0.416383 53432
0.416388 69437
0.416389 27714
0.416391 93877
0.416393 84896
0.416394 4191
0.416397 18237
0.416407 68096
0.416417 37567
0.416458 15502
0.416464 46464
0.41648 26631
0.416483 48730
0.416498 19801
0.416499 80299
0.416513 41391
0.416545 23905
0.416547 11481
0.416553 64767
0.416555 54476
0.416584 66206
0.416584 84236
0.416593 3085
0.416608 822
0.416616 19978
0.416616 95047
0.416618 13669
0.416644 16798
0.416654 7729
0.416669 81023
0.416672 95659
0.416674 34148
0.416675 99187
0.416679 6397
0.416691 18944
0.416692 98153
0.416699 79106
0.416711 92911
0.416735 58020
0.416742 22473
0.416755 70394
0.416765 8972
0.41677 47919
0.416771 60921
0.416781 28943
0.416804 14617
0.416808 71307
0.41681 34591
0.416848 83181
0.416849 51504
0.41685 27271
0.416874 88451
0.416882 50404
0.416908 81112
0.41691 23781
0.416919 47597
0.416955 11171
0.416956 98338
0.416966 21094
0.416967 34849
0.41698 51363
0.416991 28299
0.416992 98996
0.417007 5198
0.417014 29417
0.417019 24746
0.417019 39347
0.417031 3434
0.417049 87098
0.417052 30464
0.417065 43128
0.41707 61712
0.417073 69503
0.417074 74440
0.417074 7967
0.417074 96940
0.417084 29720
0.417087 54039
0.417097 38043
0.417147 48251
0.417176 59023
0.417177 73130
0.417182 97045
0.417209 84009
0.41721 23055
0.417225 77997
0.417231 47314
0.417252 82185
0.417259 45277
0.417261 46661
0.417278 12006
0.41728 85215
0.417283 88666
0.417323 68071
0.417345 28669
0.417356 89513
0.417364 54040
0.417386 53802
0.417396 74327
0.417421 95443
0.417434 85606
0.417444 74422
0.417468 66811
0.417479 99184
0.417485 92571
0.417489 47171
0.417502 35840
0.417519 73473
0.417526 76191
0.417529 72562
0.417567 72733
0.417582 87581
0.417597 61359
0.417602 36082
0.417606 85453
0.417632 45858
0.417632 94025
0.417655 39959
0.417658 69501
0.417674 39742
0.417695 35675
0.417695 3943
0.41771 21640
0.417713 47037
0.417714 65109
0.41772 45487
0.41772 81998
0.417729 31194
0.417735 98517
0.417743 74130
0.417745 64200
0.417749 10509
0.417754 91340
0.417769 96811
0.417784 72696
0.417785 41664
0.417788 14600
0.417801 20737
0.417814 6889
0.417817 100418
0.417817 101418
0.417842 51017
0.417871 42278
0.417876 89710
0.417884 20358
0.417884 99864
0.417886 12662
0.417892 44491
0.417893 40574
0.417898 75908
0.417905 39008
0.417912 2764
0.417941 90420
0.417963 74574
0.417964 52746
0.417983 16449
0.418008 90610
0.418008 98952
0.418051 73792
0.41806 68017
0.418062 34536
0.418064 2408
0.418073 6990
0.418079 75215
0.418103 74374
0.418157 36166
0.41817 16315
0.41817 19077
0.41817 48307
0.418178 80899
0.41818 29373
0.418192 47362
0.418193 45235
0.418195 57562
0.418196 90609
181 252