1 2
368
0.783002 20017
0.783021 76662
0.783025 72670
0.783052 23627
0.783075 58595
0.783075 66863
0.783102 22981
0.783106 19036
0.783106 19843
0.78311 51592
0.783124 24342
0.783126 13766
0.783128 41072
0.783129 100153
0.783138 83690
0.783144 23795
0.783158 28585
0.783167 56750
0.783168 9256
0.783171 46306
0.783181 20744
0.78319 55553
0.783191 47467
0.783199 92563
0.783205 93194
0.783207 61056
0.783212 58960
0.783222 31370
0.783222 35950
0.783226 50894
0.78324 32816
0.783247 25814
0.783251 98987
0.783258 73545
0.783259 53195
0.783267 13428
0.783274 53770
0.783293 25594
0.783297 21673
0.783305 53500
0.78331 22785
0.783322 50773
0.783335 7130
0.783351 18837
0.783363 88588
0.783379 14403
0.783404 33266
0.783408 92779
0.78341 78395
0.783427 2653
0.783446 79195
0.78345 79788
0.783456 66918
0.783464 97414
0.783467 98944
0.78347 37123
0.783481 71248
0.783527 32632
0.783551 35238
0.78357 19065
0.783609 74098
0.783623 84267
0.783624 81293
0.783657 17124
0.783657 79973
0.783659 12537
0.783673 11614
0.783675 9233
0.783689 60460
0.783691 20936
0.783695 27994
0.783703 84978
0.783703 96083
0.783721 77623
0.783748 90338
0.783752 74205
0.783755 76263
0.783765 69411
0.78377 39505
0.783776 24083
0.783787 13960
0.783797 25940
0.783797 3518
0.783802 3089
0.783808 38790
0.783815 79660
0.783824 44860
0.783863 17588
0.783865 16567
0.783917 38502
0.783917 68493
0.783922 5911
0.783931 36178
0.783941 66245
0.783942 2637
0.783948 80045
0.783975 73743
0.783986 58366
0.783989 35325
0.783992 23063
0.784011 35602
0.784021 68749
0.784025 44143
0.784026 71731
0.784055 93140
0.784072 47485
0.784083 28310
0.784086 37494
0.784089 20611
0.784123 22571
0.784128 66846
0.784161 31723
0.784171 47824
0.784182 18877
0.784186 82671
0.784191 29120
0.784211 38847
0.784233 41073
0.784234 100764
0.784243 49697
0.784251 76467
0.784257 10958
0.784266 75193
0.784269 95172
0.784304 39761
0.784306 87844
0.78431 89603
0.78432 24305
0.784323 67045
0.784328 28128
0.784354 8613
0.784365 95576
0.784391 77115
0.784397 42228
0.784404 37932
0.784404 50778
0.784425 56483
0.784425 67440
0.78443 82277
0.784433 38081
0.784435 19471
0.784435 26385
0.784437 24893
0.784442 34033
0.784476 43289
0.784479 90458
0.784501 6331
0.784502 72289
0.784504 72301
0.78451 100539
0.784514 49648
0.78452 93337
0.784545 1029
0.784548 94436
0.784552 91
0.784555 18614
0.784569 18266
0.784577 57534
0.784589 60932
0.78459 4565
0.784608 63026
0.78461 6275
0.784614 23468
0.784619 96282
0.78463 10011
0.784643 72480
0.784645 14365
0.784651 35704
0.784657 19133
0.784669 38027
0.784686 30952
0.784686 71680
0.784694 65179
0.784699 89654
0.7847 7254
0.784704 91349
0.784711 95301
0.784728 65799
0.784747 51576
0.784747 6382
0.784748 33530
0.784754 65143
0.784755 71092
0.784764 4460
0.784765 88004
0.784766 98600
0.784798 69648
0.784803 98163
0.784804 37004
0.784812 31559
0.784831 7974
0.784833 12235
0.784836 11626
0.784836 12020
0.784839 92976
0.784865 7070
0.784872 45100
0.78488 7031
0.78489 75709
0.784907 34613
0.784908 78293
0.784922 88662
0.78493 75634
0.784941 14354
0.784945 60427
0.784991 89633
0.785018 20658
0.785021 97338
0.785023 45607
0.785033 32550
0.785039 43095
0.785042 79040
0.785069 38306
0.785074 70627
0.785089 31683
0.785096 96492
0.785105 59515
0.785129 12011
0.785133 76776
0.78517 32077
0.785188 12618
0.785201 31769
0.785207 71519
0.78523 64556
0.785231 13119
0.785243 42720
0.785251 50674
0.785263 18439
0.78527 51540
0.785283 72573
0.78529 23566
0.785296 22465
0.785303 36912
0.785319 39037
0.785333 49716
0.785333 86235
0.785348 84376
0.78535 20698
0.785383 94927
0.785385 77037
0.78539 31923
0.785401 58002
0.785402 68044
0.785404 20015
0.785411 90278
0.785414 96962
0.785419 38793
0.785422 13775
0.785448 4865
0.785455 74159
0.785475 33161
0.78548 26470
0.785485 7813
0.785503 100524
0.785512 64657
0.785531 48342
0.785532 64492
0.785541 47399
0.785561 86486
0.785578 65273
0.785608 38239
0.785618 86761
0.785624 10039
0.785624 53546
0.785641 89818
0.78565 25573
0.785699 31155
0.785706 45762
0.785707 43442
0.78571 77418
0.785715 14674
0.785718 1975
0.785727 72266
0.785729 62406
0.785745 97588
0.785762 6247
0.785779 17685
0.785789 91387
0.785826 94076
0.785836 91273
0.785846 22483
0.785856 61696
0.785868 38058
0.785871 74978
0.785874 77438
0.785879 19060
0.785897 88942
0.785907 78759
0.78592 30119
0.78594 41923
0.785953 30911
0.785978 1233
0.785987 36914
0.785991 84116
0.786021 7341
0.786035 10884
0.786056 66311
0.786058 81859
0.786075 56608
0.786083 43045
0.7861 24002
0.786103 88115
0.78611 89151
0.786111 50260
0.786144 15725
0.786149 24600
0.786154 45532
0.786197 19143
0.786207 97521
0.786217 16420
0.786223 97236
0.786227 14254
0.78624 95335
0.786241 42905
0.786249 86690
0.786252 13881
0.786267 22969
0.786269 11374
0.786272 22085
0.786279 28051
0.786283 68605
0.786283 8628
0.786311 49531
0.786326 63506
0.786327 56883
0.786335 91899
0.786344 57348
0.786347 10913
0.786355 57975
0.786356 69380
0.786373 80068
0.786383 83035
0.786394 11188
0.786411 31036
0.786421 63425
0.786472 81853
0.786472 9388
0.786475 5726
0.786476 34671
0.786476 81875
0.786492 75813
0.7865 40116
0.786504 8365
0.786511 7270
0.786525 5085
0.78653 15941
0.786544 77567
0.786551 71589
0.786565 84796
0.786571 96202
0.786573 1232
0.786575 55050
0.786599 85521
0.786614 92056
0.786625 12138
0.786626 98659
0.786635 77021
0.78667 34342
0.786673 52999
0.786694 91330
0.786698 94903
0.786705 95006
0.786729 67702
0.786739 44433
0.786753 100294
0.786755 77778
0.786756 94381
0.786776 96079
245 239