1 2
342
0.841985 56937
0.842006 69470
0.842025 125
0.842032 8651
0.842037 14126
0.84206 50822
0.842064 93621
0.842076 58895
0.842078 34159
0.842091 15447
0.842103 67850
0.842104 53968
0.842128 99533
0.84213 91737
0.842133 10134
0.842133 39955
0.842134 73390
0.842136 36027
0.84214 14269
0.84216 30231
0.842162 10189
0.842184 77743
0.842186 78996
0.842188 28864
0.842192 17101
0.842212 96908
0.842223 17972
0.842234 6072
0.842238 56990
0.842254 2706
0.842263 43809
0.842269 39235
0.842271 97124
0.842274 58386
0.842297 73840
0.842309 54330
0.842328 66287
0.842336 19657
0.842341 41660
0.842343 53624
0.842347 17217
0.84235 35829
0.842368 33412
0.842376 27381
0.842381 82659
0.842383 57160
0.842388 6572
0.8424 57678
0.842403 21298
0.842452 48665
0.842459 29931
0.842486 22029
0.842497 98455
0.842504 44567
0.842507 55332
0.842512 81356
0.842514 62262
0.842516 56002
0.842517 72264
0.84254 23645
0.842554 56738
0.842563 41412
0.842576 22552
0.842623 15588
0.842626 45497
0.842627 30436
0.842632 29482
0.842642 20854
0.842655 13439
0.842655 9923
0.842658 21771
0.842671 70414
0.842673 24149
0.842694 38545
0.842703 79672
0.842703 8864
0.842722 42379
0.842726 50694
0.84273 83139
0.842733 76617
0.842751 75878
0.842781 58872
0.842785 92089
0.842787 36460
0.842789 23979
0.842793 23000
0.842805 67615
0.842847 50766
0.842853 14436
0.842857 56902
0.842872 66058
0.842893 69195
0.842923 58229
0.842925 78267
0.842942 69772
0.842945 46360
0.842951 74769
0.842966 27243
0.842974 52278
0.842981 94692
0.842982 46136
0.842983 52259
0.842994 84340
0.843011 72017
0.843013 67876
0.843024 38632
0.843032 58210
0.843033 70485
0.843035 76401
0.84304 6369
0.843049 7859
0.84305 17900
0.843073 191
0.843077 75637
0.843079 64671
0.843083 5541
0.843107 80574
0.843108 45894
0.843125 89752
0.843129 43760
0.843135 85308
0.843139 76115
0.843144 98192
0.843169 79990
0.843169 91296
0.843189 67853
0.843204 16318
0.843205 96334
0.843213 81862
0.84322 8783
0.843233 71833
0.843236 70990
0.843249 84403
0.843256 73738
0.843259 28144
0.843262 29986
0.84327 83353
0.843273 40995
0.843279 61898
0.843291 34147
0.843311 21727
0.843322 74550
0.843323 96655
0.84333 90293
0.84335 34278
0.843361 22567
0.843364 95503
0.843397 20228
0.843404 72792
0.843414 50994
0.843422 23536
0.843432 3961
0.843435 7811
0.843453 65532
0.84349 24674
0.843491 39006
0.843506 68147
0.843508 26427
0.843516 20222
0.843529 38712
0.84354 8041
0.843541 1659
0.843543 34722
0.843556 84167
0.843557 61558
0.843561 2079
0.843578 63581
0.843583 76104
0.843601 69169
0.843604 90889
0.84361 18167
0.843612 98135
0.843616 33248
0.843618 47743
0.843623 62091
0.843637 62745
0.843642 3575
0.843645 23754
0.843655 86930
0.843661 53133
0.843671 49867
0.843673 7258
0.843675 64799
0.843683 69873
0.843687 41948
0.843688 72711
0.843693 45420
0.843698 64857
0.843704 70540
0.843705 8552
0.843711 19003
0.843714 82519
0.843742 8757
0.843758 72974
0.843759 93215
0.843769 34612
0.843779 38471
0.843791 18721
0.843799 15195
0.843802 14980
0.843834 78247
0.843837 19923
0.843837 35304
0.843846 31407
0.843851 71580
0.843857 90523
0.843864 86756
0.843869 40196
0.843876 46815
0.843884 68122
0.84389 12622
0.843893 92574
0.843897 16291
0.843912 18166
0.843936 32019
0.843944 15311
0.843955 54255
0.843956 69010
0.843968 52637
0.843971 73210
0.843972 10839
0.843991 37300
0.844007 17396
0.844012 34364
0.844023 44172
0.844038 23749
0.844046 65078
0.844066 31614
0.844071 94030
0.844079 29718
0.844097 27352
0.844103 94183
0.844109 5018
0.844115 87215
0.844118 87737
0.84412 30106
0.844147 17997
0.844147 4680
0.844169 74617
0.844174 9887
0.844176 53406
0.844177 77224
0.844182 5887
0.844187 81100
0.844201 41673
0.84421 10031
0.844214 21593
0.844225 53322
0.844228 76388
0.844232 65162
0.844234 60564
0.844235 7954
0.844238 3907
0.84424 85425
0.844243 20030
0.844249 43553
0.844251 780
0.844257 60074
0.844278 5392
0.844287 87720
0.84429 42774
0.844305 14232
0.844308 35941
0.844308 59123
0.844327 6720
0.844329 22397
0.844331 71407
0.844334 5588
0.844341 12739
0.844341 30246
0.844343 2819
0.844353 87601
0.844355 40345
0.844363 79755
0.844371 73741
0.844387 42566
0.844391 935
0.844393 76936
0.844472 73234
0.84448 22656
0.844487 41322
0.844499 14488
0.844505 23969
0.844517 91435
0.844529 51325
0.844536 57893
0.844549 94390
0.844568 24875
0.844572 84492
0.844573 7553
0.844582 8050
0.844597 14114
0.844597 40523
0.844624 27952
0.844633 49377
0.844634 8604
0.844648 9911
0.84467 5894
0.844674 70844
0.844686 42436
0.844694 91138
0.844701 85741
0.844723 81067
0.84473 64027
0.844731 43485
0.844746 33103
0.844754 23648
0.844758 18041
0.844761 10214
0.844763 22499
0.844782 69187
0.844783 28755
0.844791 9859
0.844801 52670
0.844803 23964
0.844811 43024
0.844819 69094
0.844826 9021
0.844842 51615
0.844843 69479
0.84485 75553
0.844873 8257
0.844879 46355
0.844884 88350
0.844886 32758
0.844892 1370
0.844913 89183
0.844914 19200
0.844971 83004
0.844975 26897
0.844977 21308
0.844985 54725
0.844998 51541
0.845002 45319
0.845007 63535
0.845013 31491
0.84503 63598
0.845039 89736
0.845041 8565
0.845047 65574
0.845068 74466
0.845075 90926
221 234