1 2
475
0.203664 5634
0.203665 48411
0.203685 67936
0.203688 90912
0.203689 25037
0.203704 73094
0.203708 21251
0.203717 24665
0.20375 43870
0.203751 471
0.203758 40507
0.203766 66743
0.203767 32119
0.203806 100598
0.203811 100547
0.203817 48766
0.203824 92545
0.203841 4673
0.203858 82460
0.203863 80870
0.203865 35553
0.203867 40492
0.203882 89095
0.203883 50736
0.203895 46807
0.2039 83014
0.203929 51532
0.203936 10233
0.203939 54667
0.203949 25852
0.203949 80534
0.203984 84565
0.20403 32289
0.204047 37201
0.204056 27392
0.204069 79129
0.204076 59186
0.204102 91169
0.204111 54085
0.204114 68948
0.204133 98109
0.204148 10916
0.20415 86364
0.204151 90213
0.204153 79928
0.204156 78414
0.204162 35598
0.20417 12386
0.204171 39869
0.204202 98095
0.204209 32847
0.204212 45928
0.204221 92158
0.204231 75610
0.204238 54607
0.204248 82843
0.204255 85103
0.204256 8951
0.204262 82003
0.204283 19840
0.204305 53360
0.204319 19043
0.204324 93145
0.204325 61937
0.204326 30282
0.20434 21396
0.204347 81863
0.204361 41854
0.204363 7645
0.204389 56005
0.204405 37603
0.204408 19678
0.204412 85584
0.204413 50076
0.204417 45223
0.204432 75566
0.20444 51759
0.204441 5508
0.204444 61369
0.204458 65106
0.204515 9742
0.204518 31496
0.204518 50507
0.204527 37232
0.204538 14448
0.204539 74182
0.204541 20036
0.204543 75689
0.204547 52971
0.204564 89150
0.204573 66770
0.204579 80495
0.204612 88001
0.204613 100837
0.20462 76855
0.204657 65492
0.204663 5796
0.204673 55177
0.204675 93134
0.204679 60003
0.204692 34618
0.2047 85782
0.204709 90756
0.20471 60222
0.204722 91321
0.204768 6312
0.204772 88415
0.204782 64686
0.20479 25965
0.2048 19980
0.204801 99518
0.204804 50246
0.204809 96682
0.204848 44438
0.204855 1451
0.204868 15026
0.204883 39046
0.204907 29935
0.204913 5434
0.204916 17180
0.204929 88309
0.204946 11227
0.204955 97389
0.204964 59816
0.204972 4599
0.204975 32892
0.204977 52233
0.204986 9402
0.204993 99190
0.205007 75207
0.205018 85421
0.205024 88010
0.205051 40072
0.205069 45615
0.205082 30099
0.205091 41887
0.205093 67414
0.205105 63560
0.205141 21698
0.205192 50687
0.205197 89596
0.205201 99270
0.205204 1413
0.205243 51098
0.205258 79766
0.205267 57436
0.205291 91477
0.205299 4990
0.205308 57582
0.205318 41487
0.205328 37747
0.205331 19624
0.205345 60719
0.205346 12710
0.205346 70566
0.205353 77725
0.205354 86869
0.205357 33743
0.205369 74122
0.205373 69332
0.205379 80832
0.205397 14583
0.205406 70457
0.20541 5664
0.205429 21780
0.205456 95939
0.205468 86586
0.205482 84604
0.205491 11042
0.205494 12010
0.205495 42866
0.205501 4295
0.205514 27677
0.205517 54064
0.205527 37611
0.205531 30198
0.205546 67372
0.205558 20691
0.20559 25009
0.205604 83384
0.205609 29428
0.205611 13895
0.205649 46284
0.205654 18563
0.205665 60783
0.205669 55539
0.205674 76929
0.205725 71102
0.205728 86457
0.20573 98715
0.205737 59125
0.205771 74287
0.205772 85061
0.205773 41200
0.205775 59821
0.205805 44441
0.20582 60929
0.205827 80515
0.205839 50957
0.205869 40376
0.205873 35078
0.205876 84621
0.205879 21034
0.205885 83202
0.205915 27071
0.205916 25703
0.205919 27594
0.205921 8207
0.205921 83115
0.205923 74431
0.20593 10260
0.205934 13955
0.205949 12978
0.205949 56923
0.205952 75024
0.205956 62551
0.205975 74896
0.205992 9039
0.206001 82899
0.206007 35389
0.206015 73357
0.206021 59817
0.206031 84684
0.206038 84715
0.206041 64688
0.206049 59302
0.206049 89083
0.206056 70343
0.206064 66194
0.206067 83563
0.206069 21273
0.206072 16881
0.206096 85064
0.206108 4299
0.206123 11273
0.206127 58765
0.206133 71543
0.206141 39584
0.206141 56638
0.206141 91648
0.206146 14712
0.206146 66870
0.20616 51096
0.206167 90061
0.206173 94842
0.206175 41619
0.206188 28710
0.206189 7005
0.206195 58312
0.206198 83521
0.206212 13876
0.206219 75500
0.206243 98988
0.206281 63283
0.206285 27783
0.206298 32519
0.206299 26811
0.2063 15400
0.206303 20387
0.206311 14920
0.206314 15629
0.206314 63562
0.206314 95334
0.206324 10692
0.206326 52783
0.206331 91672
0.206336 5900
0.206346 69113
0.206361 61183
0.206368 2354
0.206375 67983
0.206387 63150
0.206387 78746
0.206389 87275
0.206393 64574
0.206396 69397
0.206403 20090
0.206437 59201
0.206443 85443
0.206446 25728
0.20645 48496
0.206451 76360
0.206458 71047
0.206471 55877
0.206471 96569
0.206476 65087
0.206476 68546
0.206479 17594
0.206481 33287
0.206493 26515
0.206503 78491
0.206522 47588
0.206522 68878
0.206523 3059
0.206528 41204
0.206533 46596
0.206533 53178
0.206552 4061
0.206565 46357
0.206567 91310
0.206568 89779
0.206578 43643
0.206585 86078
0.2066 4609
0.206603 1342
0.206617 52207
0.206659 34693
0.206661 57233
0.206661 66691
0.206663 54420
0.206669 92861
0.206674 26624
0.206678 92525
0.206683 66172
0.206688 43387
0.20669 73435
0.206714 28164
0.206733 33354
0.206737 21721
0.206747 44165
0.20675 37797
0.206754 57398
0.20677 51737
0.206783 660
0.206787 43677
0.206811 60328
0.206818 42784
0.206829 80007
0.206836 41972
0.206838 52729
0.206838 69009
0.206855 55071
0.206863 92235
0.206892 53539
0.206901 52034
0.206914 44260
0.206916 51071
0.206917 26469
0.206917 99318
0.206924 60969
0.206942 35332
0.206945 51903
0.206949 28445
0.206953 89345
0.206958 17273
0.206975 35863
0.20698 41549
0.20698 97154
0.206994 19407
0.206994 88863
0.206995 13923
0.207015 10534
0.207039 16024
0.207041 80521
0.207046 13585
0.207046 64416
0.207047 78059
0.207048 60266
0.207048 97469
0.207059 77017
0.207062 7696
0.207075 96709
0.207079 90522
0.207086 87432
0.207092 82147
0.207124 2434
0.207124 68784
0.207146 12087
0.207147 80275
0.207149 58816
0.207154 38162
0.207166 36395
0.207184 65139
0.207203 83752
0.207205 17812
0.207211 4894
0.207214 66114
0.207217 20377
0.207239 34680
0.207248 72058
0.207262 82838
0.20727 48714
0.207272 91299
0.207282 26825
0.207285 11879
0.207315 38331
0.207316 46783
0.207316 85178
0.207317 99172
0.207321 13022
0.207322 87128
0.207336 62713
0.207338 1100
0.207344 86485
0.207351 90235
0.207371 48900
0.207372 53497
0.207381 67877
0.207384 95741
0.207387 11272
0.207388 9086
0.207395 84451
0.207399 83730
0.207401 8817
0.207416 1067
0.207423 57127
0.207426 85302
0.207427 69334
0.207436 97023
0.20747 89297
0.207472 48032
0.207481 88544
0.207486 91316
0.207497 61123
0.207534 61688
0.207545 6486
0.207557 46911
0.207557 89808
0.207562 16251
0.207563 99087
0.207568 26927
0.207585 83515
0.207604 36131
0.207604 95975
0.207612 16773
0.207632 88161
0.207647 88484
0.207652 65004
0.207667 53280
0.207672 1397
0.207673 44666
0.207673 46005
0.207689 93416
0.207691 47778
0.207708 81694
0.207717 67183
0.207728 94863
0.207732 21283
0.207761 59851
0.207761 73346
0.207768 17805
0.207768 62498
0.207779 35681
0.207784 73424
0.207789 18236
0.207798 47591
0.207803 13813
0.207803 56059
0.207806 24715
0.20781 8775
0.207819 15852
0.207828 59366
0.207831 82828
0.207847 64618
0.207847 93126
0.207854 55028
0.207872 84543
0.207874 67863
0.207879 42085
0.207881 8406
0.207898 16085
0.207904 33438
0.207916 8576
0.207927 40026
0.207928 67614
0.207955 39736
0.207965 7268
0.207967 45992
0.207972 52539
0.208009 69299
0.20801 97562
0.208013 3406
0.208019 68081
0.208021 5125
0.208022 38323
257 137