1 2
428
0.36937 28743
0.369415 82687
0.369429 43618
0.369439 81224
0.369448 64746
0.369455 99665
0.36948 66453
0.369488 32348
0.369495 41234
0.369522 4459
0.369524 33785
0.36954 70191
0.369553 77846
0.369555 46947
0.36956 69058
0.369569 93317
0.369571 58155
0.369576 75647
0.369584 46531
0.369593 73423
0.369611 64650
0.369623 43731
0.36965 64478
0.369658 75870
0.369665 40470
0.369675 79398
0.36968 75058
0.369689 9638
0.369699 95363
0.369704 49453
0.369707 33012
0.369709 33084
0.369714 81745
0.369718 14204
0.36972 46209
0.369722 22293
0.36973 64555
0.369744 70576
0.369759 98394
0.369767 25927
0.369771 39951
0.369774 10292
0.369774 67374
0.369782 77893
0.36979 95115
0.369798 100766
0.369838 80019
0.369846 20185
0.369853 72874
0.36986 58690
0.369873 1117
0.369885 13129
0.369914 54382
0.369924 6543
0.369941 53691
0.369945 38543
0.369971 51714
0.369971 52529
0.369983 3453
0.369987 38074
0.370004 26727
0.37003 55227
0.370043 43935
0.370072 7971
0.370117 61205
0.370126 50296
0.370147 85247
0.370173 4380
0.370189 50891
0.370203 65052
0.37021 82172
0.370216 32638
0.370249 10394
0.370251 3397
0.370263 18593
0.370264 1398
0.37027 35152
0.370275 51920
0.370276 83777
0.370288 7059
0.370289 77643
0.370301 77969
0.370306 21086
0.370311 12821
0.370314 5517
0.370317 5551
0.370341 18357
0.370357 98145
0.370395 73239
0.370404 15923
0.370406 84264
0.370407 7271
0.37041 82795
0.370415 4158
0.370423 85975
0.370432 48315
0.370467 53525
0.370471 33083
0.370486 92175
0.370489 27432
0.370499 3722
0.370511 70221
0.370532 12964
0.370542 92221
0.370545 96794
0.37055 84521
0.370588 42853
0.370594 31472
0.370598 46107
0.370601 8977
0.37062 63059
0.370625 1741
0.370628 79883
0.370667 81079
0.370682 71005
0.370707 50700
0.370715 72715
0.370718 83373
0.370732 1312
0.370745 86854
0.37078 18421
0.370782 89898
0.370788 96358
0.370789 74228
0.370795 94383
0.370799 17493
0.370803 26216
0.370805 88577
0.370809 13351
0.370823 59064
0.37086 37737
0.370867 24192
0.370895 37616
0.370895 68070
0.370903 91917
0.37091 93445
0.370916 94327
0.370926 37812
0.370934 40208
0.370946 78892
0.370966 14469
0.370969 69886
0.370974 28084
0.370982 26028
0.370992 8701
0.371011 59940
0.371013 24564
0.371019 11209
0.371029 33992
0.371035 55698
0.37104 70449
0.371043 52768
0.371051 28748
0.371062 62681
0.371066 53837
0.371073 5840
0.371104 57499
0.371106 4628
0.371117 70973
0.371136 59892
0.371137 84405
0.371138 77593
0.371147 62764
0.371151 87779
0.371158 73870
0.371187 91885
0.371191 39751
0.371212 68426
0.371227 21645
0.37124 37246
0.371241 91035
0.371262 67731
0.371273 4916
0.371281 23320
0.371296 78145
0.371304 45090
0.371324 89520
0.371329 34079
0.371358 81184
0.371366 67271
0.371386 54726
0.371405 64251
0.371413 5377
0.371418 13906
0.371425 72226
0.371455 23976
0.371465 20932
0.371488 93818
0.371489 58360
0.371514 31330
0.371526 29886
0.37155 74929
0.371551 100670
0.371574 74081
0.371591 35830
0.371593 100103
0.371603 540
0.371618 56946
0.371633 87207
0.371647 79008
0.371691 90467
0.371696 38570
0.3717 35630
0.3717 72363
0.371703 54533
0.37171 84445
0.371734 50839
0.37174 11966
0.371746 52116
0.371792 41898
0.371798 99156
0.3718 22045
0.371816 57270
0.371816 81531
0.371839 31637
0.371843 51025
0.371843 63367
0.371849 48810
0.371862 32431
0.371882 31314
0.371885 70304
0.371922 66879
0.371928 1239
0.37193 20267
0.371952 4445
0.371967 50237
0.371975 79517
0.37199 48004
0.372002 99711
0.372012 5879
0.372012 9162
0.372014 78006
0.372023 2564
0.372034 11712
0.372038 100954
0.372066 26439
0.372081 10247
0.372091 21472
0.372093 83000
0.372102 86508
0.372121 19219
0.372127 63759
0.37214 75694
0.372157 68707
0.372158 18767
0.372161 85682
0.372162 1068
0.372166 71044
0.372194 4728
0.372198 117
0.3722 90809
0.372242 51442
0.372251 67406
0.372254 49254
0.372257 52554
0.372262 59666
0.372273 49512
0.372273 50537
0.372273 79992
0.372293 15807
0.372295 27753
0.372306 62830
0.37232 28434
0.372336 4256
0.372349 2366
0.372372 20863
0.372375 37096
0.37238 12129
0.372388 46799
0.372398 7339
0.3724 47823
0.372407 43917
0.37241 17783
0.372434 29839
0.37244 56613
0.372457 8700
0.372467 35541
0.372488 80767
0.372495 18949
0.372499 39326
0.372499 98568
0.3725 246
0.372505 48020
0.372513 43367
0.372523 10387
0.372542 80076
0.372545 37900
0.372563 41637
0.372568 84603
0.372572 11652
0.37258 30384
0.372593 2132
0.372601 58567
0.372603 95589
0.37261 7736
0.372638 31537
0.37266 32284
0.372664 71258
0.372675 74663
0.372683 19686
0.372701 57847
0.37271 63952
0.372725 82564
0.372727 41486
0.372729 93598
0.372736 9182
0.372757 78632
0.372763 23491
0.37277 20738
0.372784 100889
0.372786 9897
0.372792 6317
0.372807 23297
0.372815 68058
0.372817 72979
0.372827 37954
0.372829 64840
0.37283 10221
0.372836 63706
0.372848 4115
0.37285 52839
0.372862 15966
0.372864 12684
0.372876 62886
0.372878 83266
0.372886 96209
0.372886 97634
0.372914 67033
0.372926 25913
0.372927 35141
0.372927 95394
0.372928 36620
0.372964 44330
0.372966 93731
0.372976 56445
0.372991 73444
0.373003 59115
0.37301 88963
0.373017 61194
0.37303 96932
0.373052 95847
0.373057 79749
0.373071 76172
0.373084 34934
0.373086 28158
0.373086 7935
0.373102 30419
0.373127 53931
0.373175 21257
0.373175 39417
0.373187 44400
0.373197 16749
0.373209 8364
0.373217 5140
0.373233 56583
0.373242 75730
0.373265 8742
0.373267 34893
0.373284 85820
0.373285 69654
0.373291 56401
0.373292 11468
0.373292 59710
0.373309 46030
0.373312 98752
0.37332 98943
0.37335 77514
0.373354 69975
0.373368 18821
0.373372 35613
0.373374 81281
0.373404 18628
0.373408 55305
0.373415 24719
0.373421 100003
0.373422 13640
0.373424 83631
0.373436 42516
0.373442 58644
0.373449 57507
0.37345 61407
0.373451 68760
0.373462 12068
0.373486 38289
0.373502 26304
0.373504 38069
0.373513 23294
0.373524 84310
0.373529 85858
0.373532 35601
0.37354 4886
0.373541 96985
0.373543 73661
0.373556 88889
0.373564 32871
0.373567 63769
0.37357 1973
0.373574 76102
0.373586 88882
0.373596 74392
0.373596 84374
0.373597 24052
0.373607 15917
0.373607 7730
0.373631 31149
0.373638 4501
0.373661 73011
0.373686 79800
0.373688 81351
0.373694 50451
0.373712 81054
0.373713 76674
0.373751 54835
0.373754 33340
0.373779 2874
0.373781 11243
0.37379 39124
0.373792 84268
0.373793 50422
0.373794 100957
0.373795 29465
0.373795 62901
0.373815 66420
0.37384 24552
0.373861 48870
0.373886 12709
0.373889 97880
0.373894 26122
131 150