1 2
385
0.303642 21031
0.303642 6280
0.303645 40071
0.303647 23076
0.303649 78295
0.303667 75044
0.303673 7882
0.303679 694
0.3037 70109
0.303715 58431
0.303716 97912
0.303775 50685
0.303802 26188
0.303802 74827
0.303803 39610
0.303823 6670
0.303856 52108
0.303875 26883
0.303885 92624
0.303903 68870
0.30392 36543
0.303939 46116
0.303943 26771
0.303943 44779
0.303963 65316
0.303964 35684
0.303977 76715
0.303987 9556
0.30399 37723
0.303993 33388
0.303999 14716
0.304019 38243
0.304024 64599
0.304029 86356
0.304032 65514
0.304038 45999
0.304055 60154
0.304055 91265
0.304058 6740
0.304059 8520
0.304064 73200
0.304064 81963
0.304075 3426
0.304086 42305
0.304095 75519
0.304099 79716
0.304101 6385
0.304114 45225
0.30412 52266
0.304128 78192
0.304133 23402
0.304176 6677
0.30418 13768
0.304208 28366
0.304212 945
0.304243 96556
0.30426 62785
0.304274 37166
0.304274 73320
0.304278 73912
0.304285 28046
0.304289 14718
0.304289 28801
0.304296 3416
0.304322 53246
0.304341 55918
0.304358 81535
0.304364 81726
0.304366 87147
0.304372 4277
0.304399 81896
0.3044 31446
0.304413 29468
0.304416 34207
0.304431 16456
0.304436 12604
0.304443 62770
0.304456 35648
0.304457 66792
0.304518 91082
0.304526 10357
0.30453 56601
0.304535 5240
0.304588 27328
0.304589 6127
0.304613 72894
0.304623 66839
0.304627 42248
0.304629 1780
0.30463 77723
0.304638 10738
0.30464 37006
0.304646 63805
0.304651 53632
0.304661 48006
0.304667 9726
0.304678 67812
0.304683 72498
0.304697 23499
0.304709 87957
0.30471 229
0.304713 71631
0.304715 17954
0.304718 17819
0.304725 62983
0.304768 30793
0.304789 17507
0.304796 55093
0.304828 51162
0.304855 81966
0.304875 89972
0.304887 6745
0.30489 11062
0.304915 72971
0.304942 46259
0.304945 88612
0.304965 71067
0.304967 53343
0.304989 38928
0.304991 12107
0.304994 61588
0.304998 23651
0.305005 39885
0.305011 177
0.305016 33023
0.305019 25400
0.305021 95364
0.30505 3116
0.305055 85099
0.305064 38392
0.305087 69519
0.305089 5917
0.30509 6977
0.305104 4831
0.305106 42426
0.305125 98891
0.30514 6477
0.305141 23242
0.305174 49698
0.305175 33795
0.305188 65671
0.305198 97448
0.305205 37715
0.305211 94986
0.305226 64175
0.305246 7150
0.305282 34113
0.305288 39898
0.305289 56199
0.305293 68119
0.305322 35912
0.305324 51362
0.305324 60717
0.305328 73115
0.305339 65851
0.30534 80337
0.305352 22736
0.305368 79192
0.305385 84743
0.305399 86482
0.305407 50702
0.30542 26669
0.305431 99936
0.30545 54020
0.305455 79843
0.305461 61442
0.305475 47634
0.305478 14037
0.305483 36710
0.305483 86769
0.305487 80123
0.305504 5394
0.305507 26016
0.305516 37273
0.305527 45760
0.305528 19908
0.305528 20187
0.305545 66161
0.305578 13122
0.305585 96224
0.305597 90960
0.305599 96668
0.305601 70790
0.305602 42140
0.30561 37021
0.305617 87811
0.30564 31770
0.305652 73062
0.305653 37378
0.30566 88296
0.305662 62733
0.305665 22205
0.305677 10577
0.305678 18929
0.305695 463
0.305701 33523
0.305701 58593
0.305718 98999
0.305742 43666
0.305743 30173
0.305776 7508
0.305784 23664
0.305788 42360
0.305792 15948
0.305828 11193
0.305831 76415
0.305837 45423
0.305859 34964
0.30586 49795
0.305865 73749
0.305866 20898
0.305872 96546
0.305879 150
0.305879 57601
0.305891 99005
0.305894 39104
0.30591 99418
0.305913 31776
0.305921 32057
0.305934 32911
0.305958 65769
0.305967 45635
0.305971 47405
0.305988 55949
0.305995 57342
0.306005 96271
0.306013 77214
0.306016 18847
0.30604 41627
0.306076 83789
0.306085 23221
0.306087 83710
0.30609 36203
0.306091 34926
0.306108 32913
0.306109 30782
0.30611 4232
0.306165 18450
0.30618 10427
0.306186 58730
0.306188 8251
0.306192 45895
0.306203 73344
0.306215 37766
0.306227 97265
0.306271 25111
0.306277 64183
0.306279 55917
0.306295 29049
0.306333 75769
0.306349 13694
0.306369 22808
0.306372 82023
0.306375 41609
0.306383 89969
0.306391 40690
0.30641 15080
0.306411 37520
0.306413 24303
0.306425 99973
0.306428 23485
0.306436 95658
0.306443 77498
0.306457 22650
0.306464 19082
0.306475 15376
0.306488 53069
0.30649 59921
0.306493 1336
0.306499 47832
0.306499 88354
0.306508 78855
0.30651 92487
0.306515 49344
0.306518 2543
0.306518 3225
0.30652 5225
0.306537 96091
0.306547 32486
0.306559 87674
0.306567 2382
0.306568 42301
0.30657 57553
0.30657 6364
0.306575 12032
0.30659 6636
0.306617 96253
0.306626 92904
0.306627 93864
0.306628 6910
0.306648 87479
0.306665 19198
0.30668 94216
0.306683 86772
0.306687 50388
0.306687 96380
0.30669 46796
0.306699 89485
0.306716 63075
0.306717 38843
0.306731 51774
0.306737 95260
0.306745 27823
0.306764 4550
0.306766 87790
0.306778 23126
0.306789 89135
0.306796 31360
0.306798 16864
0.306799 72755
0.306804 54964
0.306808 31982
0.306817 66107
0.306829 21652
0.306844 34727
0.306847 92270
0.306873 35768
0.306877 91844
0.306891 105
0.306918 8828
0.306939 66720
0.306954 19445
0.306976 70924
0.306986 89469
0.307015 57971
0.307037 40758
0.307042 38930
0.307044 46427
0.307049 75596
0.307051 63380
0.307053 43815
0.307062 3370
0.307072 73338
0.307078 48903
0.307091 59891
0.307091 69741
0.307093 64791
0.307102 22484
0.30712 60211
0.307143 69294
0.307158 66187
0.307163 9013
0.307213 88641
0.307234 98148
0.307257 76639
0.30726 32947
0.307273 55393
0.307285 25702
0.307316 378
0.30732 52735
0.307325 50963
0.307345 89088
0.307347 43058
0.307347 94892
0.307351 58044
0.307358 70087
0.307366 21219
0.30737 7942
0.307371 48110
0.307379 90239
0.307396 82868
0.307408 40526
0.307411 68507
0.307425 41086
0.307427 24439
0.307437 98263
0.30746 54470
0.307478 66512
0.307487 88025
0.307506 41446
0.30751 27313
0.307514 12255
0.30754 88801
0.307543 3181
0.307547 37025
0.307551 51009
0.307567 77836
0.307571 87639
0.307573 10307
0.307574 20706
0.307583 99205
0.307594 87446
0.307623 71422
0.307629 62721
0.307646 76559
136 189