1 2
394
0.0108 38016
0.010801 52268
0.010805 67929
0.010814 59202
0.010821 75905
0.010838 7728
0.01084 32469
0.010844 30076
0.010847 91652
0.010851 8771
0.01086 85070
0.010865 92700
0.010896 16512
0.010902 42223
0.010907 52684
0.010914 68899
0.010928 2793
0.010942 23757
0.011001 65494
0.011012 42118
0.011022 18068
0.011027 91589
0.011043 60233
0.011043 8196
0.011044 95651
0.011087 94276
0.011093 29990
0.011104 10867
0.011108 72054
0.011115 64252
0.011145 69124
0.011152 85672
0.011197 17199
0.011197 44811
0.011198 18782
0.011213 52824
0.011224 29982
0.011226 53062
0.011228 58212
0.011231 39155
0.011235 12019
0.01125 43307
0.011251 41358
0.011256 79338
0.011261 48145
0.011275 80667
0.011279 59706
0.011282 69450
0.011282 71676
0.011331 37563
0.011339 27938
0.011369 14314
0.011371 37305
0.01138 97949
0.011381 6994
0.011396 56636
0.011418 64957
0.011421 51355
0.011431 81223
0.011438 13870
0.011466 75109
0.01148 58137
0.011501 90696
0.011504 23625
0.011517 6791
0.011527 16171
0.011528 29882
0.01153 44133
0.011539 99720
0.011544 81864
0.011552 14682
0.011558 82062
0.011563 2048
0.011572 100156
0.011573 19188
0.011574 81590
0.011575 63605
0.011582 77930
0.011612 95320
0.011639 48217
0.011664 5853
0.011687 88668
0.01169 24011
0.011693 69092
0.0117 4561
0.011707 34101
0.011741 21887
0.01176 52607
0.011776 9851
0.011789 93115
0.011799 33821
0.011816 56251
0.011819 17597
0.011819 64245
0.011823 72139
0.011832 6444
0.011871 85510
0.011872 14743
0.011878 6554
0.011884 43855
0.01189 49967
0.011899 95772
0.011901 80829
0.011908 973
0.01191 68337
0.011919 49219
0.011928 83808
0.011933 47056
0.011938 36512
0.011941 47957
0.011946 94194
0.011969 37692
0.011988 25887
0.011994 73903
0.012004 71087
0.012005 88501
0.012007 79799
0.012028 28478
0.012037 75644
0.012045 80560
0.012046 92356
0.012051 100633
0.012059 96099
0.012074 46930
0.012083 54050
0.012093 98795
0.012107 6951
0.012108 80597
0.012115 63252
0.012117 6984
0.012134 71111
0.012147 80368
0.012148 83472
0.012183 5298
0.01219 26419
0.012192 43185
0.012203 2505
0.012204 70977
0.012224 70723
0.012229 95404
0.012231 80906
0.012242 81828
0.012254 11162
0.012256 83245
0.012262 91040
0.01227 47197
0.012275 70773
0.01228 71294
0.012306 88060
0.012322 93848
0.012356 46845
0.012358 49604
0.01236 10955
0.012367 79279
0.01237 84197
0.012378 14956
0.012379 791
0.012399 13971
0.012417 30019
0.012422 27015
0.012436 68466
0.012444 86582
0.012449 42509
0.012455 28131
0.012469 96645
0.012473 26412
0.012482 70787
0.012516 11540
0.012528 17641
0.01253 54156
0.012537 1113
0.012544 64167
0.01255 88338
0.012556 17786
0.012571 85451
0.012581 38969
0.012588 17531
0.012588 70868
0.012594 46814
0.012601 50479
0.012605 86858
0.012608 26948
0.012615 96701
0.012619 56240
0.012627 11648
0.012632 1296
0.012637 31700
0.012647 45819
0.012651 69193
0.012656 87944
0.012664 48548
0.01267 58522
0.012682 80720
0.012686 77630
0.012689 98532
0.012693 50998
0.012694 78924
0.012697 70509
0.012726 4647
0.012733 18915
0.012784 43119
0.012791 87421
0.012797 13526
0.012814 52700
0.012837 90402
0.012853 10946
0.012881 35722
0.012882 63463
0.012903 2542
0.012908 32230
0.012921 45613
0.012937 44906
0.012942 73008
0.012958 79643
0.012965 68181
0.012982 56532
0.012986 5088
0.012986 97848
0.01301 54782
0.013012 25324
0.013027 29462
0.013035 17464
0.013047 2455
0.013084 34585
0.013102 58784
0.013121 88379
0.013124 1479
0.013149 23672
0.013154 42963
0.013157 64465
0.013159 39750
0.013161 49615
0.013178 95863
0.013179 75252
0.013183 38192
0.013199 83795
0.013214 13798
0.013218 27616
0.01322 350
0.013223 52983
0.013227 73739
0.013251 12854
0.013254 63133
0.013258 78554
0.013281 25025
0.013282 1408
0.01329 60882
0.013291 26483
0.013311 97807
0.013313 33564
0.013326 27143
0.013356 65228
0.013376 96829
0.013377 35417
0.013392 43482
0.013404 27376
0.013405 28530
0.013406 29181
0.013407 193
0.013411 42648
0.013418 63355
0.01343 34292
0.013444 3446
0.01348 23528
0.013489 7626
0.013515 73980
0.013527 71244
0.013532 94208
0.01355 69203
0.013551 64191
0.013618 12646
0.013619 15214
0.013624 35443
0.013641 45038
0.013644 50302
0.013667 36973
0.013669 30784
0.013683 71510
0.013689 40788
0.013689 70323
0.013694 52747
0.013695 81109
0.01371 19145
0.013717 84806
0.01372 11031
0.013724 32825
0.01373 58562
0.013735 99723
0.013749 13096
0.013759 11702
0.01377 14935
0.013778 31669
0.01378 9853
0.013796 38837
0.013817 68708
0.013818 74057
0.013842 49119
0.013843 82314
0.013855 66221
0.013857 6534
0.01386 80087
0.013861 89300
0.013867 4637
0.01388 12481
0.013883 7669
0.013885 28536
0.013888 59551
0.013894 37456
0.013907 69269
0.013911 65947
0.013918 67917
0.01397 100129
0.013977 45133
0.013977 50267
0.013988 15658
0.013988 79392
0.013993 7422
0.014 71704
0.014005 55848
0.014005 68326
0.014015 55827
0.014041 51536
0.014045 67776
0.014049 48604
0.014064 6728
0.014069 13399
0.014078 5165
0.014084 51373
0.014086 80664
0.014089 92939
0.014101 52916
0.014114 55665
0.014134 63498
0.014136 86444
0.014137 9632
0.014139 32762
0.014141 77851
0.014151 99802
0.014156 80823
0.014165 23047
0.014177 23556
0.014224 54673
0.014228 24102
0.014233 90788
0.014242 57913
0.014249 38182
0.01425 59849
0.014253 1784
0.014254 6516
0.014257 19293
0.014257 30478
0.014277 91016
0.014285 90871
0.014303 73929
0.014334 63985
0.01434 6104
0.014359 96168
0.014368 52483
0.014372 17601
0.014383 68229
0.014392 66091
0.014446 5158
0.014449 71628
0.014458 50111
0.014467 12144
0.014479 46654
0.014492 71583
0.014494 40983
0.014496 1328
0.014498 54681
0.014517 72150
0.014531 46454
0.014538 42892
0.014541 14444
0.014553 34289
0.014566 89103
0.01458 98408
0.014598 27490
0.014604 95369
0.014625 37119
0.014634 61490
0.014673 18928
0.014691 458
0.014694 84962
0.014714 93117
0.01472 10877
0.014725 73630
0.014732 34719
0.014746 84281
0.014746 85299
0.014765 99947
0.014771 8400
0.014773 31474
0.014775 2272
147 214