1 2
452
0.979777 31726
0.979779 82829
0.979783 93569
0.979791 50330
0.979794 50146
0.979799 78833
0.979826 95539
0.979832 91807
0.979837 23631
0.979853 6774
0.979856 18688
0.979882 91534
0.979883 42262
0.979892 31178
0.979896 16988
0.979897 100914
0.979897 101914
0.9799 54924
0.97991 16736
0.979914 32590
0.979917 69969
0.979919 86671
0.979929 59236
0.979934 99265
0.979941 72818
0.979961 51194
0.979966 57261
0.979971 40462
0.979977 19206
0.979984 68586
0.97999 37772
0.979992 56147
0.979992 8344
0.979995 92687
0.980033 47913
0.980036 86074
0.980039 77792
0.980044 50598
0.980046 4848
0.980051 97690
0.980062 25482
0.980065 70592
0.980075 27586
0.980089 59580
0.98009 17830
0.980125 41751
0.980128 71992
0.980141 11248
0.980142 19826
0.980146 32492
0.980155 26082
0.980177 25649
0.9802 10853
0.980205 72156
0.980221 35099
0.980247 66577
0.980266 95299
0.980289 50915
0.98029 82174
0.98031 21772
0.980315 19195
0.980331 95779
0.980336 34429
0.980342 79623
0.980344 44465
0.980348 28038
0.980358 58504
0.980361 24030
0.980366 23049
0.980368 47558
0.980368 54539
0.980371 56528
0.980373 48610
0.980374 34125
0.980404 6024
0.980409 10506
0.980418 33032
0.98043 25336
0.980435 67155
0.980445 90378
0.980448 31497
0.980448 98212
0.980452 34850
0.980455 59466
0.980486 67333
0.980494 60129
0.980498 73401
0.98051 5909
0.980518 64304
0.980531 52002
0.980532 64597
0.980579 18194
0.980581 79714
0.980591 1179
0.980597 79744
0.980627 57851
0.980638 1855
0.980638 91538
0.980646 68764
0.980664 53187
0.980664 5932
0.980664 89139
0.980674 30700
0.980674 4440
0.980674 92918
0.980696 49334
0.980712 29936
0.980716 83768
0.980723 75437
0.980726 1258
0.980727 92658
0.98074 62096
0.980744 93224
0.980746 30166
0.980763 53595
0.980776 88684
0.980777 66063
0.980784 28469
0.980789 37751
0.980792 68397
0.980795 12106
0.980823 8018
0.980824 83341
0.980829 29272
0.98083 75713
0.980835 38010
0.98084 74883
0.980853 73699
0.980858 12848
0.98086 91259
0.980861 6877
0.980868 27318
0.980868 68420
0.980883 8381
0.9809 35770
0.980903 79863
0.980931 61491
0.980961 77616
0.980981 99551
0.98099 35533
0.980997 65136
0.981 47756
0.981029 71010
0.981037 74838
0.981037 93372
0.981047 11777
0.981054 83636
0.981055 79526
0.981097 91624
0.981121 86090
0.981124 80077
0.981134 97455
0.981136 35609
0.981169 15432
0.98117 88852
0.981176 50602
0.981182 94662
0.981183 23914
0.981186 30925
0.981194 33128
0.981198 57932
0.981207 74913
0.981228 86539
0.981242 25985
0.98126 59264
0.981294 51290
0.981302 38044
0.981314 3637
0.981337 1553
0.981339 80820
0.981366 59445
0.981371 29757
0.981382 10745
0.981388 98354
0.981392 41962
0.981393 19909
0.981395 79508
0.981396 68767
0.981397 11819
0.981408 33955
0.98143 48532
0.981431 32802
0.981431 55956
0.98144 42491
0.981445 91084
0.98146 97474
0.981473 1663
0.981474 23656
0.981484 5530
0.981511 61988
0.981525 22701
0.981525 847
0.981554 45106
0.981556 53401
0.981558 51221
0.981566 95986
0.98158 97519
0.981601 39382
0.981602 87376
0.981609 96427
0.981617 63186
0.981632 29319
0.981651 86481
0.981681 80660
0.981684 20136
0.981692 4166
0.981695 5457
0.981698 10842
0.981706 92013
0.981708 7266
0.981717 61620
0.981717 78262
0.981734 98920
0.981745 34476
0.981753 29730
0.981772 82445
0.98178 2379
0.981805 3420
0.981818 2111
0.981818 78940
0.981819 88100
0.981854 86413
0.981854 99755
0.981858 60322
0.981887 49561
0.981888 4325
0.981905 56089
0.98191 82339
0.981911 33782
0.981917 44090
0.98192 32923
0.981928 54953
0.981933 17433
0.981937 79934
0.981944 12764
0.981956 17026
0.981963 43290
0.981965 80497
0.981978 7094
0.98198 20755
0.981994 48042
0.982007 44661
0.98201 5079
0.982038 38129
0.982041 80683
0.982044 68363
0.982058 55774
0.982062 62081
0.982062 64500
0.982066 48223
0.982066 56543
0.982073 58205
0.982077 21223
0.98209 57616
0.982105 14685
0.982119 88795
0.982148 55710
0.982149 20286
0.982153 36919
0.982154 34738
0.982161 38515
0.982163 38507
0.98218 81074
0.982213 33532
0.982215 29238
0.982223 83873
0.98223 91630
0.982248 70714
0.982273 70183
0.982283 55329
0.982294 57903
0.982307 93858
0.982311 54425
0.982324 28672
0.982336 34700
0.982338 38436
0.982345 57845
0.982369 43288
0.982369 70732
0.982377 91681
0.982382 25566
0.982382 47827
0.982383 24006
0.982384 27562
0.982386 36313
0.982406 23677
0.982411 65218
0.982411 85836
0.982416 68973
0.982422 18536
0.982435 91863
0.98244 15525
0.982441 2296
0.982446 53699
0.982463 81319
0.982487 20231
0.982487 60723
0.982495 92276
0.982513 64626
0.982518 42347
0.982524 90597
0.982528 18976
0.98253 3046
0.982545 27817
0.982547 99253
0.982568 62966
0.982573 37250
0.982587 26357
0.982621 94245
0.982624 25129
0.98263 93852
0.982681 15733
0.982682 67427
0.982687 100659
0.982687 101659
0.982694 34716
0.982702 63085
0.982703 100086
0.982703 101086
0.982703 102086
0.982716 74589
0.982735 77806
0.982739 82753
0.982742 17160
0.982747 71098
0.982752 35378
0.982752 43037
0.98276 97552
0.982762 71581
0.982773 6915
0.982777 6522
0.982796 32392
0.982805 3969
0.982811 47044
0.982812 48778
0.982815 11867
0.982818 17722
0.982818 3562
0.982825 36436
0.982841 52066
0.98287 16577
0.982891 49998
0.982891 73408
0.982913 2710
0.982934 54762
0.982952 80165
0.982954 86202
0.982966 53458
0.982992 76416
0.982995 61414
0.983014 35574
0.983027 83158
0.983038 61621
0.983057 6829
0.98308 38629
0.983089 63676
0.983093 42275
0.983101 58497
0.983121 42833
0.983156 68752
0.983159 22067
0.983162 100065
0.983162 101065
0.983162 102065
0.983173 50875
0.983184 27483
0.983188 31504
0.983192 84926
0.983199 19944
0.9832 55549
0.9832 95181
0.983201 35051
0.983206 11977
0.983211 17116
0.983215 28552
0.983227 91646
0.983228 100269
0.983228 101269
0.983235 56492
0.98324 57967
0.983245 54999
0.98326 97478
0.983263 93924
0.98327 79146
0.983271 92690
0.983278 33004
0.983282 51650
0.983294 17263
0.983295 11949
0.983306 39150
0.983307 75474
0.98332 64680
0.983332 57575
0.98334 40543
0.98335 28358
0.983361 60307
0.983365 41188
0.983384 9029
0.983398 21319
0.983399 30732
0.983402 70897
0.983416 84326
0.983437 10755
0.983446 85430
0.983465 79251
0.983468 66080
0.983472 83483
0.983484 52001
0.983487 53875
0.983496 65315
0.98351 54491
0.983511 94142
0.983521 79712
0.983528 75803
0.983535 66683
0.983552 63908
0.983557 4998
0.983557 90739
0.983602 78878
0.983609 98214
0.983631 34357
0.983668 91856
0.98367 41658
0.98368 63324
0.983681 30111
0.983685 76473
0.983705 8027
0.983706 89225
0.983712 86011
0.983716 57942
0.983727 91980
0.983733 52890
0.983778 25515
0.983779 96791
0.983781 82186
0.983789 24760
0.98379 96536
0.983792 64722
0.983801 97921
0.983803 36690
0.983822 35809
0.983855 21822
0.983883 36617
0.983897 58394
0.983901 96288
0.983912 58050
0.983914 72811
0.983918 94117
0.983924 17381
0.983925 16057
0.983926 15355
0.983935 73733
160 138