1 2
422
0.241086 41825
0.241088 65352
0.241091 58992
0.241101 29103
0.241101 85292
0.241111 69011
0.241114 54216
0.241124 20652
0.241124 89392
0.241128 10723
0.24115 59256
0.241153 16408
0.241154 39791
0.241161 75307
0.241165 3626
0.241173 96996
0.241176 10521
0.24119 26237
0.241191 47077
0.241192 13791
0.241197 1541
0.241228 16898
0.241253 74264
0.241257 88667
0.241268 60296
0.241279 19901
0.241293 21796
0.241295 93663
0.241297 19533
0.241298 12551
0.24131 44495
0.241312 63585
0.241316 30140
0.241353 12592
0.241371 60589
0.24138 90771
0.241402 56764
0.241441 75885
0.241443 87255
0.241455 68349
0.241458 4399
0.24146 76200
0.241465 78468
0.241474 85156
0.241477 59919
0.241492 32050
0.241516 2178
0.241524 67146
0.241525 91532
0.241528 34678
0.241531 19880
0.241546 26605
0.241549 23421
0.241549 49602
0.241573 48901
0.241582 31297
0.24159 32629
0.241594 95996
0.241595 8198
0.241597 25008
0.241605 17293
0.241608 21505
0.241617 43097
0.241617 51282
0.241659 10228
0.241667 70226
0.241684 11477
0.241694 50328
0.241704 64320
0.241718 38701
0.241736 2260
0.241737 82241
0.241739 94621
0.241747 8906
0.24175 53892
0.24175 81033
0.241758 71539
0.241761 63882
0.241771 83003
0.241779 19714
0.241783 23764
0.241799 16078
0.241808 66031
0.241828 4730
0.241834 53034
0.241843 36488
0.241844 74754
0.241853 35199
0.241908 80027
0.241927 36358
0.241929 34183
0.24194 57762
0.24195 86359
0.241953 28085
0.241962 77505
0.241973 69451
0.241974 3985
0.241977 4439
0.241986 70671
0.241995 97003
0.242007 7789
0.242009 93417
0.242015 34798
0.242058 29984
0.242062 93833
0.242065 42775
0.242067 48409
0.242099 3364
0.242103 88703
0.242104 95155
0.242114 18757
0.242123 4872
0.242124 51251
0.242129 96610
0.242133 53024
0.242137 47874
0.242138 23711
0.242144 96534
0.242147 20639
0.242152 33252
0.242171 47347
0.242178 49068
0.242183 34102
0.242192 8657
0.242193 24610
0.242204 1545
0.242206 62659
0.242211 56717
0.242212 72643
0.242213 28639
0.242216 34464
0.242229 81283
0.242249 18239
0.242265 99567
0.242273 11040
0.242282 88
0.242284 70801
0.242284 8672
0.242286 81149
0.242292 14593
0.242311 70957
0.242349 55009
0.242358 33267
0.24237 55448
0.242428 40228
0.24245 75255
0.24246 29925
0.242471 86920
0.242476 30485
0.242501 52488
0.242503 73225
0.242513 77844
0.242522 65372
0.242529 7080
0.242538 85072
0.242546 61648
0.242553 47627
0.242556 16484
0.242556 59864
0.242561 45880
0.242565 17319
0.242565 53509
0.242565 82738
0.242569 40895
0.242579 85572
0.242587 49063
0.242607 63386
0.242621 45087
0.242625 35629
0.24263 17855
0.242636 32600
0.24265 31130
0.242653 49220
0.242654 16254
0.242708 21738
0.242709 27096
0.242711 43259
0.242713 39328
0.242714 54188
0.242722 61565
0.242735 32325
0.242737 99289
0.242743 97013
0.242744 96019
0.242756 97770
0.242759 980
0.242761 71342
0.242766 50664
0.242773 36674
0.24281 33942
0.242833 95492
0.242846 60931
0.242864 78176
0.242866 84990
0.242869 47652
0.242876 41153
0.24288 59577
0.242894 85529
0.242899 70769
0.242907 12521
0.242943 21174
0.242947 23971
0.242954 12919
0.242958 73592
0.242972 81673
0.242989 49617
0.242993 56145
0.24301 17902
0.243018 5021
0.243026 13994
0.24303 9470
0.24305 31450
0.243056 27052
0.243057 3366
0.24306 32642
0.243066 198
0.243083 3086
0.243102 82
0.243115 43394
0.243123 95929
0.243127 77675
0.243142 78567
0.243145 25345
0.243156 43325
0.243168 35691
0.243178 30110
0.243178 58586
0.243195 91811
0.243197 32774
0.243198 47791
0.243218 40914
0.24322 3605
0.243231 98609
0.243241 58948
0.243297 51547
0.243298 87096
0.243309 49127
0.243314 44148
0.243327 35998
0.243332 60126
0.243337 66733
0.243345 84870
0.24335 32079
0.243366 41111
0.243432 25050
0.243435 86460
0.243446 30771
0.243455 57241
0.243474 82210
0.243476 57782
0.243493 14489
0.243495 87105
0.243497 7966
0.243541 95765
0.243556 3207
0.243558 72234
0.243566 77978
0.243573 47830
0.243587 24357
0.243588 66814
0.243612 29253
0.243633 91197
0.243661 27216
0.243663 77563
0.243668 80241
0.243696 92529
0.243735 39801
0.243735 71357
0.24375 45016
0.243752 82930
0.243766 42350
0.243766 71732
0.243771 6642
0.243774 94362
0.243779 74168
0.243784 88288
0.243801 90429
0.243802 502
0.243813 344
0.243846 12088
0.243868 46979
0.24387 75768
0.243871 55855
0.243875 33366
0.243877 8003
0.24388 98845
0.243894 47637
0.243908 5907
0.243912 90348
0.243914 85321
0.243932 71853
0.243941 94653
0.243957 77320
0.243978 99680
0.243986 32285
0.244 60123
0.244007 79954
0.244007 80139
0.244026 68726
0.244043 87509
0.24405 45897
0.244059 57743
0.244078 82974
0.244099 38715
0.244105 5603
0.244119 19887
0.244171 18888
0.244183 85919
0.244187 55242
0.244208 33094
0.244208 43519
0.244226 87135
0.244232 29389
0.244234 99632
0.244273 25564
0.24428 78435
0.244284 4629
0.244287 64926
0.244293 61882
0.244296 10866
0.244318 29764
0.244322 98879
0.244333 24521
0.244337 78919
0.244346 68399
0.244378 3074
0.244393 48891
0.244402 41121
0.24441 7084
0.244432 4847
0.244439 668
0.244453 50298
0.244455 98225
0.244462 52730
0.244479 56342
0.244479 73537
0.244487 85114
0.244501 66174
0.244504 62744
0.244512 14057
0.244512 61164
0.244535 9714
0.244545 73859
0.24457 53478
0.244572 83625
0.244603 75776
0.244611 74596
0.244645 10699
0.244647 28853
0.24465 32792
0.244675 72764
0.244681 65746
0.244715 13916
0.244716 75711
0.244741 42721
0.244765 9139
0.244771 63419
0.244772 49751
0.244774 8519
0.244777 92834
0.244792 46448
0.2448 50884
0.244827 85310
0.244828 14346
0.244832 60546
0.244833 49113
0.244835 99155
0.244844 8754
0.244857 15802
0.244867 87170
0.244874 47107
0.244874 72048
0.24488 43755
0.24489 48966
0.244891 20172
0.244894 23121
0.244895 40908
0.244912 18147
0.244914 6662
0.244917 84866
0.244927 80480
0.244936 51732
0.244946 70266
0.244971 21306
0.244974 34960
0.24501 51411
0.245023 63016
0.24503 74858
0.245036 74914
0.245051 26112
0.245056 9183
0.245061 96281
0.245074 17854
0.245075 42335
0.245078 488
0.245085 57092
0.245085 79574
0.245092 29608
0.245093 66372
0.24512 70805
0.24513 8393
0.245142 13688
0.245155 10960
0.24516 260
0.245167 38620
0.245168 97299
0.245212 94317
0.245219 9394
0.245219 98385
0.245237 3710
0.245239 58470
0.245246 67468
0.245247 96439
0.245266 23720
0.245274 26769
0.245275 98575
0.24528 73080
0.245291 41060
0.245307 27869
0.245335 33792
0.245341 87740
0.245342 63837
186 144