1 2
410
0.586093 9129
0.586098 8559
0.586103 45545
0.586135 67785
0.586145 13280
0.586152 83583
0.58616 28013
0.586176 3224
0.586205 11583
0.58622 23762
0.586224 93635
0.586227 53089
0.586228 26532
0.586228 83858
0.586237 66877
0.586247 11346
0.586263 64144
0.586264 11919
0.586264 37998
0.586277 67197
0.586299 379
0.586336 789
0.586354 48979
0.586365 32353
0.586372 47664
0.586382 26971
0.586401 44895
0.586414 25073
0.586418 15330
0.58643 98638
0.586451 92219
0.586466 5314
0.586478 54689
0.586497 54340
0.586506 35405
0.586506 64110
0.586516 15939
0.586528 29708
0.586533 66661
0.586535 80218
0.586541 33450
0.586546 64317
0.58655 29437
0.586571 12568
0.586584 62827
0.586593 44458
0.58661 8611
0.586615 46915
0.586634 59178
0.586668 60416
0.58667 80309
0.586677 5830
0.586693 43904
0.586696 90839
0.586701 57039
0.586708 48267
0.586713 91119
0.586735 76917
0.586752 86083
0.586754 67775
0.586769 60872
0.586779 18641
0.586784 51930
0.58679 88930
0.586794 83616
0.586801 64672
0.586806 61388
0.586807 54284
0.586808 96522
0.586818 65152
0.58682 95083
0.586825 92438
0.586827 91329
0.586829 6093
0.586832 62414
0.586864 86348
0.586868 73469
0.586872 85822
0.586887 79627
0.586895 47812
0.586909 44554
0.58691 62701
0.586912 43547
0.586912 54251
0.586929 26826
0.586938 90071
0.58694 39881
0.586961 19798
0.586964 55843
0.586971 45640
0.586995 92265
0.587004 91020
0.587054 17329
0.587066 15703
0.587079 5139
0.587091 73443
0.587093 18215
0.587098 10155
0.587099 11444
0.587099 65147
0.587099 66443
0.587108 12789
0.587113 14015
0.587115 24731
0.587119 99401
0.587182 93216
0.587189 87839
0.587196 74539
0.5872 22277
0.587203 24960
0.587203 64804
0.587207 78711
0.587222 80689
0.587226 66816
0.587234 3738
0.587248 22646
0.58725 89422
0.587266 32368
0.587277 4294
0.587282 91505
0.587283 85546
0.587301 67915
0.587322 18409
0.587322 40330
0.587326 62798
0.587333 13316
0.587334 42137
0.587337 93993
0.587341 44272
0.587347 90118
0.587359 29185
0.587375 91301
0.587379 71432
0.587383 63663
0.587413 20285
0.587418 17533
0.587449 31674
0.587486 25185
0.587489 24443
0.587493 84117
0.587502 84700
0.587505 88062
0.587512 78990
0.587528 98719
0.587553 20079
0.587555 84475
0.587557 68
0.587584 87808
0.587606 25879
0.587606 36585
0.587615 9113
0.587622 46100
0.587627 6929
0.587637 65039
0.587657 92671
0.58768 73259
0.587691 21353
0.5877 97288
0.587712 20269
0.587715 6691
0.587725 84407
0.587726 73143
0.58773 77249
0.587731 93380
0.587731 97285
0.587761 38664
0.587772 35247
0.587774 79287
0.587775 91592
0.58778 5788
0.587791 27390
0.587799 6757
0.587817 21861
0.587822 53850
0.587822 98863
0.587832 41067
0.587837 60285
0.587847 35256
0.587857 68266
0.587858 54165
0.587895 17875
0.587899 16857
0.587902 68167
0.587917 65079
0.587958 13928
0.587963 73465
0.587967 8800
0.58797 76643
0.587971 364
0.587995 95978
0.587999 86175
0.588002 25608
0.588003 96213
0.588016 80710
0.588023 64033
0.588028 49969
0.588031 34942
0.588034 82848
0.588052 14780
0.588057 949
0.588063 89315
0.588122 93696
0.588128 98723
0.588136 60330
0.588156 35520
0.588159 16402
0.588163 45393
0.58817 88339
0.588171 53011
0.588174 6208
0.588183 66139
0.588186 18832
0.588191 50264
0.588195 16847
0.588197 44235
0.588213 52234
0.58822 83988
0.588222 59233
0.58823 3986
0.588236 27967
0.588255 20696
0.588273 50371
0.5883 58140
0.588311 87099
0.588356 26633
0.588365 64609
0.588371 56999
0.588371 89929
0.588374 64513
0.588379 75335
0.588434 81659
0.588443 99036
0.588453 11892
0.588459 76000
0.588466 3292
0.588472 60980
0.588473 58158
0.588476 43377
0.58848 5403
0.588486 57034
0.588487 60569
0.588498 25490
0.588504 30486
0.588505 9550
0.588506 90555
0.588507 62858
0.588508 40164
0.588511 5348
0.588513 36695
0.588519 84987
0.588523 22502
0.588524 91115
0.588526 69522
0.58854 68975
0.588546 33579
0.588561 6006
0.588564 94425
0.588567 47571
0.588573 59614
0.588578 42600
0.58858 35779
0.588583 85245
0.588593 35448
0.588602 10251
0.588602 78493
0.588622 69173
0.588642 10106
0.58865 25181
0.58867 34872
0.588675 77040
0.588684 85915
0.5887 55846
0.588716 9072
0.588726 97616
0.588732 45370
0.588745 15192
0.588761 90176
0.588764 68455
0.58878 45384
0.588805 42685
0.588833 23596
0.588839 20529
0.588839 4040
0.588843 54994
0.588847 26900
0.588849 19623
0.588862 28419
0.588876 90611
0.588895 41334
0.588901 16947
0.588904 92303
0.588918 8903
0.588939 51075
0.588944 82071
0.588972 31958
0.588988 35103
0.589009 60851
0.589013 92342
0.589039 77293
0.589056 74919
0.589065 26819
0.589072 9282
0.589081 74605
0.589085 94656
0.589089 36461
0.589102 73857
0.589103 80716
0.589108 7344
0.589114 14657
0.58912 58397
0.589124 90648
0.589144 46088
0.589154 15743
0.589164 83218
0.589168 95661
0.589184 73243
0.58919 37103
0.589194 2531
0.589209 13710
0.589214 90187
0.589215 42990
0.589215 43604
0.589218 47008
0.589224 90159
0.589249 65035
0.589256 21526
0.589278 57788
0.589286 86017
0.589287 28818
0.589292 62156
0.589294 20997
0.589299 20918
0.589304 9141
0.58931 78816
0.589333 5935
0.589348 23946
0.589353 54415
0.589362 62062
0.58939 64522
0.589402 568
0.589406 27765
0.589431 18243
0.589438 57024
0.589455 21165
0.589471 563
0.589484 31945
0.589485 69528
0.589509 55755
0.589528 7252
0.589536 50036
0.589539 60528
0.589545 50704
0.589548 32302
0.589554 22958
0.589577 63481
0.589594 97988
0.589596 40636
0.589597 52823
0.58961 18060
0.589623 99862
0.589635 45701
0.589638 48322
0.589643 8753
0.589664 50605
0.589666 63426
0.589667 79778
0.58967 96599
0.58968 70330
0.589681 32063
0.589687 87339
0.589715 95245
0.589719 72808
0.589763 84919
0.589765 21360
0.589785 2911
0.589804 16107
0.589804 62400
0.589814 38170
0.589825 67259
0.589827 99199
0.589839 14475
0.589858 16088
0.589859 96906
0.589872 85276
0.589874 91289
0.589876 51198
0.589883 62454
0.589885 41119
0.589892 47797
0.589898 51
0.589908 80503
0.58992 64029
0.589934 23455
0.58994 15650
0.589947 11252
0.589954 93722
0.589956 76657
0.589997 85738
0.59 50130
0.590007 15178
0.590013 58236
0.590032 4293
0.590053 60911
0.590057 57669
0.590069 85110
0.590071 83117
0.590081 99606
0.590101 87531
0.590105 16310
0.590107 19860
231 178