1 2
256
0 0.514059
0 0.9578
0.000193 811
0.006847 898
0.00716 836
0.012379 791
0.029016 724
0.030528 773
0.035172 762
0.041483 676
0.042191 661
0.046102 706
0.049427 871
0.050019 698
0.054573 860
0.055889 882
0.062592 867
0.067235 699
0.068198 763
0.068345 794
0.074228 864
0.075153 682
0.080928 855
0.090561 821
0.09136 892
0.096973 806
0.098215 840
0.103899 774
0.108311 761
0.118948 697
0.123433 751
0.129085 692
0.129213 776
0.130188 764
0.130478 728
0.132147 826
0.132417 781
0.135584 738
0.135599 657
0.136311 880
0.139186 743
0.139202 853
0.146503 700
0.150678 765
0.151567 798
0.152925 802
0.161377 809
0.162795 766
0.164747 696
0.166655 670
0.170976 756
0.174559 736
0.179377 648
0.182047 875
0.191126 790
0.200495 744
0.201999 749
0.202344 831
0.206783 660
0.217835 754
0.220137 735
0.223609 767
0.232198 814
0.234051 885
0.236137 856
0.236347 667
0.237536 659
0.239652 803
0.244439 668
0.24643 779
0.252888 716
0.261163 876
0.261375 807
0.267685 797
0.26994 810
0.269999 820
0.273334 757
0.280666 753
0.285818 801
0.291742 646
0.29302 870
0.293128 793
0.293163 652
0.302916 812
0.303679 694
0.309233 825
0.317726 800
0.327117 815
0.327859 647
0.331255 785
0.332548 714
0.342554 775
0.346473 701
0.350964 720
0.353485 884
0.356356 786
0.381863 689
0.382049 713
0.394043 841
0.394787 799
0.396975 707
0.402497 708
0.405476 651
0.415628 769
0.416608 822
0.422258 804
0.432181 772
0.442667 893
0.443353 778
0.448437 675
0.449448 824
0.45254 759
0.454081 896
0.4637 770
0.464023 711
0.466614 874
0.471487 805
0.471712 733
0.476638 731
0.478891 730
0.486011 740
0.486361 719
0.490047 843
0.495501 792
0.500205 723
0.501424 678
0.514059 155
0.51458 6
0.515141 169
0.515413 869
0.516156 768
0.51652 828
0.5186 493
0.519225 897
0.521021 739
0.52173 441
0.523053 642
0.523862 468
0.525621 138
0.526971 848
0.528453 277
0.530711 316
0.531449 261
0.531502 145
0.531899 506
0.536718 633
0.536957 681
0.5392 259
0.539471 683
0.539851 473
0.541921 613
0.543278 674
0.546135 191
0.550741 187
0.551181 489
0.552626 725
0.553084 485
0.554376 507
0.554974 159
0.554983 342
0.555698 552
0.555705 816
0.557225 292
0.55727 219
0.557498 688
0.558012 494
0.561146 663
0.561191 653
0.561683 650
0.562196 850
0.56298 622
0.563152 593
0.563837 654
0.564241 672
0.56643 461
0.567288 486
0.567428 514
0.567537 430
0.568151 379
0.57055 226
0.5724 388
0.580055 777
0.581478 881
0.582064 758
0.583481 823
0.584771 628
0.586299 533
0.586336 789
0.587971 382
0.589402 365
0.589471 573
0.590111 566
0.590761 849
0.591465 858
0.592732 274
0.594624 185
0.595121 505
0.595394 1918
0.596134 443
0.597396 536
0.597494 323
0.598598 275
0.599082 747
0.605402 176
0.605641 377
0.606233 760
0.607007 408
0.608799 745
0.610297 347
0.610547 197
0.610627 250
0.61073 453
0.610777 368
0.611759 273
0.615347 693
0.616145 796
0.616429 888
0.617662 434
0.618804 403
0.620907 584
0.621553 180
0.621572 182
0.623502 608
0.625631 677
0.627335 839
0.62935 877
0.629848 481
0.630895 412
0.632557 830
0.632841 568
0.632982 446
0.635584 232
0.635641 224
0.636452 262
0.637391 297
0.639868 503
0.640059 264
0.640439 141
0.642428 269
0.644644 832
0.645841 673
0.647815 362
0.649324 539
0.650575 513
0.652066 189
0.653054 737
0.654214 279
0.655459 440
0.655673 873
0.667455 612
0.667945 455
0.669114 330
0.669383 213
0.669918 852
0.671505 445
0.673855 558
2