1 2
406
0.336993 23535
0.337004 70429
0.337026 69566
0.337029 13580
0.337044 1549
0.337045 9824
0.337054 95549
0.33706 24739
0.337079 76340
0.337084 44216
0.337085 30470
0.337086 74615
0.337088 42455
0.337092 41345
0.337092 57969
0.337098 25422
0.337104 70537
0.337118 38700
0.337129 33442
0.337151 91825
0.337155 12385
0.33719 21699
0.337196 16912
0.337226 2896
0.337231 4510
0.337232 4087
0.337238 55319
0.33725 57689
0.337264 66522
0.337264 89361
0.337277 46631
0.337281 43513
0.337287 25496
0.337295 39483
0.337304 52013
0.337308 3548
0.337333 43191
0.337348 50573
0.337374 20464
0.337377 10379
0.337394 91824
0.3374 31921
0.337433 62489
0.337435 82761
0.337443 2007
0.337445 68029
0.337459 60747
0.337465 12616
0.33747 25651
0.337485 61826
0.33749 88841
0.337491 57682
0.337494 69348
0.3375 98551
0.337507 94715
0.337514 97748
0.337536 8878
0.337537 39399
0.337556 74007
0.337565 31035
0.337568 20628
0.337569 46680
0.337571 66499
0.337572 95684
0.337581 27130
0.337583 22287
0.337608 48248
0.337617 3609
0.337621 1450
0.337627 22848
0.337635 2642
0.337635 42087
0.337654 40863
0.337662 23424
0.337662 31665
0.337669 88967
0.337674 7678
0.337678 60024
0.337686 41208
0.337698 95471
0.337702 71140
0.337711 58103
0.337719 71940
0.337727 92274
0.33773 95844
0.337748 98949
0.33777 54298
0.337776 72853
0.337791 73794
0.337823 5882
0.337829 80204
0.337837 57848
0.337841 14893
0.337844 27854
0.337878 39029
0.337887 77016
0.337888 54299
0.337897 94027
0.337903 37852
0.337909 82947
0.33793 91829
0.337938 34179
0.337944 31288
0.337949 52652
0.337959 76805
0.337969 63227
0.337973 3221
0.337973 43064
0.33798 71879
0.337985 84375
0.337988 2713
0.337989 70884
0.337996 99742
0.338006 32209
0.338011 25743
0.338025 29442
0.338036 90980
0.338042 76759
0.33805 42434
0.338063 28688
0.338108 2583
0.33811 21455
0.338115 68111
0.338126 48563
0.338126 87666
0.338134 30714
0.338137 24642
0.338137 79495
0.338139 87034
0.338145 40087
0.338158 55011
0.338158 56650
0.338164 46686
0.33819 62836
0.338195 88878
0.338197 75628
0.338205 77931
0.338211 299
0.338213 61472
0.338214 33981
0.33822 88331
0.338223 82634
0.338237 91588
0.338242 81689
0.338245 67613
0.338249 88381
0.33826 46834
0.338263 93065
0.338292 61353
0.338297 45958
0.338304 84424
0.338316 98982
0.338319 41618
0.33835 51201
0.338351 13029
0.338354 20189
0.33839 80132
0.338392 56511
0.338393 20215
0.338402 75643
0.338414 75516
0.338417 67982
0.338424 34416
0.338432 19172
0.33844 81136
0.338456 68089
0.338471 10902
0.338471 68464
0.338472 1539
0.338472 25174
0.338476 90682
0.338478 3492
0.338481 18377
0.338498 45468
0.338512 61760
0.338527 59146
0.338527 7563
0.338538 2749
0.338544 18890
0.33855 76844
0.338555 32446
0.338573 47709
0.338617 1753
0.338623 8640
0.338625 21247
0.338667 22042
0.338674 77511
0.338685 43818
0.338699 39652
0.338707 47865
0.338715 42108
0.338719 69475
0.338723 23571
0.338747 85934
0.338754 88290
0.338762 97805
0.338771 99247
0.338774 80117
0.338784 85714
0.338791 27032
0.338791 98761
0.338794 86077
0.338805 10411
0.338815 51182
0.338827 69194
0.338831 28781
0.338833 31062
0.338857 40098
0.338881 62157
0.338916 44048
0.338934 27674
0.338942 100092
0.338954 94567
0.338955 11843
0.338959 13056
0.338982 91792
0.338993 65703
0.33902 46081
0.339039 40245
0.339057 97996
0.33907 81328
0.339078 58932
0.339094 93769
0.339107 56126
0.339128 40097
0.339128 60991
0.339136 77138
0.339176 40617
0.33919 63260
0.339203 99971
0.33921 27648
0.339234 91930
0.339235 70084
0.339238 36969
0.339256 98528
0.33928 25624
0.339282 47195
0.339321 8380
0.339334 74725
0.339339 95256
0.339353 50395
0.339398 31623
0.339424 31387
0.339425 90106
0.339435 63555
0.339436 41847
0.33944 97952
0.339448 9300
0.339456 12100
0.339468 91212
0.339489 19069
0.339501 93574
0.339505 7785
0.339512 67605
0.339528 40606
0.339545 69626
0.33956 71617
0.339601 19765
0.339607 56651
0.339616 82823
0.339622 44034
0.339624 4044
0.339626 46568
0.339628 27391
0.339644 43413
0.339657 96972
0.339663 65159
0.339663 89169
0.339697 77375
0.339717 39480
0.339721 31410
0.339782 36092
0.339793 40374
0.339823 44862
0.33983 55896
0.339837 74911
0.339839 96409
0.339854 84955
0.339856 98790
0.339866 80450
0.339874 20007
0.339929 1145
0.339947 22980
0.339948 11672
0.339952 51826
0.33996 36805
0.339983 71814
0.340001 56758
0.340003 84476
0.340015 11671
0.340017 39703
0.340046 7002
0.340074 88092
0.340084 19346
0.340101 46068
0.34011 68757
0.340118 3167
0.340118 77523
0.340123 70938
0.340154 53217
0.34016 8367
0.340169 93919
0.340172 98415
0.340176 57533
0.34018 76561
0.340191 46333
0.340192 20733
0.340194 49213
0.340211 58640
0.340236 36574
0.340259 55088
0.340264 71952
0.340267 80479
0.340273 45307
0.340282 89411
0.340283 56499
0.340285 40855
0.340285 58795
0.340285 71502
0.3403 84401
0.340314 91099
0.340323 48456
0.340327 89154
0.340329 40009
0.340335 88499
0.340338 97862
0.340359 19769
0.340366 90656
0.34038 43303
0.340385 22863
0.340385 88898
0.340393 42957
0.340407 2464
0.340418 7472
0.340434 26155
0.340443 27184
0.340454 33405
0.340456 89363
0.340464 47595
0.340485 61581
0.340493 94977
0.340512 52462
0.340513 83047
0.34054 30842
0.340547 66184
0.340553 69059
0.340562 17438
0.340592 51468
0.340602 93490
0.340605 59819
0.340609 53413
0.340612 38141
0.340627 54697
0.340648 68608
0.34065 37984
0.340651 66925
0.340652 78883
0.340657 81698
0.340669 45131
0.340684 58686
0.340688 40961
0.340703 31134
0.340705 59271
0.340729 50840
0.340736 62536
0.340741 41800
0.340743 85963
0.340748 87998
0.340762 59754
0.340783 15546
0.340795 5095
0.340807 49661
0.340812 41352
0.340818 3870
0.340821 7073
0.340822 5066
0.340827 32612
0.340854 46109
0.340893 74904
0.340925 2527
0.340944 65308
0.340952 49125
0.340955 78898
0.340963 79031
0.340998 77414
0.341016 30774
0.341018 3615
0.341062 15486
0.341065 39545
0.34108 73634
0.341085 64019
0.34109 48057
0.341103 68718
0.341112 25472
0.341121 32944
0.341138 50041
0.341138 93241
0.341142 23559
0.341152 91358
0.341155 33595
0.341162 61567
0.341165 47985
0.34118 77663
0.341189 60263
0.341212 39612
0.341215 57409
166 182