1 2
438
0.495632 57435
0.495645 21018
0.495652 92655
0.495659 66804
0.495664 52512
0.495693 69368
0.495714 60613
0.495714 89421
0.495728 97259
0.495779 95781
0.49578 57959
0.495794 87710
0.495798 94994
0.495806 98372
0.495832 60568
0.495834 17194
0.495834 99157
0.495845 34858
0.495845 65128
0.495859 22537
0.495884 92086
0.495894 84294
0.495895 90023
0.495911 29337
0.495912 68110
0.495918 75650
0.495934 16757
0.495939 79731
0.495949 58487
0.49595 63829
0.495952 39856
0.495955 84345
0.495986 87854
0.496007 63128
0.496023 53294
0.496026 84782
0.496026 8922
0.496031 98452
0.496033 57795
0.496041 58718
0.496061 77199
0.496063 96805
0.496071 98025
0.496081 89093
0.496088 64056
0.49611 7481
0.496119 9437
0.496128 23233
0.496134 38626
0.496139 19464
0.496151 69607
0.496157 78594
0.49616 30720
0.496189 63984
0.496227 86646
0.496231 69536
0.496249 95489
0.496251 61666
0.496257 52081
0.496264 99872
0.496275 6045
0.496282 19526
0.496288 79296
0.496299 22947
0.496301 92277
0.496308 83843
0.496316 5939
0.49632 78754
0.496321 48181
0.496331 69929
0.496333 84967
0.496333 91916
0.496337 97668
0.496343 15027
0.496345 16895
0.496346 72194
0.496376 91726
0.496392 75300
0.496411 31636
0.496433 90605
0.496445 70536
0.496449 16658
0.496449 68634
0.496449 81720
0.496457 78722
0.496457 88585
0.496481 31527
0.496481 52500
0.496486 7932
0.496502 8085
0.496504 31271
0.496508 1487
0.496525 68149
0.49655 61468
0.496559 55110
0.496563 26945
0.496571 56398
0.496587 85151
0.496594 52375
0.496597 98170
0.496616 63068
0.496628 66614
0.496645 44357
0.496686 22572
0.496713 42777
0.496736 35571
0.496737 10212
0.496743 63517
0.496743 76148
0.496773 4204
0.496791 54217
0.496806 10931
0.496838 17450
0.496856 56704
0.496867 9257
0.49687 80837
0.496876 79017
0.496891 92619
0.496908 6490
0.496913 50342
0.496923 62834
0.496944 17826
0.496949 68318
0.496953 63159
0.496957 92227
0.496972 96502
0.496979 84602
0.496988 91945
0.497008 25063
0.497015 454
0.497016 13934
0.497019 91695
0.497036 43250
0.497047 26071
0.497058 3187
0.497059 60570
0.497063 50834
0.497069 33912
0.497095 95597
0.497104 16065
0.497108 28242
0.497123 38035
0.497133 34238
0.497134 32313
0.497134 91081
0.497138 96666
0.497157 21540
0.49717 47996
0.497215 36906
0.497218 30267
0.497226 65701
0.497228 44212
0.497229 32476
0.497234 31241
0.497243 24647
0.497257 12174
0.49726 96326
0.497261 97667
0.49728 28681
0.497289 82427
0.497299 21156
0.49735 5619
0.497352 28253
0.497352 54473
0.497358 86431
0.49736 88632
0.497362 195
0.497367 23730
0.497381 13309
0.49742 3696
0.49742 52646
0.497422 60678
0.497431 80641
0.497434 63821
0.497438 27212
0.497443 95804
0.497446 71070
0.497448 43722
0.497449 78277
0.497467 43651
0.497478 35922
0.497528 77926
0.497532 21301
0.497569 66513
0.497571 72594
0.497583 9090
0.497585 43765
0.497586 44025
0.497592 13943
0.497605 42975
0.497621 24503
0.497648 99829
0.49765 76716
0.497653 31094
0.497656 34334
0.497674 1501
0.497675 67582
0.497681 99880
0.497698 30861
0.497716 11715
0.497754 64936
0.497759 27497
0.497782 97327
0.497785 18228
0.497799 49970
0.497801 20014
0.497803 76645
0.497824 57577
0.497837 56843
0.497842 4681
0.497856 75280
0.497859 98098
0.497863 18957
0.497872 89777
0.497876 75247
0.49788 4868
0.497885 66546
0.49789 64312
0.497894 16451
0.497905 66476
0.497911 59773
0.497923 21194
0.497933 67019
0.497952 74718
0.497955 97815
0.497976 1644
0.497983 34077
0.497985 59096
0.498 94932
0.498005 69357
0.498005 84879
0.498006 83441
0.498014 72806
0.498038 31358
0.498043 90774
0.498048 29308
0.498049 68719
0.498053 94537
0.498055 91771
0.498065 26935
0.498098 17318
0.498102 43587
0.498113 45560
0.498119 39914
0.498132 14861
0.498132 49036
0.498135 28252
0.498135 67484
0.498136 54301
0.49814 53888
0.498149 48027
0.498186 27178
0.498201 21858
0.498204 61296
0.498212 31313
0.498213 46550
0.498214 98740
0.498215 83665
0.498234 8909
0.498238 14356
0.498238 73518
0.498238 81658
0.49824 39450
0.498241 66926
0.498259 80994
0.498261 89660
0.49828 84942
0.498302 86753
0.498329 73864
0.498331 42806
0.498353 65642
0.498357 84739
0.498358 13072
0.498358 44380
0.498364 3888
0.498365 28950
0.498375 1366
0.498385 94171
0.498389 25343
0.498406 44289
0.498409 25511
0.49843 82712
0.498436 75503
0.498452 41238
0.498452 84347
0.498469 1632
0.498472 27441
0.498493 91298
0.498496 23766
0.498523 52995
0.498524 25553
0.498545 83025
0.498551 56594
0.498559 39390
0.498571 91249
0.498588 60960
0.498596 39848
0.498599 10970
0.49861 43066
0.498613 30589
0.498623 39589
0.498624 18461
0.498635 63163
0.498656 46388
0.498671 18099
0.498672 84760
0.498674 18908
0.498686 32052
0.498686 33419
0.49871 29645
0.498718 61628
0.498728 71417
0.498748 98978
0.498764 54637
0.498773 2398
0.498775 18076
0.498778 58172
0.498789 54196
0.498793 80727
0.498801 34920
0.498807 97021
0.498813 5572
0.498832 30049
0.498834 69270
0.498837 78057
0.498839 83588
0.498851 91542
0.498861 56610
0.498869 5170
0.498878 82180
0.498882 87629
0.498883 52263
0.498887 34896
0.498891 34817
0.498891 59866
0.498893 43209
0.498897 87399
0.4989 27446
0.49892 74849
0.498928 41291
0.498935 19957
0.498941 39470
0.498944 20538
0.498944 73706
0.498967 51710
0.498974 26480
0.498996 99244
0.499002 20644
0.499017 93042
0.499019 33695
0.499038 29336
0.499049 32985
0.499059 17909
0.499068 58493
0.49908 32110
0.499093 61398
0.499114 5795
0.499124 79252
0.499131 5775
0.499132 90002
0.499152 61292
0.499189 2208
0.499213 14045
0.499224 24681
0.499224 29193
0.499229 28271
0.499248 52128
0.49925 89526
0.499251 44824
0.499263 42392
0.499273 27436
0.499277 79515
0.499278 16769
0.499281 80527
0.49929 7961
0.499299 27042
0.499317 6017
0.499317 93135
0.499391 71445
0.499407 53016
0.499421 63281
0.499421 69024
0.499428 62794
0.49944 46823
0.499458 1418
0.499459 58369
0.499489 14719
0.499502 40307
0.499516 79640
0.499546 83187
0.499596 19897
0.499623 64236
0.499623 91847
0.499642 22615
0.499656 85528
0.499662 52299
0.499677 98375
0.499693 97839
0.499709 12733
0.49971 54088
0.499723 91954
0.499752 14592
0.499768 33972
0.499769 85350
0.499775 89013
0.499784 80581
0.49979 76866
0.499796 84915
0.499796 91139
0.499798 3374
0.499799 77251
0.499799 78118
0.499824 33219
0.499839 91196
0.499843 90197
0.499845 84165
0.499846 75089
0.499865 1912
0.499865 55322
0.499865 78901
0.499868 7861
0.499872 47234
0.499875 88764
0.499891 49575
0.499918 59108
0.49993 85347
0.499934 67979
0.499944 37214
0.499963 41368
0.499965 21487
0.499972 47533
0.49998 11907
0.499992 22162
0.499994 55063
0.499994 70097
0.50001 68750
0.500013 72992
0.500018 40920
193 168