1 2
414
0.707984 6143
0.708009 75398
0.708013 100933
0.708014 29817
0.708016 64371
0.708024 6199
0.708037 14410
0.70808 11595
0.708083 98768
0.708098 75545
0.70813 30091
0.708137 22093
0.708147 41269
0.70815 97968
0.708163 66455
0.70817 23397
0.708174 39226
0.708196 34420
0.708204 74496
0.70821 88266
0.708245 22480
0.708275 6786
0.70828 55661
0.708293 22088
0.708298 25599
0.708315 35787
0.708336 40714
0.708338 28626
0.708367 18780
0.708369 40601
0.70837 54738
0.708379 99018
0.708381 34337
0.708392 84857
0.708411 46618
0.708412 54636
0.708418 45379
0.708438 62025
0.708441 42871
0.708447 95382
0.708454 70291
0.708462 80831
0.708463 17591
0.708465 83215
0.708473 37651
0.708473 91860
0.708483 2465
0.708483 65627
0.708487 31797
0.708488 13799
0.708518 42829
0.708524 37149
0.708546 46849
0.70855 31573
0.708551 20374
0.708552 37215
0.708557 84402
0.708566 14795
0.708567 53553
0.708604 56553
0.708616 75208
0.70862 83972
0.708621 16845
0.708621 91716
0.708623 90229
0.708627 96912
0.708644 74330
0.708653 32451
0.708666 31204
0.708666 96182
0.708671 4458
0.708671 82054
0.708681 86380
0.708693 8535
0.708699 92050
0.708708 18701
0.708719 72448
0.708729 7515
0.708738 21754
0.708745 19220
0.708767 77255
0.708798 34261
0.708805 60556
0.708806 70432
0.708809 189
0.708827 93389
0.708877 49240
0.708892 3882
0.708895 40023
0.708915 55252
0.708926 29255
0.708929 29454
0.708934 33367
0.708938 13603
0.708954 14274
0.708956 22489
0.708974 15057
0.708974 79358
0.708975 37635
0.708976 93112
0.708994 49983
0.708996 30709
0.709006 84906
0.709008 67351
0.709024 11500
0.709032 52255
0.709035 15545
0.709042 55868
0.709062 62448
0.709067 48041
0.709069 86583
0.709072 76134
0.709098 37230
0.709113 57452
0.709118 15296
0.70912 33983
0.709127 8261
0.709133 98420
0.709155 54215
0.709156 3393
0.709179 77558
0.709197 95014
0.709229 83229
0.70924 18844
0.709241 81009
0.709242 2228
0.70925 30191
0.709253 23948
0.709255 18900
0.709273 58635
0.709288 6129
0.709296 76784
0.709305 52952
0.709305 82292
0.709307 17449
0.709316 55416
0.709326 96015
0.709341 22830
0.709352 58708
0.709363 99814
0.709386 50520
0.709399 93003
0.709421 22934
0.709423 36034
0.709427 52650
0.709428 60349
0.70943 41836
0.709457 96818
0.709459 45733
0.70946 34713
0.70946 36280
0.709462 6393
0.709463 39644
0.709477 2289
0.709483 61036
0.709493 27303
0.709495 8117
0.709499 21281
0.709519 10382
0.709521 47154
0.709524 20801
0.709524 42994
0.709529 15089
0.709529 53508
0.709544 35935
0.709546 52587
0.709551 46981
0.709553 66149
0.709563 48700
0.709564 99261
0.709588 71332
0.709599 49746
0.709605 33611
0.709608 7184
0.70962 83345
0.709629 10513
0.709651 28865
0.70966 92408
0.709683 69050
0.709707 23077
0.709731 55646
0.709731 94479
0.70974 57699
0.709742 76544
0.709751 43554
0.709756 72973
0.709757 866
0.709768 25357
0.709783 15683
0.709783 28650
0.709792 23149
0.709807 84098
0.709814 62032
0.709817 89942
0.709825 83379
0.709832 13317
0.709833 29654
0.709834 52744
0.709857 63512
0.709863 24376
0.709872 22645
0.709882 46987
0.709884 75094
0.709908 79298
0.709911 6205
0.709946 40919
0.70996 75379
0.709977 82468
0.709978 63385
0.709979 2316
0.709999 55492
0.71 42699
0.710016 66325
0.71002 27870
0.710028 49903
0.710033 4341
0.710078 56283
0.710079 32043
0.710108 10588
0.710111 38020
0.71013 36555
0.710135 60880
0.710141 58927
0.71015 41260
0.710151 22846
0.710163 98550
0.71019 8352
0.710193 86454
0.710196 80713
0.710236 11197
0.710248 37688
0.710253 80151
0.710257 84050
0.710264 42623
0.710271 31509
0.710282 6358
0.710285 57741
0.710313 100552
0.710319 18790
0.710323 89494
0.710346 34706
0.710351 6792
0.710366 29780
0.710367 23509
0.710367 59506
0.710368 59941
0.710372 60080
0.710376 29775
0.710393 30188
0.710402 7145
0.71042 64240
0.71042 76170
0.710423 37447
0.710436 34625
0.71044 11959
0.710448 13071
0.710475 3584
0.710477 29787
0.71049 91670
0.710504 79262
0.710513 22743
0.710517 31679
0.710517 7922
0.710528 5514
0.710533 533
0.710539 63033
0.710553 41174
0.710561 42180
0.710563 18610
0.710564 76951
0.710566 47606
0.710567 74220
0.710579 48751
0.710589 11868
0.710614 62208
0.710636 73116
0.710643 39844
0.710663 95932
0.710707 91034
0.710725 77355
0.710729 703
0.710736 22193
0.710764 90709
0.710766 48861
0.710775 95513
0.710786 81462
0.710802 69937
0.710806 54715
0.710825 7151
0.710834 44222
0.710843 82293
0.710871 2092
0.710883 88997
0.71091 99575
0.710911 22372
0.710915 49725
0.710945 25843
0.71095 21596
0.710954 15172
0.710968 36524
0.710977 28954
0.710984 87953
0.710996 67400
0.711001 69550
0.711005 59086
0.711018 49535
0.71103 32743
0.711034 48073
0.711041 46740
0.711058 33990
0.711062 24218
0.711064 53
0.711095 97007
0.711097 61156
0.711121 83874
0.711126 55229
0.711135 36124
0.711143 49971
0.711165 84614
0.711168 24897
0.711173 48862
0.711191 81475
0.711199 63986
0.711206 97269
0.711211 79122
0.711219 33447
0.71124 66656
0.711262 77023
0.711272 19010
0.711275 32072
0.711275 90655
0.711282 75008
0.711284 86048
0.711311 56982
0.711312 82392
0.71132 51879
0.711338 2155
0.711358 81268
0.711358 96117
0.711374 48304
0.711395 83533
0.711398 70143
0.711399 44980
0.711401 18094
0.711414 28404
0.711416 5218
0.711438 40254
0.711443 30218
0.711444 28053
0.711446 88744
0.711447 88140
0.711461 28591
0.711462 79177
0.711463 80196
0.711481 96780
0.711482 98463
0.711486 59922
0.71149 54290
0.711492 75964
0.711499 37010
0.711517 59468
0.711523 72748
0.711523 83432
0.711539 36157
0.711543 92294
0.711545 19467
0.711547 45429
0.71155 34436
0.71155 7768
0.711562 87419
0.71157 44466
0.711579 95128
0.711596 52945
0.711606 58160
0.711608 87657
0.711615 12120
0.71162 17152
0.711637 80998
0.711659 75583
0.711668 44493
0.711693 1612
0.711694 62373
0.711697 51938
0.711707 84834
0.711727 69347
0.711733 88405
0.711737 90962
0.711739 29732
0.711739 84655
0.711751 50039
0.711754 86838
0.711758 11336
0.711762 55912
0.711765 94860
0.711768 12760
0.711768 50184
0.711791 29813
0.7118 39698
0.711818 91116
0.711819 88803
0.711825 49596
0.711846 88080
0.711857 54866
0.711871 88101
0.711876 73324
0.711897 68607
0.711899 39737
0.711901 41850
0.711916 83086
0.711919 33176
0.71192 10200
0.71192 14200
0.711922 66029
0.711923 71456
246 140