1 2
430
0.462728 15428
0.462738 33506
0.462755 49863
0.462775 33214
0.462807 92374
0.462817 32732
0.46284 8431
0.462864 27565
0.462873 74404
0.462884 62689
0.462884 73135
0.46289 44638
0.462909 56938
0.462915 59893
0.462925 23564
0.46293 40542
0.462966 51566
0.462977 89584
0.462996 6389
0.463001 33471
0.463002 52372
0.463016 39322
0.463035 20882
0.463036 61815
0.463044 82204
0.463049 76614
0.463063 46483
0.463066 99025
0.463077 5507
0.463084 87102
0.46309 91729
0.463098 88193
0.463109 11682
0.463184 45780
0.463193 89251
0.463196 59100
0.4632 77182
0.463213 88215
0.463223 6600
0.463254 88854
0.463262 96784
0.463276 47962
0.463321 56586
0.463324 44671
0.463336 8971
0.463355 23072
0.463369 39225
0.463385 99439
0.463388 63091
0.463393 61041
0.463403 99640
0.463407 7744
0.463413 96426
0.463428 27992
0.463454 23358
0.463454 5357
0.463455 6844
0.463493 65556
0.463496 87296
0.463515 96327
0.463518 75467
0.463525 92561
0.463535 27036
0.463558 4958
0.463564 67209
0.463577 49924
0.463602 26100
0.463605 29122
0.463629 10023
0.463643 66065
0.463682 70355
0.46369 14413
0.4637 37208
0.4637 47589
0.4637 770
0.463715 53855
0.463736 46426
0.463736 65381
0.463758 57622
0.463771 73421
0.463771 78388
0.46378 18643
0.463808 81083
0.463846 65053
0.46386 48769
0.463877 30158
0.463887 74036
0.463889 84019
0.463893 33685
0.463909 11908
0.46391 59812
0.463933 25176
0.463948 56195
0.463952 90068
0.463964 8448
0.463969 16489
0.463972 38255
0.463981 94732
0.46399 13408
0.463993 55296
0.463999 61691
0.464001 7024
0.464007 87906
0.46402 64000
0.464023 711
0.464044 12191
0.464063 21135
0.464063 9438
0.464072 43112
0.464074 78676
0.464077 59051
0.464101 5768
0.464117 17070
0.464124 25069
0.46413 81274
0.46414 62203
0.464143 77600
0.464161 49892
0.464165 3052
0.464174 97237
0.464175 96731
0.464179 95409
0.464197 42895
0.464205 9363
0.464208 66153
0.464213 59303
0.464216 58897
0.464218 77278
0.464219 73270
0.464236 73959
0.46424 42053
0.464241 55474
0.464241 76527
0.464249 68231
0.46426 28352
0.464271 89254
0.464273 69213
0.464288 80554
0.464292 37904
0.464299 27867
0.464301 90036
0.464313 90138
0.464323 82598
0.464325 62688
0.464327 79065
0.464351 65620
0.464354 43214
0.464372 41952
0.464383 58343
0.464405 89505
0.464411 80857
0.464425 39811
0.464426 29270
0.464434 77002
0.464435 91118
0.46445 35591
0.464458 12951
0.464463 45184
0.464464 98566
0.464485 31747
0.464488 910
0.464489 51689
0.464497 61501
0.464518 38815
0.46452 61503
0.464523 97687
0.46453 83358
0.464531 42978
0.464546 25547
0.464546 32593
0.464566 17354
0.464572 77518
0.464593 90714
0.464598 72564
0.464599 18531
0.464601 78231
0.464611 13332
0.464642 64931
0.464645 60131
0.464646 54623
0.464649 5913
0.46465 62211
0.464658 35354
0.464662 42441
0.464668 52628
0.464682 74873
0.464718 9010
0.464722 86305
0.464725 68848
0.464726 57879
0.46476 3530
0.464763 55627
0.464763 96879
0.464783 30570
0.464785 1378
0.464788 21926
0.46479 28167
0.46479 53679
0.464791 31689
0.464795 69909
0.464795 78175
0.464799 37110
0.464801 42261
0.464821 56338
0.464822 99663
0.464837 40429
0.464839 53104
0.464851 82352
0.464857 48885
0.464866 57400
0.464869 92100
0.46487 82998
0.46488 32233
0.464891 24416
0.464891 28904
0.464907 36554
0.464909 95274
0.464949 7247
0.464955 22681
0.46497 6445
0.464973 54103
0.464984 13612
0.464997 86167
0.464998 79121
0.465 1146
0.46501 99963
0.465012 25214
0.465023 48560
0.465026 72020
0.465027 41444
0.465055 42034
0.465063 78615
0.465067 95123
0.465079 33188
0.465089 50638
0.465114 90337
0.46513 23526
0.465137 70137
0.465151 12264
0.465157 6667
0.465177 95213
0.465179 45769
0.465182 38777
0.465183 96637
0.465199 36833
0.465213 37116
0.46526 72285
0.465265 79591
0.465272 90576
0.465282 28052
0.465298 23997
0.4653 58243
0.46532 85964
0.465328 53735
0.465332 94825
0.465336 77084
0.465339 1065
0.465346 89625
0.465368 90573
0.465373 37432
0.465377 3410
0.465391 22968
0.465398 19600
0.465403 66355
0.465412 17498
0.46544 8877
0.46546 21958
0.46546 84658
0.465468 95928
0.46547 55859
0.465473 98136
0.465489 1743
0.465495 81354
0.465496 94273
0.465528 8617
0.465535 10300
0.465537 3422
0.465537 79167
0.465551 47886
0.465556 63665
0.465559 1584
0.465564 57894
0.465567 41532
0.465571 6425
0.465576 35493
0.46558 7085
0.465583 83306
0.465605 41797
0.465608 86350
0.465633 60928
0.465636 27498
0.465638 85239
0.465646 17688
0.465673 6686
0.46568 24393
0.465696 50155
0.465703 85330
0.465726 52533
0.465726 74687
0.465731 79077
0.465731 93862
0.465733 12577
0.46574 13196
0.465744 26410
0.465759 92122
0.465792 1335
0.465793 27944
0.465848 95092
0.465874 235
0.465877 88180
0.465892 41132
0.465894 60918
0.465897 7639
0.465902 17763
0.465924 44122
0.465945 62600
0.465946 86330
0.46595 36604
0.465963 98131
0.465972 22763
0.465974 4007
0.465992 12086
0.465999 28612
0.466003 14292
0.466006 498
0.466008 16958
0.466014 64124
0.466038 58844
0.466042 51662
0.466047 28441
0.466058 42096
0.466065 63505
0.466073 65356
0.466075 93555
0.466091 64480
0.466095 18924
0.466113 57911
0.466139 2747
0.466146 38663
0.466169 18482
0.466179 91130
0.466181 76884
0.466188 31680
0.466189 53120
0.466218 82774
0.466233 41187
0.466244 38683
0.466249 80303
0.466257 74018
0.46626 82966
0.466265 5214
0.466275 33814
0.466276 43067
0.466277 51633
0.466286 77810
0.466294 93983
0.46631 69684
0.466313 20881
0.46632 84052
0.46634 56250
0.466352 87203
0.466352 94358
0.466364 75459
0.46637 70626
0.466371 79707
0.466373 98423
0.466392 32178
0.46642 75166
0.466438 74490
0.466439 99577
0.466468 82232
0.466478 37043
0.466488 58090
0.466496 96635
0.466499 91352
0.466509 85614
0.466526 4829
0.466528 31545
0.466537 20589
0.466542 60474
0.466557 16680
0.466569 49021
0.466579 97109
0.466582 87159
0.466586 11839
0.466612 81674
0.466614 874
0.466628 14427
0.466632 24992
0.466648 31740
0.466651 9664
0.466669 12942
0.466673 74612
0.466705 54341
0.466707 88918
0.466709 17487
0.466746 96368
0.466749 94819
0.466755 11176
0.466758 80796
0.466764 32282
0.466774 23447
0.466793 30759
0.466796 30132
0.466802 66768
0.466811 61505
0.466819 82097
0.466824 65716
0.466844 22471
0.466845 1934
0.466847 2942
0.46688 43928
0.466886 46890
0.466893 8185
0.466918 96134
0.466921 19460
0.466936 44241
0.466944 15164
0.466947 36276
0.466984 11411
0.467003 37398
0.467017 9583
0.467018 69520
0.467018 88196
0.467029 44325
0.46703 28846
0.467076 72613
0.46708 49744
0.467082 12741
0.467103 6286
218 148