1 2
364
0.918182 50974
0.918186 36951
0.918194 42174
0.918194 68159
0.918203 14006
0.918208 1288
0.918223 50855
0.918244 24328
0.918265 92498
0.918272 71742
0.918284 28810
0.918291 74721
0.918314 78922
0.918316 5429
0.918319 17422
0.918327 8670
0.918342 56817
0.918353 34993
0.918369 13896
0.918371 14894
0.918374 80732
0.918375 13386
0.918376 46709
0.918409 95570
0.918415 75248
0.918445 48184
0.918452 21225
0.918456 55732
0.918457 36503
0.918459 72235
0.918467 7891
0.918469 12502
0.918472 96231
0.918478 91452
0.918487 98171
0.918517 74155
0.918521 17514
0.918546 13307
0.918552 47225
0.918565 100364
0.918576 89535
0.918585 9450
0.918591 40322
0.918627 83249
0.918655 2214
0.918656 6498
0.918657 40120
0.918663 78841
0.918667 54807
0.918669 1054
0.918669 67497
0.918681 35409
0.918696 69935
0.918704 27397
0.918707 92102
0.918711 75967
0.918714 87172
0.918724 67240
0.918728 93613
0.918733 72207
0.918739 55371
0.918742 94558
0.918761 36202
0.918766 35204
0.918771 55464
0.918775 11245
0.918776 67233
0.918782 54058
0.918785 77672
0.918787 77285
0.918797 37353
0.918814 20461
0.918826 43507
0.918849 65963
0.91885 20887
0.918868 7745
0.918874 14494
0.91888 34925
0.918882 95347
0.918892 39350
0.918943 11267
0.918944 93371
0.918948 40225
0.918951 30336
0.918979 43247
0.918991 50437
0.918997 87620
0.919013 74861
0.919015 59393
0.919025 55696
0.919041 9873
0.919043 95769
0.919063 9467
0.919074 60660
0.919081 19722
0.919086 18554
0.919096 23655
0.919105 97367
0.91911 45729
0.919151 1816
0.919161 10613
0.919167 93011
0.919173 22118
0.919177 24003
0.919196 55021
0.91921 20878
0.919236 8889
0.919249 3546
0.919266 57852
0.919289 65588
0.919301 86469
0.919309 100936
0.91932 85516
0.919341 80795
0.919398 83026
0.919402 59570
0.919422 62992
0.919442 14543
0.919445 14027
0.919455 51952
0.919479 16059
0.919481 39282
0.919486 55893
0.919514 87686
0.919516 96131
0.919519 91063
0.919539 43488
0.919553 89419
0.919571 74486
0.919592 50759
0.919608 83974
0.91961 92060
0.919639 31793
0.919642 25352
0.919666 79086
0.919701 30355
0.919726 15760
0.919726 6261
0.919741 62397
0.919744 55989
0.919745 66958
0.91975 46219
0.91975 62848
0.919763 64412
0.919775 40512
0.919793 87462
0.9198 50798
0.919802 64040
0.919813 33288
0.91982 61113
0.919826 46338
0.919831 57380
0.919832 56755
0.919849 16491
0.919887 21713
0.919902 88073
0.919906 49839
0.919908 92247
0.919915 74938
0.919917 93646
0.919936 8532
0.919942 98121
0.919951 69414
0.919953 35331
0.919967 47994
0.919973 74961
0.919976 5595
0.919988 49667
0.92002 20379
0.920021 98384
0.920023 12250
0.920066 10152
0.920071 36098
0.920073 7731
0.920106 44383
0.920112 70215
0.920125 92994
0.920144 22212
0.920152 27386
0.920153 31275
0.920161 62255
0.920167 85823
0.920172 99827
0.920178 14701
0.920215 19357
0.92022 90885
0.920224 11305
0.920226 7307
0.920228 38811
0.92023 22630
0.920231 5637
0.920234 37429
0.920239 30164
0.920244 7951
0.920249 22568
0.920252 22837
0.920258 74591
0.92028 29641
0.920289 46677
0.920314 56960
0.92032 97609
0.920337 85391
0.920341 95112
0.920346 86277
0.92035 92472
0.920359 55101
0.92036 40801
0.92041 8142
0.920426 82886
0.920429 31835
0.920437 60122
0.920453 8181
0.920471 61137
0.92048 91008
0.920483 27746
0.920489 894
0.92051 88222
0.920514 46662
0.920525 20312
0.920526 25807
0.920538 23673
0.920545 71565
0.920562 18650
0.920574 37223
0.920583 2989
0.920588 98686
0.920594 74629
0.920597 18541
0.920598 57230
0.920622 55359
0.920629 14690
0.920655 87578
0.920657 10014
0.920684 1198
0.920686 94785
0.920694 26066
0.92071 4823
0.920717 34463
0.920718 21403
0.920729 99293
0.920749 91157
0.920794 8923
0.920795 52894
0.920806 82164
0.920809 5388
0.92081 12563
0.920822 16638
0.920824 43787
0.920824 71400
0.920825 3243
0.920833 16843
0.920854 10909
0.920855 63701
0.920859 15457
0.920892 18400
0.920899 78189
0.920902 85775
0.920918 46228
0.92092 50099
0.920943 45827
0.920978 64993
0.920985 60898
0.920993 84055
0.921004 72098
0.921007 36357
0.921027 27767
0.921046 47000
0.921048 61412
0.921063 60656
0.921069 88628
0.9211 70827
0.921103 52494
0.921107 41058
0.921108 18714
0.921113 42906
0.921139 59534
0.921177 64189
0.921183 21686
0.921199 52687
0.921206 93449
0.921211 42812
0.921222 10784
0.921253 59839
0.921261 100355
0.92127 5082
0.921272 26238
0.921282 93243
0.921287 74321
0.921287 92249
0.921291 7180
0.921297 96729
0.9213 18349
0.9213 88432
0.921306 94682
0.921308 1650
0.921317 4051
0.921325 61092
0.921326 55203
0.921333 71451
0.921351 58364
0.921363 43054
0.921377 98691
0.921379 15074
0.921397 3099
0.921403 61719
0.921419 59166
0.921442 74987
0.921447 4230
0.921451 65884
0.921454 44990
0.92148 29345
0.921521 74019
0.921524 83346
0.921525 35455
0.92154 10327
0.921566 74998
0.921574 59609
0.921592 56609
0.921594 23127
0.921599 41764
0.921619 19074
0.921621 56050
0.921641 62239
0.921647 19639
0.921653 17384
0.92167 9462
0.921678 48446
0.921707 38763
0.921721 38519
0.921722 2146
0.921731 93568
0.921748 44185
0.921753 47242
0.921782 9109
0.92179 51302
0.921803 62804
0.921809 47337
0.921826 91059
0.921841 18256
0.921841 25725
0.921842 68064
0.921852 9994
0.921855 18755
0.921857 69279
0.921864 52837
0.921867 92134
0.92187 71798
0.921882 92594
0.921924 65772
0.92193 59611
0.921966 35584
0.921966 53723
0.921973 11462
0.921973 96592
0.921974 6754
0.921977 7273
0.921992 1918
0.921995 30517
0.922006 4518
0.922012 73969
0.922026 87109
0.922045 92770
0.922046 79188
0.922055 53143
226 217