1 2
428
0.168915 29528
0.168924 66131
0.168927 73392
0.168933 36601
0.168948 89614
0.168951 2029
0.168956 19725
0.168998 19736
0.168998 95580
0.169001 11003
0.169005 67210
0.169016 11838
0.169039 45905
0.169064 22770
0.169065 68871
0.169087 24533
0.169106 76574
0.169107 47968
0.169113 99911
0.169118 53347
0.16912 62559
0.169137 6122
0.169156 65080
0.169162 89695
0.169164 36391
0.169174 50185
0.169179 47770
0.169196 64161
0.169196 97894
0.169202 15824
0.169205 71953
0.169211 55405
0.169214 100729
0.169214 101729
0.169228 67789
0.16925 8042
0.169269 93972
0.169277 57215
0.169298 8059
0.169329 61772
0.169344 42356
0.169358 17928
0.169365 51248
0.169378 57011
0.16938 37869
0.169402 34480
0.169411 86791
0.169418 44882
0.169451 19439
0.169452 63231
0.169495 29348
0.16951 19345
0.169518 88888
0.169524 64479
0.169543 31922
0.16955 19813
0.169556 38801
0.169588 40864
0.169602 90677
0.169622 80896
0.169623 67084
0.169625 16957
0.169625 94114
0.169638 15857
0.169646 77713
0.169657 52559
0.169667 33363
0.169672 70061
0.169701 53789
0.169707 91152
0.169711 88179
0.169712 84664
0.169713 75666
0.169739 14243
0.169743 96322
0.16975 89737
0.169754 24446
0.169762 76413
0.169764 87754
0.169766 4580
0.169805 29351
0.169816 27380
0.169831 77515
0.169846 22224
0.169851 90131
0.169857 97840
0.169893 97241
0.169902 94236
0.169905 80107
0.169907 85171
0.169908 35715
0.169937 55409
0.169952 93540
0.169959 12530
0.169982 19309
0.170006 69464
0.170022 93794
0.170025 25899
0.170047 2137
0.170048 50953
0.170061 57620
0.170066 74926
0.170071 43469
0.170078 91668
0.170081 28202
0.170084 4280
0.170114 37357
0.170123 62982
0.170138 28609
0.170158 96708
0.170171 35969
0.170188 81655
0.170194 73831
0.170195 89463
0.170198 23660
0.170201 46867
0.170202 72413
0.170207 94296
0.170222 18297
0.170222 43602
0.170222 97435
0.170239 59295
0.170243 45698
0.170246 76838
0.170248 25740
0.17025 55032
0.170257 3036
0.170268 59635
0.170288 14707
0.1703 1317
0.170307 18410
0.170332 3271
0.170332 55737
0.170333 60953
0.170348 31349
0.17036 91826
0.170361 14535
0.170363 63518
0.170368 51675
0.170369 38242
0.170382 16321
0.170384 16695
0.170392 37069
0.170392 52649
0.170428 8898
0.170442 63909
0.170456 52590
0.170469 79363
0.170472 9999
0.170481 34351
0.170481 57028
0.170502 87175
0.170506 1684
0.170511 1253
0.170529 86621
0.170544 24871
0.170544 63041
0.170546 13664
0.170561 28149
0.17057 93493
0.170572 74132
0.170582 71906
0.170585 79343
0.170596 98074
0.170598 88122
0.170601 65129
0.170602 64437
0.170616 59537
0.170643 29313
0.17065 92651
0.170668 65940
0.170679 67754
0.1707 69447
0.170702 73381
0.170706 90354
0.170714 13842
0.170723 8639
0.170737 24520
0.170756 1210
0.170761 48717
0.170772 74738
0.170801 72674
0.170805 45993
0.170806 39992
0.170809 96186
0.170824 51435
0.170836 96686
0.170839 15193
0.17084 29808
0.170841 28010
0.170856 27045
0.170857 91417
0.170865 79819
0.170877 49451
0.170885 53880
0.170894 35126
0.170895 64050
0.170914 39117
0.170914 92521
0.170916 3205
0.170921 47944
0.170932 98134
0.170937 96171
0.170962 73182
0.170972 86505
0.170973 42678
0.170976 756
0.170986 64216
0.171003 84083
0.171017 24976
0.171024 38585
0.171073 58731
0.171076 35323
0.171077 8158
0.171109 97278
0.17111 42093
0.171113 14439
0.171118 64785
0.17112 94461
0.171121 27448
0.171122 22970
0.171123 90702
0.171145 48549
0.171163 2102
0.171172 64006
0.171185 29
0.171188 23113
0.171199 78487
0.171203 33646
0.171216 59656
0.171234 54617
0.171267 59640
0.171267 85514
0.171272 60183
0.171283 48658
0.171307 93255
0.171314 35777
0.171319 67306
0.17134 21128
0.171342 10318
0.171365 99125
0.17139 23206
0.171406 36894
0.171411 94020
0.171424 41877
0.171453 95053
0.171455 21070
0.171455 70310
0.171456 41789
0.171461 56895
0.171463 57369
0.171483 82542
0.17151 44210
0.171541 11391
0.171545 72184
0.171549 57605
0.171561 1401
0.171573 49591
0.171582 86925
0.171587 86152
0.17159 60982
0.171596 14759
0.171598 46198
0.171598 81078
0.171605 5567
0.171613 36771
0.171618 78471
0.171653 69239
0.171677 19875
0.171697 69791
0.171719 33966
0.171719 97518
0.171731 88027
0.171732 46692
0.171733 82454
0.171743 24682
0.171755 56575
0.171763 16092
0.17178 29609
0.171786 57752
0.171801 77637
0.171818 2123
0.171835 90776
0.171836 94934
0.171845 94442
0.171852 46042
0.171861 36457
0.171863 17479
0.171874 24017
0.171892 63612
0.171898 34912
0.17192 77141
0.171923 58325
0.17193 13273
0.171939 25187
0.17194 82897
0.171944 98867
0.171947 46309
0.171954 47246
0.171958 5803
0.171966 24821
0.172006 9784
0.172007 35485
0.172013 94766
0.172017 52856
0.17204 32822
0.172057 18462
0.172059 34470
0.172064 37281
0.172067 16793
0.172072 10099
0.172105 12115
0.172121 8160
0.172144 29455
0.17215 74997
0.172153 11088
0.172154 67543
0.172161 7423
0.172171 34679
0.172172 11306
0.172198 24397
0.172208 77535
0.172213 41814
0.172215 36164
0.172241 21368
0.172267 9797
0.172272 40689
0.172272 72038
0.172282 100856
0.172282 101856
0.172304 94525
0.172305 57531
0.172305 65330
0.172307 72046
0.172336 50482
0.172338 635
0.172344 61508
0.172345 4965
0.172358 97012
0.172365 48286
0.17237 60435
0.172394 17240
0.172395 6301
0.172396 69813
0.172401 5805
0.172401 70927
0.172406 28270
0.172407 61891
0.172415 23820
0.172422 74524
0.172434 59306
0.172471 9810
0.172477 19176
0.172501 33927
0.172504 52486
0.17251 60436
0.172517 15501
0.172517 4942
0.17252 47793
0.172524 37068
0.172528 73883
0.172531 11953
0.172545 50065
0.172582 76480
0.172587 52314
0.172587 90446
0.1726 94272
0.17261 63251
0.17261 77915
0.172622 90352
0.172627 65969
0.172627 67831
0.172635 58615
0.172641 32288
0.172655 94846
0.172656 96418
0.172675 19915
0.172683 37545
0.172717 42887
0.172721 99750
0.172726 18371
0.172744 42642
0.172759 58111
0.172793 75376
0.172807 26801
0.172807 66851
0.172808 54443
0.172811 34475
0.172815 90208
0.17282 14199
0.17282 61738
0.172824 40210
0.172853 69877
0.172854 90345
0.172885 17640
0.172893 23839
0.172896 59016
0.172906 59696
0.172907 44154
0.172929 77236
0.172943 40819
0.172948 17060
0.17295 66934
0.17296 46000
0.172982 78132
0.17299 99470
0.173019 85718
0.173029 40592
0.173031 54483
0.173033 53566
0.173044 47236
0.173055 80682
0.173056 81854
0.173057 75917
0.173082 93685
0.173092 66485
0.173147 12956
0.173168 100335
0.173168 101335
0.173173 69686
0.173178 91601
0.173181 87806
0.173184 42182
0.173194 23444
0.173208 7291
0.173215 64152
0.173215 75900
0.173221 17454
135 157