1 2
449
0.887678 37762
0.8877 96180
0.887718 92051
0.887733 84249
0.887738 73503
0.887762 6936
0.887797 43603
0.887811 86967
0.887812 60011
0.887818 57138
0.887828 60241
0.887831 80203
0.887839 33643
0.887845 9023
0.887859 91347
0.887863 58793
0.887869 53005
0.887885 83040
0.887888 48245
0.887902 82171
0.887908 80164
0.88791 32671
0.887911 54244
0.887914 19448
0.887931 38145
0.887934 24804
0.887935 9951
0.887936 48212
0.887936 57089
0.887946 29841
0.887956 11033
0.887957 68828
0.887973 56804
0.887983 62315
0.88801 67025
0.88802 72460
0.888023 93752
0.888025 28753
0.888029 97346
0.888045 24179
0.888061 83693
0.888085 187
0.888099 93173
0.888102 17238
0.888114 14604
0.888126 62440
0.888129 47476
0.888159 95846
0.888177 41614
0.888179 19238
0.888188 9562
0.888188 97926
0.888189 69584
0.888193 21750
0.888211 79116
0.888212 62330
0.888232 29131
0.888236 34697
0.888262 39558
0.888264 85442
0.888284 76566
0.888298 15557
0.888298 88870
0.888312 69398
0.888329 35728
0.888341 26946
0.88835 19063
0.888353 44249
0.888354 73523
0.888367 24491
0.888372 61533
0.888378 62611
0.888379 4282
0.888386 69939
0.888388 92489
0.888403 3232
0.888404 88695
0.888407 27165
0.88841 36520
0.888413 77816
0.888436 63410
0.888437 53535
0.888439 98116
0.88844 64327
0.88845 19852
0.888461 63258
0.888469 41114
0.888487 77061
0.888498 54149
0.888512 59134
0.888517 88507
0.888522 98474
0.888533 9952
0.888551 39360
0.888564 46057
0.888593 75942
0.888599 41078
0.888615 47098
0.888622 20590
0.888646 63987
0.888651 1409
0.888658 55473
0.888689 47408
0.888703 67714
0.888743 38695
0.888743 81402
0.888744 16448
0.888744 36218
0.888744 89957
0.888746 59724
0.88875 38889
0.888751 2948
0.888753 84338
0.888769 77078
0.888779 63232
0.888828 38153
0.88883 96687
0.888832 6886
0.888841 13592
0.888848 8407
0.888855 21337
0.888859 95218
0.888867 46227
0.888868 23723
0.88887 49338
0.888874 48945
0.888875 57759
0.888903 310
0.888919 82412
0.888919 94940
0.888924 92066
0.88893 16232
0.888931 26784
0.88896 99468
0.888966 15986
0.888979 32084
0.888994 8703
0.888995 22061
0.889003 90520
0.889039 80104
0.88904 68797
0.889058 48474
0.889062 33533
0.889062 96588
0.889076 53278
0.889089 97542
0.889094 25346
0.889094 80361
0.889098 84938
0.8891 94044
0.889119 16583
0.889131 36922
0.889136 60091
0.889139 23840
0.889143 35642
0.889158 60628
0.88916 81284
0.889161 73950
0.88919 20678
0.88919 88932
0.889193 66470
0.889206 26458
0.889207 66912
0.889214 76284
0.889225 37671
0.889229 78445
0.889234 76752
0.889249 65206
0.889258 9223
0.889269 96757
0.889278 39938
0.889284 22755
0.889288 36738
0.88929 35440
0.889308 3950
0.889309 62159
0.889314 48926
0.889314 63756
0.889326 99341
0.88935 28699
0.889354 57634
0.889357 84125
0.889362 50769
0.889386 65544
0.88941 62924
0.889413 2426
0.889426 63435
0.889427 50283
0.889441 69204
0.88945 70591
0.889452 95848
0.889463 37624
0.889472 60531
0.889482 21342
0.889511 42730
0.889513 27912
0.889514 85147
0.889516 15626
0.88952 39240
0.889528 22286
0.889535 87865
0.889535 91842
0.889536 54438
0.889539 36940
0.88954 82730
0.88954 92399
0.889545 42382
0.889558 51820
0.889565 70737
0.889567 60252
0.88957 48580
0.889573 4755
0.889578 27980
0.889578 79076
0.889582 76108
0.8896 55741
0.889604 61879
0.88963 71393
0.889639 15462
0.889644 68979
0.889653 54523
0.889668 74668
0.889671 74774
0.889681 46381
0.889689 10774
0.889691 91462
0.8897 93762
0.889707 39243
0.889715 59535
0.889723 81466
0.889724 34331
0.889725 65738
0.889734 68180
0.88974 26467
0.889743 16667
0.889748 64860
0.889759 89051
0.889782 77343
0.889786 77073
0.889796 73266
0.889801 29477
0.889811 91335
0.889814 5208
0.889815 82236
0.889819 22807
0.889821 62420
0.889831 55546
0.889849 86886
0.889868 57923
0.889885 613
0.889902 17099
0.889905 87776
0.88991 927
0.889922 57096
0.88994 37535
0.889955 18906
0.889964 70499
0.889971 66479
0.889997 7619
0.890034 57909
0.890035 55377
0.890045 26333
0.89005 23603
0.890063 75101
0.890068 42197
0.89007 12061
0.890077 62654
0.890089 66244
0.890094 33398
0.890094 65071
0.890097 84368
0.8901 97579
0.890135 85234
0.890148 22143
0.890149 37620
0.890152 56799
0.890166 31714
0.890187 33570
0.890189 91709
0.890192 35229
0.890218 65498
0.890229 52226
0.890234 89104
0.890252 15727
0.890296 32318
0.89031 95473
0.890317 89372
0.890318 66861
0.890339 89041
0.890344 80339
0.89036 42888
0.890384 44994
0.890388 26202
0.890403 22217
0.890406 31507
0.890412 100290
0.890435 68927
0.890458 87028
0.890472 99262
0.890483 76744
0.890503 45676
0.890506 60505
0.890512 61497
0.890513 20042
0.890514 10227
0.890517 5074
0.890521 96093
0.890554 18501
0.89056 5397
0.890585 77993
0.890588 98803
0.890609 27864
0.890616 91907
0.890621 79391
0.890634 75724
0.890649 10769
0.89065 82707
0.890653 2656
0.890663 18810
0.890674 85613
0.890685 44443
0.890699 8895
0.890718 43684
0.890719 56016
0.89072 32229
0.890723 33441
0.890727 51537
0.890731 599
0.890741 97722
0.890775 71202
0.890782 13900
0.890783 237
0.890789 29513
0.890791 19216
0.890856 87507
0.890867 38950
0.890869 54635
0.890873 25426
0.89088 92400
0.890891 94085
0.890897 86261
0.890901 66668
0.890909 68819
0.890952 86845
0.890958 85790
0.890963 59121
0.890963 73387
0.890963 9916
0.890972 29583
0.890982 89017
0.890985 64681
0.890992 1259
0.891002 56670
0.891009 11207
0.891022 24601
0.891039 298
0.891055 88245
0.891064 42432
0.89107 36347
0.891076 35785
0.891097 77835
0.891105 93601
0.891137 15207
0.891155 9665
0.891169 35534
0.891188 7234
0.891203 2417
0.891203 32025
0.891203 37660
0.891206 40728
0.891214 40967
0.891215 67215
0.891226 833
0.891227 71031
0.891233 66281
0.891239 37724
0.891248 92698
0.891256 47430
0.891259 1371
0.891261 94298
0.891265 77533
0.891268 79781
0.891287 81799
0.891291 57687
0.891297 26755
0.891306 42894
0.891321 86894
0.891326 12796
0.89133 95422
0.891338 54834
0.891342 25968
0.891363 78916
0.891381 5318
0.891396 21098
0.891397 14845
0.891399 54784
0.891401 80636
0.891411 74503
0.891431 88940
0.891437 45311
0.891442 59573
0.891463 67535
0.891482 91251
0.891487 28983
0.891525 67493
0.891528 14550
0.89153 99010
0.891543 24841
0.891544 33237
0.89156 65246
0.891568 29430
0.891579 23960
0.891591 85588
0.891598 45255
0.8916 69650
0.891607 71320
0.891612 26453
0.891612 40077
0.891626 27084
0.891653 79004
0.891656 60943
0.891671 36441
0.891672 5993
0.891676 48880
0.891677 47471
0.891684 25259
0.891698 80761
0.891702 77402
0.891703 80288
0.891715 71816
0.891718 8128
0.891723 30691
0.891762 57811
0.891765 35974
0.891765 84154
0.891784 39824
0.891784 93095
0.891799 71729
0.891802 65535
0.891804 40881
0.891829 78105
0.891829 98673
0.891845 81835
0.891848 44282
0.891871 13193
0.891871 35392
0.891879 33360
0.891881 63316
0.891893 65046
188 155