1 2
389
0.271406 53235
0.27143 38367
0.271431 82361
0.271433 65464
0.271444 9420
0.271456 28994
0.271458 7552
0.271464 91602
0.271474 47965
0.271505 56094
0.271509 33297
0.271523 46503
0.271542 89669
0.271544 7471
0.271547 97870
0.271552 23003
0.271569 4006
0.271582 3362
0.271591 44141
0.271601 62483
0.271622 39260
0.271626 6569
0.271638 61451
0.271642 38416
0.271676 61756
0.271692 47876
0.271699 6417
0.271726 69253
0.27174 71216
0.271746 36369
0.271764 24468
0.27177 89042
0.271771 97261
0.271795 30371
0.271797 29991
0.271802 64649
0.271804 28694
0.271809 65263
0.271821 71908
0.271857 66573
0.271858 13731
0.271877 20067
0.271878 98007
0.27188 31464
0.271883 20730
0.271907 10294
0.271907 77888
0.27192 15419
0.271935 60482
0.271936 84793
0.271943 2460
0.27196 10391
0.271985 24724
0.271992 8256
0.27202 338
0.272026 70621
0.27204 76405
0.272071 15781
0.272071 94218
0.272088 80243
0.27211 37548
0.272135 39265
0.272138 76742
0.272161 84258
0.272181 25192
0.272186 17598
0.272191 45247
0.272209 49521
0.272218 55786
0.27222 100029
0.272237 59718
0.272242 88190
0.272268 100387
0.272279 77440
0.27228 79964
0.272288 83204
0.272296 5950
0.272332 67226
0.272346 99029
0.27236 38365
0.272361 21594
0.272367 7845
0.272369 31424
0.272369 97963
0.272393 22056
0.272395 87614
0.272414 58449
0.272417 55406
0.27242 98632
0.272429 62529
0.272431 82207
0.272438 45632
0.272442 23538
0.272444 3924
0.272464 75328
0.272475 10781
0.272484 81007
0.272489 43180
0.2725 91378
0.272507 84679
0.272507 85852
0.272513 18057
0.272514 98953
0.272515 82725
0.272528 93338
0.272533 46959
0.272534 73951
0.272552 35317
0.272576 54593
0.272579 85842
0.272586 59583
0.272592 88194
0.27261 55089
0.272612 14629
0.272623 55567
0.272638 9789
0.272641 97076
0.272654 87340
0.272694 54737
0.272697 68822
0.272699 81602
0.272708 92726
0.272714 89053
0.27272 47616
0.272721 97095
0.272724 51005
0.272729 55489
0.272742 91420
0.27276 56872
0.272769 3803
0.272783 9760
0.272805 2624
0.272811 22429
0.272814 39793
0.272819 99132
0.27283 51490
0.272832 84901
0.272848 88102
0.272851 31170
0.27286 55318
0.272861 76791
0.272861 8190
0.272877 24673
0.272901 95827
0.272917 22538
0.272921 97753
0.272927 90762
0.272935 16235
0.272939 77013
0.272944 62696
0.272945 7769
0.272947 74953
0.272954 55060
0.272974 69549
0.272979 71760
0.272985 50393
0.272991 54842
0.272992 73145
0.273006 63521
0.273008 56096
0.273033 7104
0.273043 35164
0.273057 95571
0.273073 32422
0.273075 19485
0.27308 7830
0.273089 46437
0.27309 5221
0.273099 29706
0.273107 63393
0.273132 20989
0.273153 94913
0.273169 87651
0.273175 98084
0.27318 99636
0.273195 49087
0.273195 527
0.273215 75284
0.273216 18659
0.273228 18284
0.273231 2161
0.273241 13485
0.273242 6812
0.273251 76452
0.273255 70992
0.273283 2731
0.273287 84385
0.273294 52778
0.273298 5692
0.273308 35267
0.273315 40957
0.273315 80860
0.273327 55219
0.273331 9006
0.273332 20192
0.273334 35118
0.273334 757
0.273399 69288
0.273414 4078
0.273419 20334
0.273419 52014
0.273448 22408
0.273453 23970
0.273454 86532
0.273459 85326
0.273462 74779
0.273478 65158
0.27348 45872
0.273484 25093
0.273489 46406
0.273501 39677
0.273505 3019
0.273527 1083
0.273528 5059
0.273534 64554
0.27355 14715
0.273565 49193
0.27357 32184
0.273614 73942
0.273618 12037
0.273627 81344
0.273632 528
0.273638 27199
0.273661 74107
0.273667 98896
0.27367 74744
0.273675 91502
0.273684 17538
0.273686 91702
0.273694 37040
0.273695 70381
0.273697 36842
0.273697 43854
0.273708 70683
0.273708 87007
0.273716 86541
0.273737 80401
0.273744 86194
0.273777 96961
0.273779 52855
0.273791 11284
0.27381 12998
0.273828 6597
0.273828 95923
0.273842 19784
0.273855 83292
0.273856 67525
0.273888 21520
0.273906 67808
0.273912 25994
0.273925 82881
0.273936 32789
0.273951 48907
0.273967 79857
0.274 30639
0.274009 31543
0.274036 36196
0.274052 77383
0.274077 86430
0.274079 72358
0.274082 5279
0.274093 94759
0.2741 56550
0.274117 35692
0.274126 92468
0.27414 79386
0.274151 48210
0.27416 73459
0.274164 72288
0.274198 77097
0.274212 38077
0.274242 92720
0.274254 27124
0.274258 57750
0.274258 8992
0.274259 95162
0.274265 68107
0.274277 51831
0.274278 7978
0.274291 15846
0.274306 74741
0.274307 67883
0.274321 33048
0.274323 93182
0.274333 4706
0.274355 45977
0.274355 59488
0.274373 47403
0.274376 69289
0.274381 26278
0.274389 50181
0.274391 76317
0.274395 100818
0.274398 46620
0.274407 9362
0.274421 70327
0.274422 37194
0.274436 15808
0.274444 16305
0.274447 43483
0.274455 83593
0.274472 49446
0.274482 62548
0.274484 88847
0.274493 95082
0.274499 84008
0.274516 95725
0.274519 3020
0.274527 13851
0.27454 3889
0.27456 78198
0.274566 51289
0.274579 48599
0.27461 70259
0.274615 10814
0.274616 17082
0.274617 19400
0.274626 53245
0.274627 12844
0.274627 40646
0.274642 26542
0.274658 70022
0.274668 48758
0.274671 43148
0.274674 100179
0.274676 56746
0.274687 49890
0.274695 6493
0.274699 60566
0.2747 40501
0.274701 64347
0.274707 81756
0.27471 31638
0.274722 98168
0.274735 88673
0.274736 43052
0.27475 43718
0.274756 77121
0.274773 61293
0.274779 39585
0.274797 63002
0.274805 94924
0.274818 98556
0.274819 25690
0.274819 8514
0.27482 45442
0.274835 37830
0.274839 89181
0.274844 85731
0.274846 41201
0.274847 29949
0.274849 40369
0.274858 76055
0.274863 65346
0.274868 4907
0.274881 87303
0.274897 32965
0.274906 51823
0.274917 53979
0.274923 5673
0.274928 48944
0.274933 42682
0.274933 68556
0.274939 59407
0.274952 25944
0.274963 375
0.27498 21973
0.274985 72812
0.274988 83837
0.275009 57980
0.275026 61867
0.275027 3702
0.275027 95921
0.275045 56380
0.275065 47049
0.275069 43923
0.27507 30177
0.275078 86556
0.275081 21555
0.275089 16816
0.27509 37342
0.27511 13060
0.27514 73222
0.275145 94632
0.275152 79846
0.275153 42362
0.275158 5793
0.275159 21656
0.275194 76807
196 224