1 2
396
0.94788 45078
0.947888 63361
0.947933 76456
0.947959 22849
0.947961 68239
0.947965 19124
0.947979 67365
0.94799 56753
0.947997 66370
0.947998 70383
0.948006 63630
0.948014 92212
0.948015 81522
0.948028 46379
0.948044 26513
0.94806 39670
0.948081 98000
0.948082 31678
0.948084 31233
0.948086 62052
0.948087 12241
0.948089 70564
0.948091 54525
0.948093 50074
0.948112 64404
0.948114 2038
0.948118 27505
0.94813 96628
0.948132 82514
0.948136 370
0.948154 33812
0.948155 64359
0.948157 38275
0.948157 51595
0.94819 92562
0.948199 61546
0.94821 39416
0.948214 80018
0.94822 26519
0.948221 98778
0.948224 98057
0.948234 57109
0.948252 96296
0.948255 22915
0.948259 56612
0.948262 20441
0.948273 3088
0.948281 62113
0.948281 87802
0.948285 44070
0.948306 96300
0.948358 38197
0.948373 29830
0.948384 1151
0.948422 57311
0.948429 47071
0.948448 65946
0.948448 9149
0.948454 28216
0.948459 40640
0.94846 31114
0.948465 99436
0.948477 90881
0.94848 56614
0.948491 94754
0.948513 17187
0.948517 61733
0.948554 448
0.948569 30711
0.948578 28161
0.948582 43201
0.948596 16188
0.948608 16437
0.94861 14026
0.948612 13867
0.948613 65054
0.948646 37155
0.948649 33127
0.948649 46641
0.948657 69019
0.948668 44532
0.94867 201
0.948673 10257
0.948679 77105
0.948694 9384
0.948703 49425
0.948717 88934
0.948723 78221
0.948742 21522
0.948772 36107
0.948778 64383
0.948817 65990
0.948834 96055
0.948838 44880
0.948848 96987
0.948873 55244
0.948901 83558
0.948903 62904
0.948913 13654
0.948917 31215
0.948922 91581
0.948943 23128
0.948943 62670
0.948944 98742
0.948947 56465
0.948964 56739
0.948966 78123
0.948973 95691
0.948974 54530
0.948978 26160
0.949001 63782
0.949019 63855
0.949031 94078
0.949033 55727
0.949048 55441
0.949054 38966
0.949054 88383
0.949057 19070
0.949067 99743
0.949072 48828
0.949084 79321
0.949086 43918
0.949088 27366
0.94909 21226
0.949099 21332
0.949099 33562
0.949104 91918
0.949116 97549
0.949138 95005
0.949141 76077
0.949149 1700
0.949151 16536
0.949154 96269
0.949161 96102
0.949169 50344
0.949193 44177
0.949205 72219
0.949206 85160
0.949214 63476
0.949215 75603
0.949221 27778
0.949231 22608
0.949235 48529
0.949242 32864
0.949247 46197
0.949262 24394
0.949263 16212
0.949271 22679
0.949282 35367
0.949284 56607
0.949285 31847
0.949286 71231
0.949294 8262
0.949334 52934
0.949335 43015
0.94935 47401
0.949387 17998
0.949387 38223
0.949394 22916
0.949394 59950
0.949398 19103
0.949411 9827
0.949414 78734
0.949429 53254
0.949437 57973
0.949439 96720
0.949441 92293
0.949444 31534
0.949445 71277
0.949455 13740
0.949467 49039
0.949481 81250
0.9495 19116
0.9495 71271
0.949502 43515
0.949514 79419
0.949526 1500
0.949536 73043
0.949537 36851
0.94954 9940
0.949543 35605
0.949544 55256
0.949558 64022
0.949563 15695
0.949569 74232
0.949571 19085
0.949573 55782
0.949576 48268
0.949585 7174
0.949589 73399
0.94959 13614
0.949602 44013
0.949607 71778
0.949622 41011
0.949632 63025
0.949643 69896
0.949647 53578
0.949652 70622
0.949656 67506
0.949677 21940
0.94968 37987
0.949681 41919
0.94969 10328
0.949702 58528
0.949706 81448
0.949713 29508
0.949719 63
0.949723 92799
0.949728 43559
0.949766 93446
0.949768 31014
0.949781 23750
0.949784 4154
0.949811 71479
0.949824 6878
0.949828 50951
0.949834 64814
0.949838 89642
0.94985 48866
0.949854 54461
0.949856 78433
0.949868 4991
0.949871 83114
0.949878 20659
0.949892 70175
0.949893 7718
0.949903 49097
0.949904 31307
0.949931 78641
0.949953 95757
0.949956 53447
0.949967 6833
0.949973 48044
0.949978 94006
0.949978 94456
0.949989 5734
0.949995 4062
0.949997 21569
0.950019 96338
0.950048 7995
0.950051 36790
0.950053 8305
0.950056 28213
0.950072 5417
0.95008 60388
0.950082 5557
0.950091 85795
0.950095 71915
0.950107 47992
0.95011 17458
0.95011 82958
0.950196 75985
0.950209 25348
0.950209 68642
0.950217 37346
0.950248 64367
0.950252 71292
0.950254 42236
0.950264 14556
0.950282 15510
0.950292 33135
0.950295 7356
0.950304 56998
0.950332 4846
0.950353 65657
0.950356 20794
0.950365 57716
0.950366 90860
0.95037 12405
0.950383 38757
0.950406 9267
0.950415 645
0.950418 26770
0.95043 22353
0.950467 50204
0.950476 1120
0.950488 82699
0.950489 20327
0.950493 77819
0.950502 100603
0.950502 101603
0.950508 74912
0.950515 63511
0.950517 45195
0.950543 8844
0.950557 42205
0.950572 9815
0.950591 2974
0.950599 93152
0.95061 58302
0.950611 2246
0.950633 15514
0.95064 9855
0.950648 55221
0.950652 32338
0.950657 35649
0.950668 49173
0.950674 15445
0.950679 39259
0.950684 24687
0.950686 57982
0.950688 31254
0.95069 44800
0.950695 27447
0.950707 3968
0.950713 89982
0.950719 68967
0.950789 86500
0.950795 16133
0.950795 45982
0.9508 28498
0.95081 59642
0.950812 74732
0.950828 264
0.950833 17967
0.950833 511
0.950837 36366
0.950868 51502
0.95088 11767
0.950881 6609
0.950882 92756
0.950889 73717
0.950916 35600
0.950919 11503
0.95095 35217
0.950987 50
0.950989 88713
0.950998 33586
0.951013 10930
0.951039 89523
0.951068 28294
0.951074 37282
0.951075 73822
0.951113 48396
0.951122 33607
0.951161 35615
0.951171 23312
0.951194 70487
0.951208 60542
0.951227 64026
0.95123 23709
0.951235 37939
0.951239 72463
0.951239 90153
0.951242 96518
0.95125 19778
0.951284 56792
0.951288 64440
0.95131 66360
0.951332 100772
0.951332 101772
0.951349 72597
0.951356 6047
0.951394 49440
0.951395 54816
0.951407 96627
0.951413 57129
0.951424 32938
0.951438 92570
0.951457 61081
0.951459 86619
0.951478 90641
0.951484 83356
0.951493 55790
0.951496 60711
0.951516 43328
0.951516 97042
0.95152 44529
0.951542 36818
0.951555 7209
0.951561 1308
0.951562 100388
0.951562 101388
0.951565 100389
0.951565 101389
0.951567 69617
0.95157 84228
0.951598 13652
0.951614 90986
0.951615 79806
0.951618 26575
0.951624 57313
0.951645 91312
0.951656 68992
0.951676 73658
0.951682 92497
0.951688 94228
0.951708 784
0.951714 7425
0.951717 4150
0.951718 1420
0.951741 26591
0.951762 40440
0.951772 27420
0.951777 6413
0.95178 1807
194 164