1 2
426
0.617373 20098
0.617437 96319
0.617441 57420
0.617443 90256
0.617472 14348
0.617486 63457
0.617494 20501
0.617499 4611
0.617502 55299
0.617505 58239
0.617519 20257
0.617521 93060
0.617528 22813
0.617541 47565
0.617549 25162
0.617554 5933
0.617572 40551
0.617573 56193
0.617573 6736
0.617584 44502
0.617594 23045
0.617594 66150
0.617608 54771
0.61761 35111
0.617617 98548
0.617629 69196
0.61763 37330
0.617639 65385
0.617641 29132
0.617644 79989
0.617649 87400
0.617651 42173
0.617662 37653
0.617662 401
0.617665 95588
0.617689 83546
0.617712 38330
0.617712 58866
0.617714 60663
0.617737 88006
0.617756 29229
0.617757 47598
0.617769 66997
0.617779 61297
0.617804 99333
0.617819 49390
0.617852 17351
0.617864 2087
0.617866 34657
0.617875 56910
0.61788 89216
0.617881 86743
0.617889 54319
0.6179 50159
0.617907 46805
0.617922 5069
0.617923 86378
0.617947 85684
0.617958 27118
0.617966 32652
0.617967 84861
0.617977 81280
0.617992 2893
0.617996 38321
0.618003 13757
0.618003 18503
0.618008 80159
0.618015 55676
0.618027 19753
0.618029 40214
0.618029 76369
0.618035 38411
0.618039 15306
0.618065 4305
0.618071 86799
0.61809 34516
0.61811 48881
0.618113 71648
0.618147 86915
0.618153 65745
0.61817 21375
0.618176 49153
0.61818 77130
0.618186 96662
0.618189 17432
0.618191 44215
0.618212 22427
0.618212 60942
0.618212 98292
0.618217 17712
0.618222 20600
0.618241 97678
0.618246 95031
0.61827 86475
0.618292 46656
0.618295 29877
0.618309 76144
0.618321 23819
0.618352 50452
0.618356 95867
0.618358 82932
0.618365 52541
0.618387 34393
0.618402 29087
0.618422 49238
0.618423 91291
0.61843 77864
0.618434 78377
0.618443 58240
0.61845 98380
0.618465 53258
0.618472 76950
0.618478 91195
0.618482 52333
0.618483 21670
0.618534 17529
0.618543 78454
0.618548 53315
0.618558 80486
0.618566 79798
0.618574 23302
0.618578 37581
0.618649 25966
0.618663 21110
0.618669 59774
0.618687 58928
0.618702 55576
0.618705 30385
0.618705 94429
0.618707 27635
0.618716 98786
0.618724 13442
0.618725 16050
0.618726 85829
0.618731 85554
0.618745 28949
0.618754 93342
0.618798 1037
0.618799 75571
0.618804 583
0.618804 85815
0.618815 80684
0.618817 74945
0.618822 44159
0.618822 82577
0.618835 61248
0.618841 23574
0.618841 2831
0.618842 95067
0.618843 84575
0.618852 18150
0.618852 26924
0.618864 77469
0.61887 50333
0.618873 18637
0.618873 3141
0.618891 42694
0.618895 4383
0.6189 57015
0.618904 62778
0.618918 83444
0.618923 25978
0.618923 45862
0.618929 34633
0.61893 64024
0.618933 96512
0.61894 39441
0.61894 7141
0.618948 9945
0.618966 38227
0.619015 33613
0.619025 72391
0.619031 23067
0.619035 42286
0.619039 77729
0.61905 33600
0.619057 43409
0.619074 64246
0.61908 22940
0.619091 74756
0.619107 25405
0.619128 92131
0.619142 86333
0.61915 1586
0.619163 75580
0.619173 1331
0.619212 2057
0.619216 23999
0.619216 57708
0.619222 51403
0.619228 46521
0.619272 33922
0.619298 85121
0.619309 39049
0.619317 25475
0.619327 93031
0.619328 52598
0.619371 7908
0.619405 67357
0.619409 92710
0.619436 23028
0.61945 39660
0.619457 47065
0.619457 93400
0.619466 20683
0.619472 42263
0.619473 40297
0.619475 59643
0.619477 45997
0.619479 53210
0.619497 81477
0.619512 65252
0.619521 91902
0.619531 19234
0.619539 55478
0.61954 69891
0.619541 34496
0.619544 83347
0.61957 23453
0.61958 97783
0.619581 69904
0.619582 82024
0.619586 2821
0.61959 65825
0.619607 19440
0.619618 11901
0.619622 42602
0.619636 38282
0.619641 38562
0.619644 73161
0.619663 74224
0.619689 59986
0.619695 57495
0.619708 5455
0.619711 72182
0.61973 97774
0.619739 49665
0.619742 45301
0.619761 45717
0.619785 47867
0.619787 98950
0.619789 60181
0.619804 99573
0.619809 76779
0.61981 10160
0.619818 34703
0.619827 45143
0.619829 51528
0.619836 82475
0.619837 31927
0.619839 17133
0.619863 45204
0.619876 38704
0.619879 23014
0.619881 27757
0.619888 41256
0.619896 54178
0.619898 9278
0.619901 9877
0.61992 89238
0.619934 96653
0.619951 68951
0.619956 78941
0.619973 2636
0.61998 5185
0.619981 65241
0.620001 78673
0.620003 19
0.620014 45051
0.620015 28711
0.620034 68745
0.620045 86499
0.62007 55601
0.620079 37329
0.620097 17708
0.620099 84076
0.620111 92207
0.620118 97718
0.620145 62936
0.620151 50735
0.620153 43436
0.620158 77772
0.620163 64078
0.620163 90801
0.620178 45726
0.620194 18292
0.620194 99813
0.620213 43819
0.620225 51523
0.62023 74766
0.620242 86762
0.620248 31096
0.620249 74202
0.620254 70753
0.620263 27531
0.620264 92500
0.62027 70376
0.620272 48718
0.620282 71603
0.620283 53529
0.620295 58720
0.62031 2795
0.620313 24005
0.620325 41397
0.620331 59318
0.62035 75786
0.620354 10347
0.620357 87617
0.62038 14546
0.620388 33376
0.620391 11241
0.620392 51936
0.620399 25780
0.620405 38635
0.620413 51156
0.620428 91713
0.620431 2725
0.620432 8205
0.62045 3377
0.620477 75409
0.620478 85725
0.62049 71700
0.620504 35420
0.620507 18164
0.620537 37299
0.620551 98821
0.620561 66505
0.620565 80964
0.620566 11108
0.620566 51050
0.620572 54699
0.620574 68482
0.620575 81287
0.620579 92113
0.620595 24639
0.620601 78616
0.620619 87929
0.620628 7029
0.620632 35427
0.620664 74921
0.620674 75126
0.62068 47976
0.620698 4144
0.620699 8149
0.6207 92748
0.620706 29265
0.620711 80618
0.620719 42207
0.620719 61310
0.620725 10173
0.620726 44991
0.620738 82354
0.620776 11906
0.620777 61202
0.620779 27319
0.620788 89678
0.620794 80372
0.620797 34785
0.620803 88275
0.620815 90326
0.620836 79764
0.620847 50236
0.620847 5487
0.620851 1876
0.620852 69229
0.620863 98797
0.620869 34064
0.620883 83921
0.620884 10631
0.620888 34826
0.620907 179
0.620915 23064
0.620932 86195
0.620947 7759
0.62095 82215
0.620951 53518
0.620955 64289
0.620967 96882
0.620968 93316
0.620977 61808
0.620979 50150
0.620984 94787
0.620989 42503
0.620997 40104
0.621025 88729
0.621031 75508
0.621038 78375
0.62104 53262
0.621042 31667
0.621043 26959
0.621064 25951
0.621074 67778
0.621081 69425
0.621085 93718
0.621091 12330
0.621099 39160
0.621101 57745
0.621108 50303
0.621115 20592
0.621123 18984
0.621178 66427
0.621183 28867
0.621186 43448
0.621195 44945
0.621221 3642
0.621228 52432
0.621273 55187
0.621279 41724
0.621282 95558
0.621298 69053
0.621306 47212
0.62131 35341
0.621323 41767
0.621345 66138
0.621348 95918
0.621354 90790
0.621368 57979
0.621382 33300
0.621386 29887
0.621398 96567
0.621423 70182
0.621431 55178
0.621436 6848
0.621468 98191
0.621476 50160
0.621482 28992
208 145