1 2
256
0 0.378381
0.000295 969
0.003849 930
0.005844 1130
0.007574 1036
0.011908 973
0.012537 1113
0.016224 1099
0.018441 958
0.028732 1097
0.028823 939
0.032284 997
0.034554 995
0.039908 913
0.044892 946
0.050416 942
0.068158 1056
0.068304 956
0.079966 1014
0.083819 1111
0.092434 975
0.092639 1092
0.095952 976
0.096517 933
0.099422 1048
0.105728 1060
0.106024 1135
0.10746 1143
0.107493 1057
0.1157 1032
0.123312 1071
0.129771 1027
0.141868 981
0.142283 990
0.149649 1148
0.151094 1033
0.15224 1085
0.160409 991
0.164122 1034
0.164978 932
0.166196 1090
0.173796 1132
0.184903 974
0.185358 938
0.188211 1110
0.188339 909
0.191587 1082
0.192593 1009
0.197316 1030
0.207338 1100
0.207416 1067
0.209676 1106
0.210614 985
0.214506 1122
0.215895 1062
0.216496 950
0.226593 940
0.228737 1128
0.230047 1150
0.231199 987
0.233379 919
0.233449 959
0.242759 980
0.254126 1084
0.258569 992
0.260586 1017
0.261309 965
0.265124 1072
0.267752 937
0.273527 1083
0.276622 972
0.277629 962
0.280139 1000
0.282277 947
0.287344 1144
0.288211 1149
0.290614 1139
0.290935 1141
0.291075 1011
0.294473 989
0.297934 918
0.300849 902
0.302821 1081
0.304212 945
0.32091 1047
0.329665 1046
0.339929 1145
0.342539 1131
0.345352 1023
0.347188 978
0.351925 960
0.353806 915
0.35561 924
0.363698 1098
0.367068 912
0.368647 905
0.369873 1117
0.372162 1068
0.375665 971
0.376546 1091
0.38018 983
0.386171 1035
0.39923 934
0.400193 929
0.401553 901
0.404072 994
0.410332 1031
0.412287 979
0.412996 1024
0.419525 931
0.424837 941
0.426146 936
0.427451 1028
0.431166 999
0.437752 1010
0.437975 1012
0.441291 1002
0.44451 1124
0.445526 963
0.449018 1064
0.452695 911
0.452696 1041
0.453894 916
0.464488 910
0.465 1146
0.465339 1065
0.46721 1153
0.470567 1088
0.47164 904
0.472602 986
0.473561 1039
0.474938 1013
0.484098 1103
0.484973 922
0.491118 926
0.501484 970
0.511196 1096
0.511295 1004
0.519952 1105
0.524279 1101
0.529169 984
0.535189 1112
0.540452 952
0.54958 953
0.553115 1063
0.554098 998
0.554245 944
0.554639 1134
0.5571 1086
0.563 988
0.5675 1005
0.568145 1147
0.58427 977
0.588057 949
0.590786 920
0.596652 1152
0.612853 1087
0.618798 1037
0.622265 1125
0.62313 1019
0.623929 1070
0.629365 1042
0.63095 948
0.634177 1075
0.63633 1109
0.638935 1049
0.639542 1061
0.640297 1115
0.64892 967
0.65487 1059
0.658697 1038
0.659526 1108
0.660835 1077
0.671261 1008
0.671309 996
0.675256 134
0.675256 2322
0.675751 418
0.676345 847
0.676511 908
0.676653 172
0.676664 1050
0.677938 691
0.678676 429
0.678811 741
0.679859 968
0.68031 244
0.682672 164
0.683825 645
0.684136 966
0.684826 553
0.685358 583
0.686224 690
0.68671 686
0.687594 925
0.689018 961
0.690362 671
0.692251 551
0.693422 281
0.69358 406
0.695814 1015
0.697286 680
0.69804 327
0.698163 512
0.698714 490
0.698945 1118
0.699457 470
0.701576 732
0.704761 286
0.704807 1080
0.70545 423
0.705516 625
0.707507 755
0.708809 542
0.709757 188
0.710533 868
0.710729 192
0.714311 704
0.714558 537
0.714674 253
0.715967 891
0.720221 266
0.720429 748
0.722117 872
0.723023 578
0.725528 283
0.725659 709
0.727047 307
0.728864 543
0.730434 448
0.732384 247
0.733448 332
0.736516 298
0.739572 1045
0.740345 597
0.741558 717
0.743112 401
0.743505 562
0.743718 202
0.745353 1116
0.746927 835
0.746952 1043
0.747931 752
0.749266 1044
0.750067 604
0.750751 417
0.751458 491
0.753736 167
0.75413 357
0.75486 1094
0.75561 899
0.756038 729
0.756692 474
0.756734 594
0.756741 838
0.756904 201
2