1 2
440
0.137142 18492
0.137155 69283
0.137158 64264
0.137163 68416
0.137164 18799
0.137171 17018
0.137182 610
0.137223 74170
0.137224 49497
0.137239 78325
0.137255 16626
0.137257 95071
0.137262 23809
0.137268 70216
0.137281 46942
0.137287 56832
0.13729 53127
0.137299 24651
0.137306 29983
0.137308 38023
0.137311 1511
0.137319 86450
0.137335 58091
0.13736 94138
0.137371 45504
0.137392 47601
0.137424 16466
0.137429 31270
0.137438 18416
0.137444 9334
0.137446 25284
0.137446 4314
0.137448 70497
0.137451 89714
0.137462 65180
0.137463 55222
0.13747 39032
0.137489 59119
0.137505 28481
0.137506 2489
0.137512 98655
0.137517 59876
0.137526 64516
0.137527 21463
0.137527 39287
0.137557 85016
0.13756 90443
0.137564 79231
0.137567 71692
0.137586 13046
0.137602 66413
0.137609 74304
0.137619 23734
0.137645 75429
0.137646 30310
0.137649 37781
0.13766 32448
0.137696 8841
0.137697 27171
0.137718 25679
0.137733 89138
0.13774 33467
0.137757 8818
0.137765 29713
0.137773 9745
0.137775 71807
0.137792 4805
0.137801 30033
0.137817 55045
0.137841 73071
0.137865 58453
0.137869 3134
0.13787 87966
0.137877 84191
0.13788 26829
0.137882 93133
0.137886 92001
0.137893 68596
0.137901 13861
0.137902 50703
0.137923 52038
0.137927 34641
0.137934 93941
0.137941 28491
0.137956 62728
0.137967 57996
0.137969 14858
0.137989 4727
0.137992 77241
0.137998 50727
0.138012 77907
0.138013 20328
0.138014 48135
0.138025 68348
0.138026 24888
0.138026 48471
0.138041 88114
0.138063 60699
0.138074 73133
0.138081 72447
0.138084 2788
0.138092 3842
0.138106 42955
0.13811 100743
0.13811 101743
0.138113 15079
0.138116 78202
0.138126 35221
0.138133 77310
0.138137 16202
0.138144 81492
0.138145 98883
0.138161 100273
0.138161 101273
0.13817 41784
0.138173 94765
0.138177 49423
0.138182 49229
0.138193 37262
0.138193 96457
0.138198 40061
0.138204 4816
0.138218 39997
0.138221 47890
0.138227 31706
0.138235 46580
0.138241 72560
0.138243 6881
0.138254 89912
0.138293 68375
0.1383 89733
0.138304 85351
0.138326 75389
0.138334 86304
0.138349 43976
0.138349 74279
0.138362 32463
0.138365 57722
0.138368 44140
0.1384 12257
0.138407 26599
0.138453 16706
0.138456 43706
0.138457 79885
0.13846 48426
0.138464 45300
0.138464 73668
0.13847 71957
0.138485 26087
0.138498 48271
0.1385 15953
0.138505 32682
0.138514 41603
0.138516 96846
0.138525 32042
0.138531 72576
0.138534 63588
0.138547 89617
0.138597 7708
0.138598 99422
0.138635 68802
0.138648 48910
0.13865 6105
0.138674 30802
0.138677 58717
0.138679 37674
0.1387 46725
0.138707 18639
0.138721 54877
0.138722 6146
0.138732 95595
0.138735 99364
0.138746 65941
0.138746 78946
0.138752 67661
0.138764 80822
0.138769 51522
0.138796 97702
0.1388 33818
0.138807 27097
0.138811 58722
0.138831 31118
0.138833 16121
0.138843 61679
0.138844 32107
0.138884 75426
0.138886 10244
0.138891 9466
0.138903 62469
0.138929 6964
0.138943 77260
0.138946 39154
0.13895 16863
0.138954 35595
0.138958 31840
0.138971 62656
0.13898 10245
0.13898 47631
0.138993 99831
0.139009 74834
0.139011 96148
0.139039 82677
0.139047 83838
0.139051 93803
0.139092 40231
0.139094 69205
0.139101 45373
0.13912 4881
0.139123 87428
0.139125 53300
0.13914 18413
0.139165 37264
0.139166 12808
0.139186 743
0.139202 853
0.139206 18206
0.139239 376
0.139255 69086
0.139265 84297
0.139271 55344
0.139276 44608
0.139282 88437
0.139284 65337
0.139287 19032
0.139291 85610
0.139302 9180
0.139322 55791
0.139335 5002
0.139338 94022
0.139414 63070
0.139425 67538
0.13943 12520
0.139436 30633
0.13944 22304
0.13944 51088
0.139449 40255
0.139453 72960
0.139459 69906
0.139459 71174
0.139464 5396
0.139467 374
0.139476 83793
0.139483 25959
0.139517 86103
0.139527 78129
0.13953 47893
0.139539 63660
0.139539 79599
0.139543 72575
0.139544 92028
0.139544 96277
0.139549 100045
0.139549 101045
0.139549 102045
0.139576 44231
0.139591 45421
0.13961 15839
0.139617 29469
0.139621 3574
0.139629 85784
0.139635 74815
0.139641 84493
0.13965 60807
0.13966 86612
0.139663 63953
0.139675 44743
0.139679 82766
0.139681 74021
0.139687 1212
0.139699 71777
0.139702 12637
0.139703 35679
0.13971 67577
0.13972 13183
0.139724 74763
0.139732 44969
0.139751 94353
0.139756 98498
0.139766 73520
0.139799 90330
0.139801 32085
0.139808 48806
0.139831 59567
0.139834 77823
0.139871 18201
0.139875 21457
0.139883 56292
0.139891 46215
0.139907 21304
0.139926 6724
0.139927 69186
0.139933 24558
0.139949 21374
0.139956 71707
0.13996 69611
0.139972 70326
0.139985 48173
0.139988 68651
0.140001 67107
0.140012 55
0.140023 95154
0.140065 87236
0.140066 77683
0.14007 66229
0.140077 89122
0.140104 68891
0.140106 2780
0.140122 81939
0.140126 17066
0.14013 30574
0.140139 80852
0.140141 1441
0.140151 5955
0.140156 86553
0.140163 51029
0.140166 47857
0.140178 78534
0.140187 23305
0.140205 76064
0.14022 95079
0.140261 29128
0.140264 23285
0.140279 84989
0.140283 4946
0.140286 33705
0.140331 6777
0.14034 19204
0.14037 96587
0.140374 25433
0.140408 23301
0.140429 41424
0.140429 54220
0.140453 38426
0.140464 68290
0.14048 96651
0.140491 42886
0.140495 28448
0.140506 52009
0.140517 409
0.14052 97376
0.140527 21968
0.14054 16344
0.140569 50105
0.140572 57905
0.140573 23326
0.140578 72183
0.140581 46935
0.14059 10412
0.140591 79125
0.140603 81300
0.140612 81497
0.140635 54642
0.140654 30641
0.140694 40627
0.140734 39982
0.140743 81892
0.140756 74214
0.14076 100430
0.14076 101430
0.14076 45902
0.140778 89094
0.140785 63206
0.140787 51464
0.140798 94286
0.140817 44901
0.140824 78813
0.140829 74332
0.14084 24626
0.140846 18689
0.140866 76831
0.140873 65068
0.140889 2308
0.14089 41964
0.140895 54514
0.140898 98934
0.140912 53758
0.140937 17008
0.140938 616
0.140943 81739
0.140944 62795
0.140944 92451
0.140952 63541
0.140961 87311
0.140984 20906
0.140991 20967
0.141005 1917
0.141008 20009
0.141022 47308
0.141032 79080
0.14105 7709
0.141053 97543
0.141057 34535
0.141082 42070
0.141095 12128
0.141095 32793
0.141106 13559
0.141109 68561
0.141141 70502
0.141177 61914
0.141178 93458
0.141179 66092
0.141183 50341
0.141186 35587
0.141188 51862
0.141192 70633
0.141195 18818
0.141208 84988
0.141217 14301
0.141221 5161
0.141227 36779
0.141237 16352
0.141243 41043
0.141248 95612
0.141255 32118
0.141259 75469
0.141273 16145
0.141286 75480
0.141307 27934
0.141313 88041
0.141323 54008
0.141343 64202
0.141346 32574
0.141379 59220
0.141394 44619
0.141418 42226
0.14142 5439
0.141432 52902
0.141438 69976
0.141446 96081
0.141452 41586
0.141457 46963
0.141469 19306
0.141473 87554
0.141482 7371
0.141496 27472
0.1415 45122
0.141517 43891
0.141519 20990
0.141519 67129
0.141577 99066
204 156