1 2
374
0.043673 61769
0.043711 3049
0.043712 71059
0.043729 59595
0.043735 74328
0.043742 19350
0.043767 66032
0.043769 65088
0.043778 62981
0.043779 61119
0.043782 61287
0.043787 58680
0.04379 40618
0.04379 81021
0.043808 19976
0.043815 42202
0.043818 44393
0.043823 60133
0.043828 24511
0.04384 39093
0.043844 14210
0.043855 98312
0.043856 4890
0.043857 27478
0.043892 86664
0.043899 49248
0.043902 72321
0.043904 86300
0.043908 59387
0.043911 19035
0.043914 49279
0.043922 49868
0.043922 62797
0.043931 28077
0.043932 96339
0.043942 26907
0.043957 69221
0.043958 7355
0.04396 87731
0.043963 54472
0.043998 15238
0.043998 22510
0.044021 42514
0.044024 86676
0.044031 57581
0.044068 9445
0.04408 36557
0.044081 88436
0.044083 98348
0.044097 61773
0.044106 24080
0.044117 88191
0.04413 59726
0.044144 14321
0.044145 89184
0.04415 88663
0.044164 80526
0.044172 64313
0.044185 17375
0.044201 37279
0.044201 64967
0.044223 351
0.044227 89559
0.044228 65401
0.044267 19286
0.044281 35625
0.044284 49766
0.044287 5809
0.044325 49539
0.044325 92882
0.044356 26142
0.044357 75452
0.044401 54159
0.044418 67566
0.044435 94881
0.044437 61225
0.04444 13953
0.044441 38903
0.044451 32975
0.044467 27075
0.044476 86592
0.044498 94342
0.044517 72665
0.044517 78062
0.044526 18539
0.044535 29100
0.044539 40677
0.044542 13940
0.044551 39678
0.044558 40991
0.044561 57599
0.044566 44871
0.044589 12411
0.04461 7410
0.044613 50386
0.044625 27227
0.044639 16399
0.044648 70331
0.044655 30930
0.044678 99652
0.044685 81724
0.044716 68953
0.044728 14869
0.044756 18528
0.04476 2240
0.044762 29001
0.044766 2499
0.04477 54884
0.044772 21684
0.044781 94439
0.044789 63290
0.044806 46606
0.04481 99347
0.044817 11909
0.044817 69596
0.044825 50054
0.044827 21008
0.04484 84399
0.044842 1425
0.044863 74771
0.044869 28410
0.044875 69312
0.044883 87638
0.04489 83870
0.044892 946
0.044894 17536
0.044899 10252
0.044901 16647
0.044914 13951
0.044919 25993
0.04492 46523
0.044926 97051
0.044929 27104
0.04493 38864
0.044939 93320
0.044945 13320
0.044946 36388
0.044947 71118
0.044953 93443
0.044964 43661
0.044972 29789
0.044976 15113
0.044976 16618
0.044978 19327
0.044979 15071
0.044987 12555
0.044996 93938
0.045001 39473
0.04501 11527
0.04501 98722
0.045022 19995
0.045037 77856
0.045044 33963
0.045048 99242
0.045051 16477
0.045053 60478
0.045056 27965
0.045057 95768
0.045062 74575
0.045073 82466
0.04508 46084
0.045087 21351
0.045096 28391
0.045111 76616
0.045113 54763
0.04513 92304
0.045154 88070
0.045155 25941
0.045157 8254
0.045161 49480
0.045165 45334
0.045177 25194
0.045178 26446
0.04518 8676
0.045183 23911
0.045196 80405
0.045198 46812
0.045198 79908
0.045203 72005
0.045216 96723
0.045229 43740
0.045235 99889
0.045249 51921
0.045255 87283
0.045258 93892
0.04526 39526
0.045261 38009
0.045268 54678
0.045274 87788
0.045281 28070
0.045288 21344
0.045307 32868
0.045312 24939
0.045321 41064
0.045323 74441
0.045325 19478
0.045342 62158
0.045349 59883
0.045353 71473
0.045361 54656
0.045378 49149
0.045383 43508
0.045384 83564
0.045387 74568
0.045388 87374
0.045391 73395
0.045395 78159
0.045404 9015
0.045418 13162
0.045427 80471
0.045429 58863
0.045432 3734
0.045436 50382
0.045452 55636
0.045465 45274
0.045469 90324
0.045488 17393
0.04549 12367
0.045491 47609
0.045494 29804
0.045501 10474
0.045503 66445
0.045508 91784
0.045526 30567
0.045545 4243
0.04555 64463
0.045553 84467
0.045564 50094
0.045576 31243
0.045577 25903
0.045584 2812
0.045592 5696
0.045593 13545
0.045593 81645
0.045607 97714
0.045619 12112
0.045661 9700
0.045665 71517
0.045675 5119
0.045687 75435
0.045699 43123
0.04571 15467
0.045719 91732
0.045722 44922
0.045722 73694
0.04573 22219
0.045736 94087
0.045742 6361
0.045744 29109
0.045749 27207
0.045756 80686
0.045767 95232
0.045788 57594
0.045794 62458
0.045802 59080
0.045802 65239
0.045818 22411
0.045833 18187
0.045836 3444
0.045839 2804
0.045857 64129
0.045866 7225
0.045876 90533
0.045902 4754
0.045904 52132
0.045919 69656
0.045928 95466
0.045933 86767
0.045934 89506
0.04594 65592
0.04595 67724
0.045962 74720
0.045962 85038
0.045974 11228
0.045988 18109
0.046024 32972
0.046036 67913
0.046036 95917
0.046045 37195
0.046045 89985
0.046062 7048
0.046067 43354
0.046071 21398
0.046072 9595
0.046076 59745
0.046079 53760
0.046085 51931
0.046102 706
0.046113 49402
0.046122 63351
0.04613 64632
0.046133 62484
0.046154 45280
0.046159 68230
0.046164 4021
0.04618 38068
0.046195 45270
0.046202 47853
0.04621 10972
0.046223 86280
0.046225 45126
0.046232 68092
0.046246 65132
0.046255 19131
0.046275 2188
0.046294 1388
0.046296 79510
0.046298 95783
0.046317 89971
0.046324 8300
0.046341 92757
0.046364 80819
0.046409 57470
0.046409 98831
0.046432 51446
0.046434 90766
0.046436 7721
0.046438 1534
0.046439 91797
0.046446 34696
0.046463 38614
0.046464 9354
0.046465 19800
0.046469 46874
0.046485 99984
0.046501 93577
0.046507 43043
0.046513 72927
0.046522 23032
0.046528 48550
0.046528 7113
0.046531 71883
0.046531 76459
0.04654 30197
0.046543 79071
0.04656 40325
0.046562 35265
0.046588 7403
0.046589 38098
0.046593 84319
0.046604 24476
0.046609 71035
0.046612 33153
0.046616 89896
0.046638 21557
0.046642 99977
0.046656 62585
0.046666 51274
0.046673 24500
0.046675 72389
0.046709 87718
0.046714 50517
0.046745 32771
0.046769 36791
0.046773 19466
0.046782 54821
0.046791 5988
0.046817 16615
0.04683 91663
0.046834 59574
0.046838 3891
0.04686 36467
0.046863 15702
0.046906 56523
0.046919 16208
0.046923 52689
0.046926 23015
0.046939 51569
0.046948 19723
0.046962 67255
0.046974 16653
0.046977 31005
0.046987 85880
0.046988 23168
185 200