1 2
387
0.429915 27347
0.429921 64758
0.429944 89198
0.429965 53237
0.429981 69460
0.429991 89247
0.430001 18764
0.43002 54247
0.430034 94581
0.430041 21164
0.430047 28789
0.430069 77854
0.430085 12514
0.430112 8083
0.43012 15285
0.430133 86088
0.430138 96410
0.430141 21944
0.430163 67477
0.430174 97452
0.430175 31163
0.430179 73447
0.43018 74616
0.430207 67150
0.430244 64932
0.430246 94128
0.430252 49616
0.43026 10762
0.430273 28073
0.430278 46507
0.430296 7195
0.43034 47671
0.430343 5758
0.430348 87084
0.430357 83986
0.430368 24660
0.43037 74336
0.430379 62763
0.430381 73377
0.430386 96513
0.430389 90904
0.430413 84902
0.430421 48988
0.430425 580
0.430428 46106
0.430432 6619
0.430434 71588
0.43044 23541
0.430444 99685
0.430462 94282
0.430463 57941
0.430466 30484
0.430467 9696
0.430479 27622
0.430479 37527
0.430479 56798
0.430496 37340
0.430498 29349
0.430499 11453
0.430511 49709
0.430513 9926
0.430514 86458
0.430524 35153
0.430527 26895
0.430534 26880
0.430561 3193
0.430573 24507
0.430584 15809
0.430589 38636
0.430613 47643
0.430619 47282
0.430629 90900
0.430631 33329
0.430637 69214
0.430647 13505
0.430651 58262
0.43066 1841
0.430662 1575
0.430663 89587
0.430676 58399
0.43068 19534
0.430689 54046
0.430726 28505
0.430745 7754
0.430748 63658
0.430755 21235
0.430756 63871
0.430767 14256
0.430767 25860
0.430785 87349
0.430795 6631
0.430802 94357
0.430804 86306
0.430809 52020
0.430813 96211
0.430816 89318
0.430826 27191
0.43084 55394
0.430851 27081
0.430851 386
0.430861 99559
0.430862 78299
0.430868 16595
0.430907 97407
0.430908 61816
0.430936 74086
0.430949 21483
0.43095 44028
0.430955 1970
0.43096 50297
0.430971 19596
0.430984 77019
0.431003 35102
0.43101 45342
0.431045 85742
0.431047 41980
0.43105 76711
0.431076 92864
0.431089 55274
0.431089 84173
0.43109 45241
0.431099 79329
0.431103 7528
0.431103 91007
0.431126 51358
0.431127 79983
0.43113 67952
0.431144 90339
0.431163 31580
0.431166 999
0.431174 86374
0.431175 5643
0.431182 29097
0.431197 80043
0.431208 72181
0.431216 33372
0.431223 45936
0.431228 58515
0.431233 28604
0.431239 72065
0.431243 71790
0.431243 72982
0.431248 76174
0.431282 67410
0.431292 97403
0.4313 29202
0.43132 51039
0.431325 6381
0.431342 15227
0.431344 11837
0.431349 13104
0.431368 84570
0.431376 49882
0.431403 33452
0.431405 81297
0.431413 46816
0.43144 22251
0.431451 33155
0.431452 102
0.431456 66673
0.431468 9754
0.431494 14575
0.431497 72866
0.431505 43574
0.431524 82603
0.431545 62361
0.431551 71178
0.431555 62115
0.431556 48102
0.431577 11758
0.431578 25643
0.431582 11335
0.431586 12875
0.431587 61159
0.431592 64666
0.431598 15790
0.431601 44539
0.431603 44126
0.431612 2900
0.431612 51963
0.431648 67175
0.431657 41534
0.431658 57892
0.431659 65991
0.431663 42355
0.431668 58581
0.431681 64690
0.431691 58917
0.431701 2027
0.431702 54772
0.431715 36903
0.431718 18242
0.431735 9056
0.431737 42868
0.43174 33461
0.431745 32664
0.431749 34821
0.431751 89087
0.431756 34290
0.431767 9482
0.431789 45409
0.431795 5680
0.431824 59669
0.431834 84751
0.431855 65475
0.431865 32208
0.431865 49492
0.43187 42313
0.431895 99419
0.431899 28157
0.4319 63773
0.431903 27215
0.431913 34085
0.431913 90564
0.431916 77530
0.431919 32921
0.431928 18932
0.431974 91095
0.431975 38522
0.431979 63195
0.431981 76991
0.43199 3890
0.431993 15541
0.432002 18869
0.432004 13339
0.432007 99735
0.432016 61926
0.432021 88644
0.432026 90546
0.432039 99847
0.43205 23110
0.432078 91036
0.432083 39386
0.432092 4748
0.432102 72255
0.432118 86516
0.43212 46840
0.432128 74796
0.432135 37381
0.432144 17142
0.432153 64765
0.43218 66084
0.432181 772
0.432183 88357
0.432214 17338
0.43223 38939
0.432238 63263
0.432253 78994
0.432281 78695
0.432297 8664
0.432298 37320
0.432298 41727
0.432316 33336
0.432333 68606
0.432334 78373
0.432335 70440
0.432335 78111
0.432357 31003
0.432378 17364
0.432383 48574
0.432385 73825
0.432387 89703
0.432401 47018
0.43241 15201
0.432433 12516
0.432461 71770
0.43249 37785
0.432492 66621
0.432497 45338
0.432499 51342
0.43253 66347
0.43253 71902
0.432555 38512
0.432558 6979
0.432574 78429
0.432579 84510
0.432581 59672
0.432612 60484
0.432622 75805
0.432654 12863
0.432729 89024
0.432735 1172
0.43276 83487
0.432764 57800
0.432776 83226
0.432779 74106
0.432798 80212
0.4328 63403
0.4328 95185
0.432809 96593
0.432819 23706
0.432844 38407
0.432856 11212
0.432865 59131
0.432867 8025
0.43287 88657
0.432872 65521
0.432874 63021
0.432876 30803
0.43288 86130
0.43288 9286
0.432891 68260
0.432892 76002
0.432904 5215
0.43291 51655
0.43292 72000
0.432921 94050
0.432922 35295
0.432926 55928
0.432934 43346
0.432935 88526
0.432939 60440
0.43296 50188
0.432977 15046
0.432988 39803
0.432999 56028
0.433009 53584
0.433013 55484
0.433028 52439
0.433031 59591
0.433033 85609
0.433035 45157
0.433038 92398
0.433041 64472
0.433043 15444
0.43306 23973
0.43307 55431
0.433088 23249
0.433094 31906
0.4331 21573
0.433108 88791
0.433112 75144
0.433114 72
0.433118 99597
0.433129 55328
0.433138 12895
0.433143 83658
0.433151 57945
0.433152 6303
0.433156 52681
0.433156 74017
0.433164 27453
0.433168 18056
0.433177 40295
0.43318 45644
0.433185 90590
0.433196 74101
0.433196 79852
0.43321 50334
0.433211 63063
0.433223 68388
0.433229 73987
0.433259 6681
0.433261 38107
0.433261 86338
0.433267 85658
0.433275 74160
0.433284 48904
0.433288 59341
0.433306 90340
0.433339 25810
0.433347 51916
0.433362 24047
0.43337 56448
0.433371 68366
0.433388 57598
0.433431 89221
0.433432 59045
0.433453 65303
0.433463 12615
0.433503 26828
0.433516 40931
0.433525 68059
0.433553 62900
0.433577 10559
0.433587 56630
0.433597 39453
0.433599 73961
0.433608 41066
0.433612 91761
0.433629 17872
0.433641 13512
0.433649 54516
0.433659 4097
0.433672 35175
0.433676 82297
0.433679 60093
206 197