1 2
429
0.105091 13579
0.105104 31433
0.105105 2572
0.105124 60236
0.105148 34933
0.105159 88752
0.105181 30131
0.105187 48216
0.10519 9790
0.105211 61770
0.105213 79423
0.105215 92754
0.105217 90527
0.105219 35436
0.105229 72126
0.105249 32614
0.10526 70751
0.105262 76048
0.105262 82056
0.105265 30415
0.105288 53130
0.105295 35958
0.105298 54562
0.105309 6624
0.105315 71837
0.105317 21167
0.105318 43875
0.105318 66254
0.105321 42582
0.105321 68696
0.105343 72539
0.105357 16274
0.105369 96584
0.105428 12974
0.105452 22792
0.105453 47608
0.105483 89545
0.105485 39401
0.105508 79218
0.105527 83763
0.105536 6091
0.105537 27099
0.105542 86751
0.105547 95818
0.10557 18033
0.105583 29845
0.105625 43222
0.105626 12239
0.10564 84331
0.105642 95908
0.105653 93383
0.105657 88204
0.105673 72078
0.105673 79402
0.105674 66011
0.105681 71548
0.105707 60506
0.105708 88272
0.105725 68676
0.105728 1060
0.105747 15761
0.105769 90637
0.105775 32346
0.105779 68551
0.105786 44685
0.105787 47478
0.105804 98273
0.105807 80187
0.105812 38674
0.105818 13550
0.105844 10167
0.105852 49684
0.105854 38406
0.105858 45838
0.105875 58183
0.105879 87139
0.10588 75041
0.105885 23318
0.105889 84288
0.105898 67587
0.105918 58533
0.10596 89512
0.105968 31485
0.105973 70731
0.10598 14155
0.106019 28991
0.106024 1135
0.106028 28111
0.106031 35088
0.106043 26128
0.106043 47477
0.106049 78560
0.106049 94161
0.106064 23992
0.106082 32454
0.106089 37878
0.106091 40755
0.106097 69089
0.106098 49368
0.106114 58317
0.106117 40938
0.106135 43770
0.106152 87653
0.10616 61965
0.10617 3264
0.106177 90112
0.106184 18573
0.106208 69044
0.106209 12303
0.106213 20304
0.106217 64135
0.106219 26904
0.106228 14104
0.106237 97569
0.106245 24200
0.106251 318
0.106252 92421
0.1063 42015
0.106323 38821
0.106347 71544
0.106358 31825
0.106381 53078
0.106383 69602
0.106392 43111
0.106404 62504
0.106405 82629
0.106434 84687
0.106436 65125
0.106448 16751
0.106467 47964
0.106492 47581
0.10652 46604
0.10652 46863
0.106575 33603
0.106579 30658
0.106585 24372
0.106588 70554
0.10659 487
0.106617 43768
0.106617 7835
0.106631 96219
0.106638 60999
0.106655 25507
0.106673 19140
0.106673 5649
0.106677 71755
0.106701 75395
0.10671 78630
0.106738 67500
0.106751 37430
0.106755 61230
0.106773 11312
0.106774 51597
0.106802 19985
0.106829 93552
0.106852 73691
0.106867 57278
0.106872 12281
0.106891 73026
0.106908 80932
0.106909 76871
0.106916 23919
0.106916 61813
0.106916 65367
0.106923 44115
0.106934 74855
0.106939 21046
0.106943 60849
0.106957 1619
0.106958 30417
0.106966 9938
0.106971 79516
0.106977 20606
0.106983 4752
0.106989 19510
0.107004 64852
0.10701 61474
0.107029 98499
0.107041 21999
0.107044 77471
0.107062 67604
0.107082 71995
0.107145 49592
0.107156 46764
0.10717 79530
0.107172 68175
0.107189 96147
0.107192 54599
0.107226 59319
0.107229 61680
0.107237 98045
0.107244 61268
0.107247 570
0.107253 35093
0.107257 78713
0.107258 71751
0.10726 18616
0.10726 31844
0.10726 41136
0.107268 56215
0.107278 88217
0.107283 14940
0.107312 21349
0.107337 35383
0.107349 91786
0.10735 17157
0.10736 8307
0.10737 69899
0.107386 81314
0.107387 45212
0.107388 33113
0.107412 21436
0.10742 80168
0.107435 63747
0.107458 57772
0.10746 1143
0.107485 4060
0.107492 98907
0.107493 1057
0.1075 74227
0.107506 84678
0.107509 47910
0.10752 2692
0.107524 1189
0.107524 46813
0.107535 61476
0.107538 17446
0.107546 70577
0.107561 52269
0.107563 95399
0.107568 74772
0.107588 52641
0.107592 61138
0.107594 3521
0.107623 76271
0.107658 73675
0.107669 45290
0.107672 83236
0.107684 9136
0.107692 82544
0.107706 1771
0.107724 77303
0.107739 75592
0.107768 59408
0.107768 59481
0.107831 64939
0.10785 21715
0.107861 65433
0.107866 79560
0.107867 92234
0.107869 7945
0.107929 30743
0.107942 9924
0.107992 60897
0.108005 92610
0.108026 52292
0.108031 12490
0.108032 75828
0.108037 50867
0.108055 9262
0.108063 69435
0.108067 2312
0.108073 94834
0.108079 72892
0.108094 53998
0.108105 69703
0.108113 46830
0.10813 79647
0.108136 28312
0.108137 31625
0.10815 70750
0.108156 59651
0.108182 34208
0.108183 7650
0.108185 38806
0.108216 59526
0.108232 69635
0.10824 5654
0.108241 46384
0.108251 83766
0.10826 61478
0.108264 35945
0.108281 94944
0.108282 70572
0.108287 20710
0.10829 38106
0.108296 46578
0.108303 49432
0.108304 67162
0.108311 761
0.108312 33509
0.108316 27983
0.108329 85644
0.108332 78654
0.108333 70460
0.108348 4789
0.108351 27630
0.108353 75654
0.108402 39333
0.108408 67827
0.108414 62270
0.108425 19568
0.10843 70583
0.108442 70835
0.108458 13802
0.108463 25377
0.108472 51651
0.108479 36282
0.108485 52157
0.108486 46297
0.10849 98222
0.108498 61089
0.108518 17259
0.10853 52182
0.108562 83199
0.108597 39692
0.108598 69016
0.108613 19732
0.108622 91903
0.108625 49436
0.10863 10371
0.108631 23692
0.108634 12380
0.108643 54099
0.108657 63949
0.108658 57735
0.108659 93998
0.108683 53107
0.108741 93846
0.108752 8873
0.108757 89476
0.108768 75931
0.108788 420
0.108796 51892
0.108835 36979
0.108853 29999
0.108863 21153
0.108882 29767
0.108888 85717
0.108894 25698
0.108919 40500
0.108934 96980
0.108935 59032
0.108946 81825
0.108954 88989
0.108974 99153
0.10898 88611
0.108992 48631
0.109005 39366
0.109039 95758
0.109041 17200
0.109044 57781
0.10906 72127
0.109072 41941
0.109086 48844
0.109104 73933
0.109107 82205
0.109109 58106
0.109125 2628
0.109139 6804
0.10914 5986
0.109163 56683
0.10917 12547
0.109174 85086
0.109191 40407
0.109206 60079
0.109208 83431
0.109219 48030
0.109223 48070
0.109232 21805
0.109271 63830
0.109289 60143
0.10929 19494
0.10929 27946
0.109307 99098
0.109312 90882
0.10932 31928
0.109336 45649
0.109341 95355
0.109367 52011
0.10938 76014
0.109383 91623
0.109414 64233
0.109445 77918
0.109451 96712
0.109457 7365
0.109466 99589
0.109475 80772
0.109479 18322
0.109488 56150
0.109493 30976
0.109493 91793
0.109508 87184
0.109524 30259
0.109543 50645
0.109563 35189
0.109566 4933
0.109568 18375
0.109577 20414
0.109581 8361
0.109591 24981
0.109593 12545
0.109645 22050
0.109663 72962
0.109689 74813
0.109694 59497
0.109694 88256
0.109696 87939
0.109705 92403
0.109724 35948
0.109737 51798
0.109741 83305
0.109761 8556
0.109785 44366
0.109802 12980
0.109823 67761
0.109827 49246
0.109837 31393
0.109866 35611
0.109876 18408
0.109878 19977
0.109884 18979
0.109884 5195
0.109886 58032
0.109928 75358
0.109944 30887
0.109952 82235
0.109966 53634
0.109977 53491
192 151