1 2
367
0.555392 44471
0.555393 27527
0.555393 67482
0.555397 46770
0.555398 26136
0.55541 25519
0.555421 75230
0.555422 66751
0.555457 66038
0.555469 30524
0.555473 32340
0.55548 97574
0.555487 70229
0.555522 66651
0.555523 39547
0.55553 45910
0.555542 54717
0.555542 79938
0.555549 78382
0.555557 58358
0.555585 32738
0.555605 67241
0.555605 92233
0.555636 35720
0.555643 80066
0.555648 95946
0.555649 35588
0.555649 92645
0.555654 58417
0.555658 92146
0.55566 42243
0.555663 78459
0.555683 100891
0.555698 291
0.555701 52914
0.555705 816
0.55571 98608
0.555714 53054
0.555714 84367
0.555721 86914
0.555754 83270
0.555758 64138
0.555767 59508
0.555769 12332
0.555777 32415
0.555791 66352
0.555792 44045
0.555797 79306
0.555806 81782
0.555807 14815
0.555813 51456
0.555847 17985
0.555851 32447
0.555852 44727
0.555859 41180
0.555887 63638
0.555895 36336
0.555902 49235
0.555916 83333
0.555921 73277
0.555931 59503
0.555966 18299
0.555969 43921
0.556007 61237
0.556015 57367
0.556045 34242
0.556046 89385
0.556048 45734
0.556048 96241
0.556057 22246
0.556062 94258
0.55607 42288
0.556079 100435
0.556091 86187
0.556095 73585
0.556111 65563
0.556119 42698
0.556119 48399
0.556137 10528
0.556139 100391
0.556141 3443
0.556143 71270
0.556151 47027
0.556164 43952
0.556183 61317
0.556188 70770
0.556193 14563
0.556197 61322
0.556205 45278
0.55621 60804
0.556228 12837
0.556238 41470
0.556241 72787
0.556243 99548
0.556253 4651
0.556257 87161
0.556261 53357
0.556275 5111
0.556287 7828
0.556305 18137
0.556311 74580
0.556336 76003
0.556338 64176
0.556353 71890
0.556381 14353
0.556385 50026
0.556409 27639
0.556423 98754
0.556425 15414
0.556425 25208
0.556434 10236
0.556435 85807
0.55645 90455
0.55646 11430
0.556479 8943
0.55649 7378
0.556515 95858
0.556526 13887
0.556565 83712
0.556567 62494
0.556589 18048
0.556594 55964
0.5566 13650
0.556613 89007
0.556617 62468
0.556623 22603
0.556638 97053
0.556644 43739
0.556646 42933
0.556656 31150
0.556676 91353
0.556679 93310
0.556682 13312
0.556682 72860
0.55669 40623
0.556694 94197
0.556695 50962
0.556709 87770
0.556723 23804
0.556727 20508
0.55675 8503
0.556751 48670
0.556768 44644
0.556771 78470
0.556783 16395
0.556791 86227
0.556796 41241
0.556799 98759
0.556848 2216
0.556849 60468
0.556863 75301
0.556891 73575
0.5569 99945
0.556922 88520
0.556928 60967
0.55693 11662
0.556935 33225
0.556937 31833
0.556942 41928
0.556948 13223
0.556952 86023
0.556964 61055
0.55697 11206
0.556986 27556
0.557013 17360
0.557019 24588
0.557022 50327
0.557029 28121
0.557042 13186
0.55705 49525
0.557058 100463
0.557061 62803
0.557062 77987
0.557065 11400
0.557069 16588
0.557078 76852
0.557097 27092
0.5571 1086
0.557124 58445
0.557127 89684
0.557138 39222
0.557143 87009
0.557145 4769
0.557146 98905
0.557173 40144
0.557177 58013
0.557208 16972
0.557219 10819
0.557225 216
0.557232 24021
0.557233 29571
0.557245 17409
0.557249 30621
0.55727 493
0.557271 47665
0.557274 32101
0.55728 43586
0.557284 69393
0.557286 80192
0.557313 68286
0.557315 43089
0.557332 8590
0.557338 63723
0.557339 32366
0.557352 26038
0.557364 92382
0.557371 65176
0.557389 77937
0.557396 16949
0.557404 39306
0.557429 67110
0.557436 19468
0.557441 86122
0.557445 48707
0.557447 33787
0.557452 100808
0.557453 30515
0.557455 80418
0.557474 23939
0.557492 50018
0.557498 688
0.557535 63368
0.557542 20876
0.557543 80783
0.557559 24340
0.557568 4024
0.557573 36661
0.557584 83396
0.557617 46647
0.557623 81626
0.557624 38710
0.55763 35145
0.55763 36187
0.557637 4442
0.557637 62143
0.557675 7119
0.557684 55471
0.557689 19560
0.557699 47113
0.557704 56476
0.557713 45808
0.557722 25099
0.557722 52758
0.557743 5862
0.557752 12252
0.557768 32449
0.557772 61288
0.557774 98906
0.557796 16935
0.557802 69753
0.557805 39357
0.557806 76357
0.55781 99326
0.557822 49945
0.557826 28266
0.557844 82927
0.557847 1837
0.55785 97324
0.55786 88895
0.557886 10776
0.557895 66866
0.557897 58496
0.557897 79264
0.557898 51838
0.557898 68916
0.557933 66711
0.557934 12333
0.557981 52841
0.557997 91992
0.558001 66724
0.558004 85053
0.558009 71575
0.558012 618
0.558032 54125
0.558057 11934
0.558059 22754
0.558066 50172
0.558068 83045
0.558069 20140
0.558091 70371
0.558103 73702
0.558118 10388
0.558129 40771
0.558132 97991
0.558137 99469
0.55814 70390
0.558148 34320
0.558157 30051
0.558171 39638
0.558171 97619
0.558184 11187
0.558191 39502
0.5582 17347
0.558204 54098
0.558215 52616
0.55822 32443
0.558237 79833
0.558243 46881
0.558245 53272
0.558252 3750
0.558271 67192
0.558296 80826
0.558299 100595
0.5583 60365
0.558301 61767
0.558303 38820
0.558322 51260
0.558333 34474
0.558341 5370
0.558346 93970
0.558357 65164
0.558371 91694
0.558377 65890
0.558379 17227
0.558379 8595
0.55838 67362
0.558389 75436
0.558404 9715
0.558408 16234
0.558411 87227
0.558421 88500
0.558424 14499
0.558427 71831
0.55843 50597
0.558436 98309
0.558437 11893
0.558437 25392
0.55844 47371
0.558446 42138
0.558448 22828
0.558448 74770
0.558497 85903
0.558502 42758
0.558519 57841
0.558519 97097
0.558541 91795
0.558542 44986
0.558547 98626
0.558558 93638
0.558582 20047
0.558596 100691
0.558603 67098
0.558613 30855
0.558614 50374
0.55862 50027
0.558626 1406
0.558634 17192
0.558646 70873
0.558649 36290
0.558649 4003
0.558656 18521
0.55866 50718
0.558681 36758
0.558703 99408
0.55871 2042
0.558718 43861
0.55873 13938
0.55873 59563
0.558737 25231
0.558749 19788
0.55876 4877
0.558761 94075
0.558775 65580
0.558779 21074
0.558783 83395
0.55879 10568
0.558803 46651
216 219