1 2
419
0.738014 34948
0.738015 8557
0.738022 16544
0.738035 74455
0.738037 4345
0.73804 40483
0.738041 21105
0.738047 96510
0.738056 69223
0.738077 71433
0.738084 42117
0.738093 20739
0.738109 10208
0.738118 58253
0.738121 31908
0.738123 83296
0.738124 67207
0.738134 68322
0.738145 47069
0.738154 38723
0.738167 56271
0.738174 39604
0.738175 47603
0.738177 19544
0.738178 73856
0.738198 15553
0.738225 66050
0.738228 98665
0.738232 35072
0.738256 67691
0.738257 62275
0.738257 95706
0.738264 43005
0.738268 41159
0.738271 41706
0.738277 73604
0.738291 48818
0.738291 8668
0.738292 81952
0.738323 37139
0.738331 55434
0.738332 17679
0.738335 39047
0.738349 86998
0.73836 38405
0.738365 90796
0.738378 52196
0.73839 7697
0.738403 74869
0.738424 39462
0.738435 84860
0.73845 51153
0.73845 90608
0.738453 76846
0.738454 52767
0.738457 63172
0.73846 48457
0.738461 31077
0.738464 29853
0.738464 82852
0.738465 81770
0.738466 10487
0.73847 84398
0.738473 40600
0.738485 70936
0.738492 41922
0.738495 10573
0.738525 74199
0.738525 96387
0.73855 22361
0.738565 69881
0.738567 53582
0.738569 47550
0.738573 61619
0.738596 44931
0.7386 83407
0.738646 29056
0.738665 49548
0.738666 51103
0.738692 15268
0.738708 12305
0.738712 61518
0.738722 20474
0.738731 88079
0.738757 16153
0.738759 23767
0.73876 42367
0.738776 34253
0.738778 44332
0.73878 78449
0.738793 23688
0.738793 66141
0.738796 71885
0.7388 82959
0.738822 94146
0.73885 15710
0.738862 16230
0.738894 18783
0.738898 32234
0.738915 63631
0.73892 20342
0.738932 29580
0.73894 71412
0.738958 1373
0.738958 83634
0.738959 90951
0.738976 61258
0.738979 39364
0.739002 65763
0.739002 96636
0.739003 69558
0.739007 54862
0.739018 88221
0.739019 16272
0.739026 87019
0.739042 5945
0.739049 35227
0.739049 59764
0.739056 87747
0.739058 65075
0.739068 64827
0.739071 88050
0.739083 86906
0.739092 24766
0.739103 41811
0.739141 76276
0.739151 77724
0.73916 50249
0.739164 57635
0.739166 19951
0.739168 34917
0.73921 90116
0.739212 99671
0.739221 63313
0.739243 40107
0.739245 4705
0.739253 85857
0.739254 43136
0.739254 96931
0.739269 96633
0.739275 37605
0.739278 1981
0.739295 70965
0.739317 2475
0.73932 65806
0.739322 52854
0.739334 92164
0.739343 20783
0.739356 89908
0.739359 27116
0.739372 36666
0.739407 42143
0.739431 6940
0.739438 49179
0.739442 35575
0.739443 15928
0.739456 91300
0.739478 39651
0.739482 58847
0.7395 89279
0.739501 55455
0.739512 25230
0.739515 92475
0.739517 59436
0.739518 73252
0.739533 45448
0.739533 49471
0.739535 86596
0.739539 96858
0.739547 62066
0.739553 76524
0.739562 41891
0.739565 96424
0.739572 1045
0.739579 33169
0.739582 97710
0.739583 14452
0.739591 33355
0.739603 84903
0.739636 100774
0.739641 84539
0.739643 59990
0.739645 40962
0.739678 69484
0.739699 15219
0.739721 81346
0.739731 1460
0.739741 1776
0.739749 29906
0.739771 33065
0.739773 62408
0.739788 82433
0.739798 31228
0.739805 15619
0.73981 95507
0.739852 59246
0.739858 61844
0.739865 91498
0.73988 9099
0.739881 5580
0.739883 36405
0.739896 16520
0.739896 59111
0.739911 7554
0.739922 32674
0.73993 45308
0.739947 44887
0.739949 66789
0.739955 41355
0.739963 10973
0.739965 99239
0.740022 84464
0.740055 45962
0.740085 23189
0.740092 21922
0.740095 51329
0.740097 38594
0.740105 66888
0.740112 73389
0.740117 7444
0.740139 27210
0.740144 3560
0.740144 74371
0.740148 76474
0.740149 44517
0.740172 35723
0.740181 44321
0.740185 91880
0.740186 41294
0.740232 80273
0.740238 3180
0.740248 5204
0.740302 67438
0.740306 57824
0.740308 19447
0.740316 23789
0.740345 715
0.740351 94997
0.740357 27427
0.74036 80455
0.740371 25704
0.740381 62475
0.740389 67246
0.740398 27795
0.740409 50548
0.740415 80700
0.740452 90711
0.740461 50118
0.740477 43789
0.740485 32123
0.740494 59452
0.740496 57407
0.740498 5151
0.7405 92004
0.740505 63881
0.740532 32182
0.74055 76687
0.740555 85833
0.740572 49184
0.740591 55039
0.740614 34202
0.740625 69665
0.740664 82683
0.740678 4421
0.740711 2980
0.74073 3273
0.740734 35511
0.740768 97896
0.740772 29156
0.740788 67737
0.740793 47103
0.740794 79859
0.740795 4377
0.740809 52086
0.740812 89193
0.74082 16115
0.740848 35241
0.740854 24495
0.740862 37777
0.74089 37884
0.740896 75488
0.74091 21382
0.740912 57048
0.740926 98323
0.740927 6310
0.740927 95263
0.740935 3799
0.740938 80215
0.740941 47722
0.740964 82040
0.740968 20203
0.741009 1478
0.741023 7674
0.741025 12589
0.741033 58095
0.741049 11611
0.741053 43304
0.741108 96621
0.74112 58865
0.741129 40756
0.741144 16541
0.741147 43007
0.74115 91763
0.741169 24712
0.741189 86188
0.741196 95838
0.741207 69956
0.741222 94438
0.74124 52323
0.741253 23324
0.741266 45336
0.741289 20502
0.74129 54727
0.741299 61177
0.741305 1482
0.741305 36797
0.741314 46657
0.741321 50377
0.741336 30560
0.741361 10837
0.741363 99664
0.741371 30234
0.741393 52662
0.741432 60518
0.74144 96227
0.741442 60275
0.741447 21898
0.741452 42704
0.741482 2002
0.741488 53957
0.741489 88255
0.741492 85763
0.741493 46750
0.741511 77026
0.741523 70779
0.741538 69232
0.74154 81747
0.741547 53260
0.741558 558
0.741569 69389
0.741575 38052
0.741598 87459
0.741606 53067
0.741606 57906
0.741609 87453
0.741613 62978
0.741619 81444
0.741623 100842
0.741628 73301
0.741631 35957
0.741651 11445
0.741651 37929
0.741658 58915
0.741658 73001
0.741662 83907
0.741669 46851
0.741679 17115
0.741679 2587
0.741685 63418
0.741692 100151
0.741714 72530
0.741719 49159
0.741719 92348
0.74174 39619
0.741741 53729
0.74176 82289
0.741765 8456
0.741769 34221
0.741775 84590
0.741788 92602
0.741826 92836
0.741833 75546
0.741836 99092
0.741845 83983
0.741847 94513
0.741848 71156
0.741853 47463
0.741867 37839
0.741868 32424
0.741882 14890
0.74189 43932
0.741891 97679
0.741894 74097
0.741906 42707
0.741913 55564
0.741913 74109
0.741939 85719
0.74194 30620
0.741941 47295
0.741942 53467
0.741948 80869
0.741954 24036
0.741975 39543
0.741975 41986
0.741978 53163
0.741989 23284
0.741989 88699
0.742 20722
0.742 5490
0.742004 37991
0.742007 57514
0.742009 56067
0.74203 11929
0.74205 26046
0.742068 33280
0.742076 56469
0.742099 24384
0.742106 19233
0.742122 95854
0.742143 10138
0.742145 88546
0.742148 97161
0.742168 76363
0.742171 50742
0.74221 65689
0.742211 57081
0.74222 25411
0.742221 7733
0.74223 96460
211 153