1 2
346
0.525911 68831
0.525913 89168
0.52594 13833
0.525941 81928
0.525962 53709
0.525979 2651
0.525982 7599
0.525989 37288
0.525992 49627
0.526042 64204
0.526061 2876
0.526062 92973
0.526068 9493
0.526072 27311
0.526082 15053
0.526099 73527
0.526102 74964
0.526107 23940
0.52611 62663
0.526113 10567
0.526114 17797
0.526114 30762
0.526122 13676
0.526126 96525
0.526133 63823
0.526135 44429
0.526148 47803
0.526157 98747
0.526191 13441
0.526199 31821
0.526205 80274
0.52621 27816
0.526235 8337
0.526245 17710
0.526248 52597
0.526256 2507
0.52627 1628
0.526292 15143
0.526298 43101
0.526304 81543
0.526316 74972
0.526317 41725
0.526331 6124
0.526343 80934
0.526344 75412
0.526346 39834
0.526349 49787
0.526364 21736
0.52637 34309
0.526371 44719
0.526375 75923
0.526382 79377
0.526408 31475
0.526414 14517
0.526416 61639
0.526454 52643
0.526464 20666
0.526465 46014
0.526507 10141
0.526525 94380
0.526555 67665
0.526562 41127
0.526571 35180
0.526571 71690
0.526574 71949
0.526591 78705
0.526603 17957
0.526603 8051
0.52666 33642
0.526672 88486
0.526697 52129
0.526698 29068
0.526716 80916
0.526719 34814
0.526762 29776
0.526823 30984
0.526825 50055
0.526846 31748
0.52686 20118
0.526884 91478
0.526896 4560
0.526899 82805
0.526899 83156
0.5269 40550
0.526908 6565
0.52691 13328
0.52691 54042
0.526927 20677
0.526938 92557
0.526955 88747
0.526962 91324
0.526965 17566
0.526971 848
0.526982 55225
0.526991 17428
0.527004 18218
0.527019 32605
0.527025 89848
0.527036 89646
0.527067 24878
0.527073 35135
0.527103 57006
0.527123 47813
0.527124 76166
0.527128 39602
0.527149 25100
0.527182 64515
0.527185 38092
0.527206 93871
0.527208 91879
0.527232 75615
0.527244 4937
0.527259 65153
0.527285 98904
0.527295 80237
0.5273 45672
0.527302 49530
0.527324 98505
0.52733 68186
0.52733 86401
0.527346 77075
0.527365 10856
0.527365 41448
0.527391 2077
0.527393 21514
0.527394 8750
0.527406 10281
0.527406 30213
0.52741 61115
0.527413 49975
0.527415 78290
0.52742 86956
0.527423 20953
0.527426 41757
0.527429 70532
0.52743 94124
0.527435 64051
0.527439 87989
0.527444 67681
0.527472 20937
0.527473 57303
0.527487 19904
0.527488 36963
0.527502 27715
0.527503 5936
0.527521 95073
0.527537 80666
0.527562 58306
0.527566 47966
0.527569 24603
0.527588 55155
0.527596 16132
0.527606 11624
0.527614 74710
0.527615 34209
0.527616 59348
0.527617 60248
0.527628 15264
0.527633 48347
0.527633 70396
0.527681 23413
0.527691 77650
0.527707 56396
0.527711 88984
0.527713 56281
0.527721 89092
0.527727 20227
0.527733 44506
0.527735 25096
0.527737 27348
0.527747 26315
0.527761 30562
0.527775 34212
0.527803 1667
0.527806 41361
0.527817 50078
0.527831 3056
0.527849 14884
0.527854 57365
0.527862 71715
0.527864 21315
0.527882 93920
0.527883 37857
0.527902 2708
0.527902 8748
0.527919 47900
0.527921 43902
0.527929 25532
0.527937 65522
0.527938 60941
0.527939 58180
0.527949 91530
0.527964 59152
0.527971 59000
0.527972 5100
0.528013 19607
0.528025 99110
0.528038 93583
0.528042 20814
0.528058 93339
0.528059 59099
0.528062 45172
0.528094 53485
0.528102 10242
0.528103 30650
0.528103 72014
0.528109 94980
0.528112 15937
0.528122 4187
0.528127 32924
0.528137 54203
0.528164 12433
0.528169 54318
0.528207 38881
0.528212 36972
0.528218 28749
0.528218 95792
0.528223 51244
0.528231 87888
0.528235 19622
0.52828 16624
0.528298 56168
0.528306 44715
0.528307 8861
0.52831 77783
0.528312 78210
0.52833 10161
0.528333 86879
0.528345 87336
0.528356 11587
0.528363 68593
0.528415 45845
0.528416 70251
0.528427 96286
0.528449 75172
0.528453 314
0.528472 64536
0.528498 74659
0.528513 34565
0.528521 7533
0.528521 86178
0.528556 21193
0.528556 86628
0.528576 59485
0.528604 96375
0.528609 83799
0.528623 45509
0.528625 7133
0.52864 26260
0.528653 3723
0.528655 48480
0.528659 83585
0.528663 6238
0.528672 59937
0.528675 64614
0.528682 25801
0.528683 46690
0.528685 53387
0.528698 41543
0.528713 17652
0.528718 45125
0.528719 68097
0.528722 55757
0.528736 53528
0.528753 4385
0.528758 76163
0.528764 24266
0.528766 75621
0.528768 34425
0.528774 17749
0.528777 74054
0.528778 28413
0.528782 35512
0.528795 46074
0.528816 43650
0.528818 83957
0.528843 79940
0.528862 5055
0.528871 5123
0.528891 43372
0.528922 83371
0.528979 30170
0.528982 79772
0.528982 88672
0.528983 21366
0.528987 80602
0.528989 9986
0.529018 48982
0.529019 15326
0.52902 84979
0.529024 17076
0.529036 66984
0.529042 47604
0.529043 83482
0.529044 45646
0.52905 91959
0.529052 16616
0.52907 93072
0.529076 42365
0.529081 76072
0.52909 6711
0.529132 86063
0.529133 48156
0.529135 44179
0.529139 56
0.529149 86094
0.529151 44525
0.529169 984
0.529186 76801
0.529188 82197
0.529202 60602
0.529245 61105
0.529253 70053
0.529259 62202
0.529267 7646
0.52928 5192
0.529282 70798
0.529284 73449
0.529285 55954
0.529298 27501
0.529301 95954
0.529304 97019
0.529311 21669
0.529311 49389
0.529314 7074
0.529317 62999
0.529353 60870
0.529367 42319
0.529373 72504
0.529376 35970
0.529406 52558
0.529423 55128
0.529424 38085
0.529463 5582
0.529479 61731
0.52948 9290
0.529498 58153
0.5295 56172
0.529505 24502
0.529507 65130
0.529564 55330
0.52958 5271
0.529581 13926
0.529594 86660
0.529615 95841
0.529624 3098
227 237