1 2
403
0.767361 45740
0.767367 46629
0.767399 58479
0.767403 33581
0.767406 60408
0.767427 68287
0.767436 43450
0.767437 47788
0.767445 45002
0.767455 90087
0.767456 23024
0.767457 88084
0.767472 30857
0.767482 52142
0.767494 68099
0.767494 89477
0.767495 52639
0.767499 57146
0.767501 52690
0.767504 82418
0.767533 17271
0.767533 71948
0.76754 80847
0.767565 29987
0.767574 50849
0.767579 16636
0.767595 53378
0.767607 36511
0.767608 32163
0.767624 46061
0.767624 69601
0.767628 14357
0.767637 34282
0.767644 95963
0.767652 71239
0.767663 47411
0.767668 45045
0.767693 81481
0.767697 79715
0.76771 49335
0.767717 69779
0.767741 3801
0.767746 50440
0.767747 92371
0.767753 61209
0.767762 8369
0.76778 54507
0.767813 90353
0.767816 92318
0.767832 15576
0.767838 72453
0.767844 81555
0.76786 22983
0.767871 23476
0.767878 67629
0.767885 16533
0.767887 87996
0.767899 17709
0.7679 49547
0.767901 25366
0.767903 87907
0.767906 52049
0.767917 43251
0.767923 17768
0.76793 68789
0.767944 95869
0.767945 76307
0.767958 74504
0.767962 23543
0.76797 98149
0.767981 63904
0.768005 61073
0.768008 33335
0.768017 46522
0.768019 79436
0.768026 67624
0.768059 74437
0.768073 66969
0.768082 26175
0.76809 5333
0.768093 51327
0.768097 16496
0.768104 2548
0.768111 85593
0.768129 36999
0.768138 32516
0.768141 79593
0.768144 26740
0.768162 46200
0.768172 91653
0.768174 26363
0.768177 77739
0.768189 85851
0.76819 39639
0.768206 96499
0.768224 44373
0.768226 14676
0.768229 47596
0.768231 59882
0.768249 69949
0.768249 86076
0.76826 3032
0.768277 32588
0.768289 31607
0.76831 6336
0.768313 53442
0.768328 95532
0.768349 57263
0.76835 62550
0.768363 43018
0.768368 65486
0.76837 50807
0.768382 65184
0.768399 57438
0.768436 29758
0.768438 72025
0.768446 95987
0.768457 49098
0.768474 69990
0.768478 49291
0.768486 68051
0.768494 721
0.768495 28431
0.768508 72546
0.768511 93094
0.768515 11942
0.768519 79745
0.768521 86219
0.768526 17704
0.768529 91800
0.768565 9802
0.768586 11725
0.76859 87486
0.768595 20188
0.768606 12856
0.768622 82663
0.768626 58983
0.768628 49234
0.768634 99793
0.768635 26833
0.76865 39515
0.768652 56049
0.768669 32543
0.768685 33959
0.768698 2140
0.7687 44677
0.768713 23847
0.768741 10590
0.768754 27401
0.768769 57875
0.768775 7739
0.768785 72987
0.768788 56218
0.768808 67829
0.768815 74484
0.768819 77494
0.768824 76708
0.768829 10045
0.76883 16632
0.768838 39765
0.768843 58848
0.768848 76532
0.76885 9623
0.768851 76698
0.768891 70112
0.768892 86707
0.768947 4203
0.768967 60368
0.768983 85980
0.768987 72435
0.768989 89650
0.769002 25331
0.769011 72074
0.769012 25296
0.769012 35358
0.769021 79034
0.769029 31179
0.769036 82376
0.769041 51259
0.769048 44020
0.76905 79945
0.769077 82833
0.769082 10876
0.769083 93444
0.769094 31640
0.769098 9706
0.769146 32413
0.769188 94585
0.769195 13735
0.769205 91518
0.769213 69797
0.76923 5176
0.769231 77912
0.769238 82736
0.769248 21190
0.76926 39393
0.769261 24279
0.769264 91738
0.769271 72777
0.769297 44768
0.769309 86709
0.76931 24580
0.769337 8716
0.769343 68087
0.769353 59315
0.76936 96040
0.769362 73107
0.769368 48693
0.769369 5605
0.769381 88457
0.769445 38122
0.769451 337
0.769455 19783
0.769461 96928
0.769462 86509
0.769503 17394
0.769517 49777
0.769522 77184
0.769542 78271
0.769556 37996
0.769561 9921
0.769576 60769
0.769594 56811
0.769616 10952
0.769617 8888
0.769617 90681
0.769634 41376
0.769636 22729
0.769649 65660
0.76965 23146
0.769652 37530
0.769656 49331
0.769686 69087
0.769706 39479
0.769708 68279
0.769709 58322
0.769711 2827
0.769713 65828
0.769714 30948
0.769723 41491
0.769726 82231
0.769753 59101
0.769781 60860
0.7698 68102
0.769803 98573
0.769805 26303
0.769811 11517
0.769846 95424
0.769847 83099
0.769851 47460
0.76986 28576
0.769861 85263
0.769869 60517
0.769871 56307
0.769874 99883
0.769882 87367
0.769886 75819
0.76989 82128
0.769892 61482
0.769897 31989
0.769916 74733
0.769921 47304
0.769943 21005
0.769967 68598
0.769972 57510
0.769985 39431
0.769987 45068
0.769992 2700
0.77 27659
0.77 6153
0.770011 79498
0.770033 11298
0.770046 41932
0.770047 64162
0.770052 17824
0.770056 22649
0.770059 23775
0.77008 2730
0.770086 26921
0.770091 54179
0.7701 65879
0.770102 54811
0.770125 55740
0.770136 5748
0.770137 79048
0.770145 68370
0.770148 58825
0.770173 49941
0.770185 30159
0.770188 43795
0.770202 12894
0.770223 3841
0.770254 51351
0.770259 97298
0.770272 53448
0.770287 69084
0.770299 34124
0.770308 7373
0.77032 76615
0.770328 32473
0.770328 66845
0.770331 94968
0.770343 29269
0.770362 34541
0.770379 77562
0.77039 45498
0.770393 81016
0.770414 53160
0.770415 89842
0.770429 63439
0.77044 45056
0.770442 65354
0.770446 63122
0.770461 90671
0.770481 58951
0.770499 64387
0.770505 96089
0.770506 18926
0.770509 30837
0.770519 68057
0.770522 59094
0.770532 58914
0.770557 33666
0.770564 52377
0.770572 53437
0.770575 14460
0.770588 33449
0.770616 37610
0.770628 21866
0.770642 59787
0.770647 49341
0.770661 71675
0.770673 26664
0.770677 41018
0.770679 88195
0.770681 51832
0.770697 39902
0.770709 26023
0.77071 85530
0.770712 10914
0.770712 98902
0.770732 13480
0.770733 67990
0.770739 82168
0.770749 8382
0.770751 15526
0.77076 39156
0.770773 28851
0.770782 77875
0.770796 15748
0.770801 8625
0.770802 91750
0.770809 18454
0.770821 52070
0.770823 84748
0.770838 69555
0.770841 87924
0.770854 88234
0.770858 74501
0.770859 95515
0.770869 64157
0.770879 93557
0.770895 53008
0.770908 57427
0.770909 1529
0.770912 4396
0.770919 39766
0.77093 46031
0.770934 97651
0.770939 66098
0.770941 827
0.770948 34710
0.77095 12924
0.770961 42529
0.77099 39782
0.770995 11937
0.771 95700
0.77101 68631
0.771015 17698
0.771018 33878
0.771023 8938
0.771025 99923
0.771026 16642
0.771048 15656
0.771049 55920
0.77106 75353
0.771063 92152
0.771101 52874
0.771108 89755
0.771126 4653
0.771155 54735
0.771159 15369
0.771159 94891
0.771166 70151
0.77117 22087
0.771217 2126
0.771217 78244
0.771239 73801
0.771265 633
0.771303 56795
0.771346 12676
0.771346 68988
0.771347 19511
209 191