1 2
394
0.648362 30767
0.64837 12329
0.648383 62948
0.648392 20902
0.648397 32395
0.648424 51538
0.648429 26161
0.64843 34932
0.648456 7499
0.648457 23527
0.648494 1693
0.648495 14100
0.648503 27003
0.648536 8399
0.648541 26586
0.648542 82050
0.648544 29996
0.64856 42928
0.648571 40416
0.648587 56319
0.648601 70039
0.648617 56531
0.648621 32294
0.648622 67522
0.648635 14083
0.648642 62462
0.648644 70634
0.648652 53327
0.648653 43700
0.648655 75311
0.64866 93957
0.648663 54056
0.64867 27857
0.648685 28963
0.648694 38463
0.648699 3438
0.648705 53673
0.648707 9657
0.648711 17167
0.648711 30266
0.648714 59171
0.648733 75285
0.648742 94603
0.64876 42284
0.648764 21680
0.648765 41946
0.648769 14390
0.648769 83561
0.648777 46598
0.648778 42827
0.648778 81774
0.648781 37865
0.648809 19246
0.648818 8062
0.648826 18286
0.648845 56631
0.648847 93523
0.64886 60102
0.64886 84143
0.648897 21799
0.648906 62776
0.648909 38921
0.648917 67285
0.64892 967
0.648949 30362
0.648954 12685
0.648955 63879
0.648955 75211
0.648962 39571
0.649008 8440
0.64901 44574
0.649035 77164
0.649065 21745
0.649065 6643
0.649069 4687
0.649083 21182
0.649096 45683
0.649108 85107
0.649109 31818
0.649113 24631
0.649117 21157
0.649118 71404
0.649123 25739
0.649141 43453
0.649144 67631
0.649162 13865
0.649168 17181
0.649177 37457
0.649182 93859
0.649194 4620
0.649199 91238
0.649202 52273
0.649207 40549
0.649219 21917
0.649222 72399
0.64923 45076
0.649245 52702
0.649267 20012
0.649277 42686
0.649282 36637
0.649282 55326
0.649297 44870
0.649316 61724
0.649324 512
0.649332 36821
0.649337 82368
0.649378 99740
0.649389 81611
0.649393 100296
0.649393 101296
0.6494 67257
0.649444 17718
0.649456 1522
0.649456 78308
0.649472 11264
0.649489 27445
0.649489 31050
0.649491 9803
0.649495 93047
0.649496 61534
0.649526 29833
0.649537 82214
0.649547 38045
0.649555 52875
0.649591 29707
0.649624 98494
0.649626 30918
0.649631 40422
0.649641 98219
0.649655 56421
0.649662 74131
0.649665 86766
0.649679 80966
0.649688 97441
0.649691 74957
0.649699 94552
0.649706 43272
0.649713 48423
0.649717 77664
0.649731 36165
0.649735 7958
0.649759 63036
0.649763 19099
0.649763 47862
0.649772 79425
0.649777 50572
0.649801 30830
0.649807 92495
0.649815 20137
0.649817 3293
0.649823 94472
0.649841 77331
0.649856 98183
0.649865 63534
0.649885 64254
0.649894 39684
0.649896 6866
0.649914 35700
0.649919 24094
0.649929 88553
0.649983 59420
0.649993 99612
0.649997 84635
0.650006 18791
0.650034 87083
0.650039 28920
0.650049 36623
0.650055 93893
0.650073 49112
0.650073 60515
0.650077 99395
0.650079 42482
0.65011 22250
0.650111 31420
0.650116 48058
0.650122 56177
0.650125 10449
0.650134 29926
0.650144 42164
0.650151 10527
0.650152 55526
0.650159 73797
0.650169 15555
0.650174 59194
0.650188 66237
0.650197 39592
0.650203 51742
0.65021 76130
0.65022 4539
0.650222 43644
0.650229 87368
0.650248 46968
0.650248 70224
0.650262 64733
0.650289 57663
0.650299 9155
0.650315 84526
0.650323 36411
0.650334 27931
0.650338 99310
0.65034 72349
0.650352 7108
0.650365 92930
0.65037 92824
0.650386 7596
0.650388 70551
0.650388 92253
0.650391 58287
0.650396 46964
0.650401 11283
0.650403 42499
0.650407 63838
0.650423 23308
0.650423 87704
0.650438 38750
0.650445 62386
0.650447 51819
0.65046 48397
0.650462 61554
0.650475 66797
0.650482 28558
0.650507 37345
0.650508 58069
0.650512 25572
0.650521 70237
0.650525 88817
0.650526 44818
0.65054 3956
0.650575 188
0.650596 25256
0.650604 15325
0.650605 97379
0.650611 92826
0.650672 7579
0.650681 72558
0.650693 44832
0.650693 72427
0.650694 28528
0.650698 3175
0.6507 10278
0.6507 89801
0.650711 18806
0.650724 70288
0.650733 65208
0.650734 57246
0.650737 100812
0.650737 101812
0.65074 1719
0.650754 32141
0.650766 29770
0.650767 24536
0.650781 77538
0.650785 25479
0.650787 99385
0.650806 39858
0.65081 22252
0.650815 35419
0.650817 79548
0.650829 100101
0.650829 101101
0.650836 77051
0.650837 52214
0.650846 7857
0.650851 12988
0.650851 38357
0.650852 49819
0.650858 93684
0.650862 42437
0.650864 61486
0.650874 73033
0.65088 80037
0.650881 92589
0.650884 76023
0.650895 33290
0.6509 59644
0.650903 62355
0.65091 96658
0.650924 21992
0.650955 31767
0.650957 59660
0.650958 85715
0.650969 98956
0.650984 74922
0.650997 75945
0.651011 56155
0.651014 33916
0.65102 91360
0.651021 30723
0.651023 92373
0.651029 80279
0.651039 89542
0.651044 4093
0.651051 4902
0.651077 98160
0.651083 12003
0.651109 63450
0.651115 28319
0.651116 81874
0.651126 56129
0.651129 5920
0.651137 25754
0.651137 75688
0.651161 63906
0.651164 5537
0.651233 41723
0.651233 44963
0.651236 74872
0.651245 100353
0.651245 101353
0.651247 79467
0.651253 40108
0.651259 51126
0.651293 45267
0.651306 26820
0.651315 29052
0.65132 95252
0.651345 37094
0.651366 77338
0.651369 54945
0.651369 8984
0.651382 14130
0.651385 59459
0.65139 75152
0.651395 8787
0.651398 54444
0.651409 70925
0.65141 88785
0.651426 92771
0.651431 3539
0.651438 88793
0.65144 24084
0.651441 15271
0.651463 96994
0.651472 97587
0.65148 92109
0.651498 21330
0.65151 99482
0.651528 45159
0.651558 73889
0.651567 28731
0.651568 81841
0.651569 84657
0.651586 55512
0.651586 74877
0.651598 47939
0.651602 91281
0.651605 68011
0.651613 50009
0.65162 24848
0.651633 14101
0.651659 63728
0.651673 34733
0.651675 3004
0.651682 7490
0.651705 59275
0.651714 99837
0.651742 1176
0.651743 76420
0.651781 50576
0.651784 22147
0.651788 44023
0.651789 29114
0.651798 95509
0.651799 1453
0.651807 65832
0.651811 45603
0.651811 54705
0.651815 96399
0.65182 81702
0.651823 69770
0.651839 57546
0.651878 46591
0.651918 21779
0.651922 52075
0.651938 74088
0.652001 39015
0.652009 27656
0.652011 75060
0.652014 59733
0.652049 35670
0.652062 75823
0.652063 37906
0.652066 278
0.652088 88206
0.652116 4239
0.652118 62196
0.65212 76576
0.652131 58684
0.652139 10578
0.65214 12388
0.652144 43592
0.652153 92079
0.652187 51822
0.652203 69735
256 172