1 2
349
0.401334 47257
0.401365 6803
0.401401 60690
0.401407 22806
0.401417 47046
0.401421 8815
0.401422 48295
0.401427 63970
0.401434 88097
0.401445 52458
0.401451 2435
0.401472 66859
0.401488 31792
0.401495 16038
0.401497 52401
0.4015 38622
0.401505 30183
0.401553 901
0.401554 69624
0.401557 30220
0.401576 22004
0.401589 93353
0.401596 30463
0.401598 13803
0.401609 100627
0.401609 101627
0.40161 95962
0.401614 65293
0.401628 63319
0.401632 49032
0.401639 90010
0.401641 92099
0.401646 8553
0.401657 85378
0.401678 90360
0.401695 93018
0.40174 41809
0.401744 94112
0.401749 82762
0.40175 95682
0.401755 73946
0.401756 4639
0.401777 79795
0.401801 69828
0.401804 98111
0.401821 39070
0.401832 47502
0.401889 84461
0.401904 22978
0.401924 3974
0.401932 33626
0.401938 20922
0.401941 52136
0.401942 71918
0.401948 75
0.401952 58062
0.401967 14022
0.401969 37375
0.401975 35480
0.401975 9600
0.401979 82090
0.401991 24917
0.401991 44081
0.402002 64546
0.402006 73763
0.40201 54192
0.402032 92410
0.402045 58420
0.402047 70958
0.40205 48445
0.40205 98634
0.402056 5065
0.402056 8854
0.402059 11780
0.402115 31453
0.402126 74841
0.402165 71946
0.402167 75270
0.402172 21661
0.402176 66333
0.402181 2195
0.402182 49332
0.402188 77521
0.402191 15366
0.402199 30555
0.402203 19973
0.402209 25380
0.40222 21416
0.402226 8258
0.402227 54495
0.402229 51792
0.40223 61437
0.40223 73453
0.402233 59110
0.402239 31646
0.402251 49055
0.402251 55854
0.402257 41720
0.40228 36472
0.402286 21816
0.402292 81022
0.402293 42930
0.402295 80550
0.402296 23991
0.402296 37907
0.402296 95029
0.402301 28268
0.402303 48984
0.402306 10670
0.402313 42565
0.402319 12571
0.40232 83836
0.40233 12325
0.402332 6183
0.402334 21108
0.402342 73648
0.402347 3963
0.402352 16747
0.402362 56622
0.40238 84756
0.402391 34916
0.402409 76485
0.402415 57512
0.402417 33351
0.402417 57070
0.402422 24039
0.402432 17632
0.402448 66939
0.402456 94916
0.402459 25818
0.402462 4148
0.402469 76592
0.402478 6456
0.402488 4036
0.402493 91962
0.402497 708
0.402503 55514
0.402504 67676
0.402507 85945
0.402512 43498
0.402538 26012
0.402538 8501
0.402539 91351
0.402595 72607
0.402605 62191
0.402611 74138
0.402624 50577
0.402624 60147
0.402624 63444
0.40263 99397
0.402653 80566
0.402655 37283
0.402655 77087
0.402658 58398
0.40266 51233
0.402676 51659
0.402704 74010
0.402711 23599
0.402714 86662
0.402721 13133
0.402728 90011
0.40273 60746
0.40273 96743
0.402742 28103
0.402743 61370
0.40276 39111
0.402765 69166
0.402766 79132
0.402772 80189
0.402809 70734
0.40282 22670
0.40282 77439
0.402825 44846
0.402851 4073
0.402867 78549
0.402874 8383
0.402874 99624
0.402909 27053
0.402915 71560
0.402959 55821
0.402969 94840
0.403013 71665
0.403022 6865
0.403028 43347
0.40304 29279
0.403044 37489
0.403048 19570
0.403049 76265
0.403049 84489
0.403053 100779
0.403053 101779
0.403065 61846
0.403071 93860
0.403074 46184
0.403084 28018
0.40309 16527
0.403097 28618
0.403103 56213
0.403112 38464
0.40313 77427
0.403131 83806
0.40314 99168
0.403143 55702
0.403165 17400
0.403181 75959
0.403199 27636
0.403201 92703
0.403202 47506
0.403203 25222
0.40321 94185
0.403212 54452
0.403214 18226
0.403233 6513
0.403273 9553
0.403274 77603
0.403277 21116
0.40329 70713
0.403301 24802
0.403324 50365
0.403329 31341
0.403361 24265
0.403392 81209
0.403408 93082
0.403409 57075
0.403413 17456
0.403436 63203
0.403438 42090
0.403443 88678
0.403445 100799
0.403445 101799
0.403454 57685
0.403456 95622
0.403468 54102
0.403469 46328
0.403476 3460
0.403477 21154
0.403484 33389
0.403489 13544
0.403501 61256
0.403517 6894
0.403519 38479
0.403524 10196
0.403536 38156
0.403547 26635
0.403547 33835
0.403567 10854
0.403568 6080
0.403571 100095
0.403571 101095
0.403571 102095
0.403575 81967
0.403577 48131
0.40358 7679
0.403604 12719
0.403607 79208
0.403617 96616
0.403619 67375
0.403634 32514
0.403638 47453
0.403639 80592
0.403643 93225
0.403672 85304
0.403685 81134
0.403691 58818
0.403698 27684
0.403699 21139
0.403705 7183
0.403716 70579
0.403717 40882
0.403723 63291
0.40373 5777
0.403757 80794
0.403758 35538
0.403764 94048
0.403773 50463
0.403773 64642
0.403785 88375
0.403788 34838
0.403811 17563
0.403813 46347
0.403813 85312
0.403828 67897
0.403831 12680
0.403831 31562
0.40384 20726
0.403855 43269
0.403859 225
0.403872 37573
0.403875 77218
0.403894 51937
0.4039 72466
0.403909 83331
0.403922 66927
0.403923 43922
0.403934 58749
0.403953 16131
0.403954 85839
0.403978 77852
0.403995 55726
0.403997 59845
0.404001 95194
0.404011 23431
0.404028 89593
0.404029 87063
0.404032 80983
0.404038 12488
0.404047 32089
0.404054 15078
0.404072 82194
0.404072 994
0.404085 11756
0.404109 58079
0.404109 82144
0.404115 50366
0.404115 75004
0.404117 82547
0.404121 44318
0.404122 6110
0.404128 54840
0.404135 81065
0.404142 58924
0.404159 76063
0.404168 100572
0.404168 101572
0.404177 7400
0.404178 79726
0.404179 98269
0.40419 12360
0.404196 22884
0.404198 58633
0.404199 26144
0.404208 19112
0.404239 3340
0.404249 5152
0.40425 27252
0.404253 26425
0.404282 51762
0.404297 82814
0.404299 46549
0.404317 6164
0.404318 11293
0.404355 19674
0.404362 24447
0.404362 51677
0.404366 97486
0.404372 67565
0.404374 56898
0.40438 29599
0.404385 66635
242 251