1 2
256
0 0.757769
0.001908 1351
0.001988 1275
0.002704 1186
0.005669 1361
0.012632 1296
0.013282 1408
0.014496 1328
0.016726 1165
0.018116 1175
0.019191 1256
0.023483 1190
0.024962 1295
0.029929 1303
0.032726 1292
0.034616 1264
0.0357 1339
0.040726 1359
0.040747 1225
0.041419 1249
0.046294 1388
0.051855 1200
0.052512 1158
0.054525 1364
0.055128 1267
0.059666 1289
0.062326 1185
0.062974 1315
0.065079 1215
0.065438 1217
0.068173 1322
0.070315 1320
0.08004 1277
0.082955 1376
0.084794 1291
0.0892 1260
0.107524 1189
0.113651 1252
0.115985 1284
0.117358 1362
0.117739 1242
0.11796 1182
0.119849 1237
0.123599 1279
0.124243 1360
0.125491 1194
0.128934 1301
0.131516 1180
0.139687 1212
0.141623 1395
0.146015 1367
0.148792 1276
0.148985 1382
0.150032 1219
0.158577 1299
0.164917 1181
0.167101 1282
0.168496 1337
0.1703 1317
0.170511 1253
0.170756 1210
0.171561 1401
0.177354 1271
0.184358 1173
0.200611 1394
0.206603 1342
0.207672 1397
0.219406 1257
0.240779 1387
0.255623 1393
0.264958 1338
0.264996 1347
0.267033 1323
0.276557 1240
0.306493 1336
0.310175 1169
0.316451 1204
0.318274 1348
0.319466 1183
0.320863 1184
0.323634 1304
0.323638 1177
0.329268 1196
0.331366 1327
0.33205 1379
0.332443 1294
0.346623 1166
0.347416 1375
0.348224 1213
0.362654 1193
0.363567 1403
0.3647 1202
0.367901 1356
0.370264 1398
0.370732 1312
0.371928 1239
0.378866 1357
0.383831 1344
0.387487 1407
0.392666 1234
0.39359 1325
0.394289 1290
0.399775 1170
0.400969 1389
0.409033 1280
0.409243 1203
0.413268 1191
0.42145 1324
0.422605 1343
0.428504 1216
0.432735 1172
0.434621 1402
0.439532 1188
0.441786 1254
0.446629 1341
0.450194 1178
0.454582 1400
0.454932 1396
0.459065 1333
0.464785 1378
0.465792 1335
0.470275 1287
0.476259 1201
0.485311 1385
0.487686 1311
0.498375 1366
0.503566 1241
0.506414 1223
0.511023 1278
0.523866 1266
0.525567 1272
0.525857 1293
0.54039 1209
0.540847 1238
0.543075 1265
0.54545 1214
0.546395 1274
0.552423 1161
0.558626 1406
0.560854 1269
0.561173 1309
0.562727 1268
0.564333 1171
0.569061 1353
0.569692 1374
0.584399 1250
0.59101 1221
0.595054 1157
0.607194 1305
0.613872 1174
0.619173 1331
0.623509 1297
0.624107 1245
0.625007 1205
0.625029 1206
0.627512 1372
0.63042 1354
0.632412 1300
0.634408 1316
0.636396 1390
0.636579 1207
0.637667 1229
0.638943 1399
0.651742 1176
0.662068 1244
0.662765 1306
0.668304 1224
0.67153 1363
0.673934 1404
0.683553 1286
0.695137 1298
0.696747 1391
0.705623 1332
0.718625 1251
0.719452 1377
0.720117 1340
0.726518 1262
0.728142 1346
0.732174 1326
0.736019 1319
0.738958 1373
0.745983 1226
0.747592 1243
0.751877 1310
0.753982 1302
0.754738 1365
0.754757 1230
0.757769 360
0.759482 135
0.759878 1246
0.760617 684
0.760798 890
0.762121 1263
0.762136 1167
0.762268 233
0.762527 1314
0.764118 722
0.764213 1195
0.765515 509
0.766039 1247
0.766871 643
0.766916 1283
0.768494 727
0.769451 240
0.770941 726
0.771265 644
0.772543 1350
0.77262 833
0.773656 353
0.774504 710
0.77457 1197
0.774743 639
0.775493 179
0.775635 1051
0.775936 819
0.77598 425
0.776898 1380
0.777186 1168
0.777455 1151
0.780683 951
0.781859 497
0.782783 1355
0.784545 658
0.785978 1233
0.786573 1232
0.787455 1040
0.787951 705
0.788228 879
0.7887 227
0.789107 1321
0.790209 1329
0.791738 1138
0.791957 603
0.792031 859
0.792651 1142
0.792874 818
0.793338 1405
0.793376 602
0.793739 795
0.794104 1078
0.79541 679
0.79589 1199
0.795915 685
0.797268 1208
0.799039 1164
0.799563 343
0.799798 906
0.80062 476
0.800819 1054
0.800863 1159
0.801607 1330
0.803406 312
0.804829 598
0.804931 771
0.805005 1386
0.805087 1069
2