1 2
337
0.675052 37925
0.675052 57394
0.675061 32549
0.675071 81296
0.675077 38758
0.675078 57680
0.67508 3509
0.6751 46060
0.675135 26251
0.67514 55396
0.675189 36185
0.67519 54090
0.675193 29872
0.6752 99543
0.675203 85052
0.675224 80065
0.675256 164
0.675259 26783
0.675269 81554
0.675272 4462
0.675317 85339
0.675353 33657
0.675355 68541
0.675363 54237
0.675381 53772
0.675385 3607
0.675396 93566
0.675398 61902
0.675402 37873
0.675405 76900
0.675416 45205
0.675442 61704
0.675453 91060
0.67547 16565
0.67547 96737
0.675471 5089
0.675473 36170
0.675475 19414
0.675486 60293
0.6755 9480
0.675519 75849
0.675529 30248
0.675543 63311
0.675555 29497
0.675563 46558
0.675565 32594
0.675597 81163
0.675603 41408
0.675613 60681
0.67563 81464
0.675651 40723
0.675652 39907
0.675665 30007
0.675685 11885
0.67569 63600
0.675712 77403
0.675748 15439
0.675751 846
0.675753 5452
0.675758 31211
0.67576 93067
0.675762 28421
0.675763 54276
0.675772 5162
0.67579 80590
0.675808 99432
0.675825 34251
0.675853 89194
0.675855 48007
0.675867 62366
0.675871 90547
0.675884 100536
0.675884 26320
0.675888 26421
0.675907 86435
0.675911 83135
0.675916 41554
0.675932 21213
0.675941 87369
0.675961 72028
0.675996 2463
0.676 93302
0.676007 86674
0.676016 58415
0.676022 6401
0.676049 35698
0.676052 11143
0.676058 61555
0.676072 28878
0.676078 60761
0.676087 49593
0.6761 41783
0.67612 7107
0.676132 68317
0.676141 61027
0.676148 6914
0.676151 89719
0.676151 90669
0.676152 93603
0.676158 10095
0.676158 11940
0.676184 16765
0.676191 50760
0.676211 8641
0.676238 49854
0.676255 89406
0.676262 66639
0.676293 45073
0.676296 86231
0.67631 35701
0.676315 65804
0.676328 91578
0.676334 26710
0.676345 427
0.676356 83823
0.67636 9677
0.676366 36163
0.676373 52828
0.676399 14147
0.676425 4827
0.676427 96884
0.676429 15423
0.676437 85749
0.67644 54912
0.676444 8218
0.676445 99137
0.676447 68912
0.676511 908
0.676517 81259
0.676523 33713
0.676525 51470
0.676535 86371
0.676541 90814
0.676542 47882
0.676552 94065
0.676558 54922
0.676562 87616
0.676575 62997
0.676577 2951
0.67658 11151
0.676587 91858
0.676592 61375
0.676595 57509
0.676605 20206
0.676607 37714
0.676608 97238
0.676653 690
0.676659 100575
0.676664 1050
0.676664 90518
0.676677 18261
0.676682 46903
0.676682 68905
0.676699 33206
0.676702 47034
0.676719 6285
0.676726 72836
0.676728 56698
0.676743 96285
0.676759 4624
0.676812 18424
0.676818 15715
0.676826 69455
0.676828 79809
0.676849 31892
0.676881 55439
0.676902 40106
0.676906 37937
0.676924 75664
0.676929 25264
0.676933 85096
0.676936 29824
0.676942 16374
0.676947 10132
0.676956 47934
0.67698 4700
0.676988 59987
0.676996 8464
0.677052 67124
0.677086 37539
0.677106 29091
0.677109 12852
0.677138 93377
0.677161 70351
0.677171 93618
0.677177 45867
0.677207 23317
0.677215 44232
0.677235 66096
0.677235 91096
0.677239 62930
0.677245 23864
0.677257 18552
0.677261 34998
0.677292 57613
0.677306 88818
0.677317 62168
0.677335 65980
0.677338 69994
0.677365 92672
0.677372 7082
0.67738 14709
0.67739 51408
0.677401 9135
0.677416 46015
0.677421 28543
0.677438 74231
0.677449 61386
0.677451 85327
0.677456 56467
0.677463 44036
0.677465 27277
0.677486 38832
0.677495 59811
0.677498 20043
0.677518 34728
0.677518 99761
0.677532 98698
0.677534 44639
0.677545 97020
0.677563 43681
0.677572 34852
0.67758 69458
0.677593 47977
0.677612 47229
0.677613 50726
0.677631 64158
0.677645 85399
0.677647 53919
0.677647 72439
0.677655 66650
0.677661 80298
0.677668 5562
0.677676 43577
0.677693 73554
0.677708 47283
0.677709 96676
0.67771 19866
0.677735 44014
0.677737 28432
0.677765 30327
0.677776 21446
0.677809 56674
0.677812 55771
0.677821 30797
0.677822 12718
0.677828 19614
0.677841 53682
0.677849 25842
0.677884 82118
0.677884 94704
0.677896 56958
0.677917 38124
0.677921 61179
0.677927 16760
0.677938 241
0.677953 100503
0.677976 92670
0.677992 63914
0.677999 55622
0.678034 55638
0.678035 38139
0.678036 59928
0.678039 6121
0.67808 71862
0.678089 70643
0.678097 51190
0.678098 70886
0.678104 22733
0.678118 33763
0.678131 12512
0.678133 92535
0.678146 50796
0.678155 53142
0.678159 48262
0.678163 24153
0.678164 51335
0.678178 38572
0.67821 88409
0.678217 7043
0.67822 73828
0.678235 85363
0.678251 49859
0.678267 24615
0.678279 6625
0.678318 86198
0.678318 98843
0.678321 16570
0.678341 33596
0.678342 49227
0.678344 24560
0.678344 63591
0.678345 95909
0.678366 27324
0.67837 45791
0.67838 37836
0.678382 1611
0.67839 71204
0.678393 17257
0.678395 57434
0.6784 14691
0.678415 40362
0.678427 42063
0.678442 38131
0.678472 62963
0.678483 29977
0.678488 58781
0.678489 80731
0.678498 76607
0.678501 27455
0.678501 70269
0.678511 2602
0.678512 62339
0.678517 99919
0.678519 25919
0.678526 16454
0.678528 27198
0.678539 81142
0.678545 4264
0.678573 98776
0.678591 34802
0.678591 4503
0.678598 37294
0.678622 69771
0.678637 84415
0.678652 60176
0.678653 95151
0.678657 7120
0.678672 65299
0.678676 5523
0.678676 734
0.678682 67608
0.678686 20582
0.678711 58632
0.678714 7232
0.678732 39102
0.67874 95551
175 243