1 2
401
0.073403 2129
0.07342 68082
0.073427 17110
0.073427 38207
0.073435 24528
0.073447 5148
0.073451 36568
0.073461 67042
0.073479 19280
0.07349 79872
0.073513 49314
0.073519 15352
0.073519 39345
0.073545 97850
0.07356 76365
0.073577 63515
0.073581 40328
0.073591 16490
0.073594 58888
0.073635 83054
0.073636 5252
0.073663 55927
0.073701 69483
0.073711 79111
0.073714 18155
0.073717 40378
0.073739 15320
0.073747 61743
0.073752 67463
0.073755 22032
0.073781 26735
0.073782 29039
0.073804 12419
0.073811 57252
0.073821 81991
0.073844 35115
0.073866 77240
0.073881 57798
0.073894 64552
0.073898 49742
0.073908 47339
0.073923 37713
0.073931 52748
0.073937 6988
0.074 63766
0.074013 48731
0.074025 20930
0.074044 60323
0.074047 31378
0.074049 79085
0.074064 26785
0.074069 42987
0.074111 93174
0.074122 51529
0.074129 12202
0.074139 37192
0.074149 53924
0.074151 62837
0.074153 8089
0.074161 44562
0.074167 47196
0.074173 49560
0.074186 50502
0.074193 104
0.0742 42592
0.074205 2724
0.07421 40377
0.074212 21206
0.074227 6289
0.074228 864
0.074255 69983
0.074262 91126
0.074272 30975
0.074273 42752
0.074284 43693
0.074292 18317
0.074294 28274
0.074298 67453
0.074303 51384
0.074318 59915
0.074324 1686
0.074329 36373
0.074332 99687
0.07434 91711
0.074343 2829
0.074347 4415
0.074351 14953
0.074365 1737
0.074399 12782
0.074401 38458
0.074413 96506
0.074418 12794
0.074436 26205
0.074462 46408
0.074462 50721
0.074465 82355
0.074468 54411
0.074493 29534
0.074504 31727
0.074515 67343
0.074522 2099
0.074532 41176
0.074538 40420
0.074547 82551
0.074555 96674
0.074558 6319
0.074568 61294
0.074581 11831
0.074588 59630
0.074606 74145
0.074637 81802
0.074652 76781
0.074669 93350
0.074672 53131
0.074673 19963
0.074689 87327
0.074696 90355
0.074696 9204
0.074698 64035
0.074715 87643
0.07472 14622
0.074738 76503
0.074739 17229
0.074776 83193
0.074788 30186
0.074792 19751
0.074793 52581
0.074795 47894
0.074797 49699
0.074801 34629
0.074807 25165
0.074849 53030
0.074857 51872
0.074861 7398
0.074871 16316
0.074877 78573
0.074881 9545
0.074883 18154
0.074883 47532
0.074894 33249
0.074894 97601
0.074895 95015
0.074906 67580
0.074912 92414
0.074916 67393
0.074926 55496
0.074936 76998
0.074941 92996
0.074956 43050
0.074957 45005
0.074958 53498
0.074971 55722
0.074975 9933
0.075 32773
0.075017 95346
0.075018 11131
0.075024 41197
0.075028 74595
0.07504 93654
0.075047 82349
0.075063 14092
0.075064 74166
0.075066 46307
0.075077 47814
0.075112 99806
0.075153 682
0.075155 83274
0.075159 95349
0.075164 74821
0.075167 97550
0.075172 79615
0.075191 89482
0.075226 24859
0.075232 97945
0.075239 32750
0.075243 15789
0.075253 22606
0.075254 38380
0.075278 67680
0.075311 34647
0.075321 90434
0.075328 98205
0.075339 90242
0.07534 12123
0.075346 41545
0.075351 48112
0.075353 60679
0.075355 63225
0.075357 50594
0.075358 4658
0.075359 11878
0.075366 1764
0.075407 71282
0.075412 76285
0.075434 99851
0.075449 44714
0.075458 91595
0.07546 48615
0.075465 89294
0.075492 15335
0.075497 58916
0.075498 22546
0.075506 87816
0.075521 75282
0.075525 91185
0.075528 76569
0.075535 41432
0.075536 86745
0.07555 45102
0.075573 90958
0.075585 71256
0.075593 15919
0.075595 21638
0.0756 73781
0.075605 61740
0.075607 53646
0.075622 87279
0.075622 93049
0.075625 15493
0.075634 90670
0.075647 78173
0.07565 28123
0.075662 35428
0.075663 50775
0.075681 95238
0.075712 99277
0.075714 47120
0.075733 79832
0.075741 90514
0.075745 14969
0.075751 71590
0.075759 20895
0.075765 223
0.075767 28360
0.075775 46012
0.07581 87707
0.075815 22600
0.075832 35236
0.075841 5998
0.075846 17103
0.0759 22288
0.075901 54624
0.075905 10008
0.075923 63456
0.07594 41235
0.075944 65199
0.075945 42846
0.075948 47318
0.075956 19369
0.075981 88254
0.075985 37361
0.075992 11015
0.076007 100133
0.076017 83559
0.07602 18365
0.076021 26852
0.076034 75253
0.076035 68522
0.076036 85616
0.076043 21906
0.07605 14708
0.076053 77039
0.076072 21518
0.07608 53557
0.076096 44936
0.076097 28354
0.076097 46064
0.0761 91757
0.076117 93688
0.076126 76664
0.076132 100735
0.076133 76656
0.076134 17226
0.076134 38135
0.076137 88749
0.076144 93228
0.076157 6552
0.076176 96605
0.076177 25294
0.076191 56871
0.076204 26939
0.076227 74860
0.076234 51108
0.076234 63125
0.076243 53251
0.076246 59925
0.076248 25558
0.076261 70692
0.076263 41506
0.076266 17189
0.076284 26348
0.076295 80452
0.076308 68880
0.076322 63540
0.076326 46501
0.076339 28855
0.076342 7163
0.076346 45809
0.076351 52239
0.076362 69119
0.076366 46324
0.076375 97340
0.076379 94193
0.076422 28764
0.07644 44300
0.076445 22058
0.076453 95820
0.076464 80743
0.076481 5648
0.076481 98156
0.076487 51994
0.076488 20859
0.076488 70680
0.076492 69304
0.076493 68228
0.076497 76206
0.076515 64311
0.076528 12816
0.076529 100567
0.076531 55134
0.07657 3755
0.076571 2286
0.076572 91533
0.076589 100650
0.076595 70040
0.076599 37956
0.076623 76878
0.076642 85905
0.076645 97353
0.076651 15884
0.07666 91080
0.076671 90021
0.076672 35311
0.076673 68474
0.076688 87550
0.076715 9000
0.076725 17250
0.076725 89963
0.076727 30200
0.076731 65388
0.076739 51480
0.07674 69510
0.076746 96965
0.076754 74051
0.076775 65312
0.07678 92202
0.0768 77776
0.076813 57789
0.076821 40746
0.076825 51154
0.076833 61537
0.076835 28607
0.076892 26279
0.076917 11916
0.076921 47562
0.076926 75717
0.07693 58199
0.076942 12298
0.076963 10858
0.076972 52106
0.076984 46455
0.07699 100161
0.077002 94018
0.077007 73482
0.077031 14914
0.077031 45382
0.077035 37200
0.07704 71599
0.077052 45741
0.077063 77400
0.077066 80023
0.077068 11472
0.077087 52940
0.077091 91558
0.077105 78273
0.077109 86981
0.077111 97861
0.077112 93597
0.077119 20201
0.077184 63178
0.077185 33020
0.077186 40815
0.07719 18203
0.07719 5020
0.077199 77897
0.077203 40368
0.077228 67519
0.07725 95146
0.077271 11852
0.077279 79812
0.077301 20768
0.077317 88530
0.07737 98363
0.077383 40666
0.077394 81754
0.077394 94246
0.077401 18994
0.077401 79793
0.077402 9238
0.077404 82787
0.077416 21401
222 212