1 2
405
0.827167 53297
0.82717 95519
0.827195 63807
0.827214 68672
0.827226 51467
0.827232 63007
0.827263 72734
0.827264 49804
0.827268 80195
0.827277 90535
0.827284 26898
0.827292 24798
0.827296 82859
0.827308 47751
0.827339 28831
0.827342 19263
0.827349 77775
0.827374 95370
0.827386 10170
0.827391 99466
0.827402 81034
0.82742 77352
0.827433 81241
0.827455 53044
0.827455 56420
0.827456 93793
0.827464 23816
0.827466 5946
0.827474 81595
0.82748 28948
0.827497 57322
0.827506 96982
0.827518 28080
0.82754 53239
0.827541 40349
0.827577 76138
0.827582 65678
0.827583 68491
0.827585 72493
0.827606 12734
0.827631 68100
0.827651 65482
0.827658 17245
0.827673 89086
0.827674 99965
0.827678 39020
0.827731 39913
0.827732 54718
0.827734 62319
0.827735 98318
0.827754 87741
0.827754 92676
0.827755 72676
0.827756 83128
0.827764 10592
0.827768 77908
0.827778 8182
0.82778 55625
0.827785 99569
0.82779 94417
0.827794 17770
0.827797 32916
0.827798 30518
0.827823 20762
0.827823 85426
0.827824 90188
0.827825 49659
0.827858 70439
0.827863 10316
0.827864 78075
0.827865 47080
0.827867 24516
0.82787 30013
0.827874 71492
0.827882 65964
0.827896 36248
0.827898 35444
0.827905 64032
0.827909 89811
0.827916 5838
0.827923 65923
0.827932 19932
0.827932 29162
0.827937 28369
0.827937 81438
0.827944 19734
0.827961 92875
0.827963 6707
0.827965 76843
0.827982 29847
0.827985 45929
0.827988 74916
0.828037 14836
0.828044 55255
0.828049 37894
0.828061 22468
0.828067 11632
0.828084 1848
0.828084 6967
0.828089 34004
0.828104 60292
0.828114 18786
0.82814 30350
0.828141 98521
0.828144 68351
0.828145 41641
0.828159 93198
0.828161 65910
0.828162 519
0.828172 31325
0.828187 73598
0.82819 81102
0.828204 90079
0.828206 6485
0.828208 28250
0.828212 83318
0.828229 22719
0.828231 51632
0.828231 60795
0.828241 49948
0.828242 58063
0.82825 38551
0.828252 92997
0.828269 17322
0.828269 91600
0.828276 16687
0.828285 41298
0.828288 83280
0.828297 81429
0.828307 66137
0.828318 41267
0.828322 47407
0.828323 47959
0.828343 22932
0.828362 94541
0.828364 56536
0.828376 41589
0.828379 72241
0.82838 42062
0.828385 75224
0.82839 10120
0.828403 47420
0.828416 4920
0.828418 33143
0.82842 25822
0.828434 30845
0.828462 55469
0.828463 7334
0.828464 93575
0.828474 15926
0.828488 74585
0.828495 70892
0.828499 3287
0.828512 85143
0.828533 9034
0.828552 19847
0.828557 62093
0.828566 54838
0.828592 29554
0.828594 28893
0.8286 65325
0.828603 83389
0.828603 96240
0.828616 77081
0.828625 47914
0.828629 80670
0.82863 59798
0.82863 76587
0.828635 38672
0.828647 98948
0.828655 90249
0.828664 44224
0.828677 74446
0.828691 30721
0.828697 31523
0.82871 70533
0.828712 81746
0.828735 23432
0.828747 68645
0.828748 29276
0.828756 49622
0.828783 32387
0.828784 59427
0.828786 6974
0.828793 60376
0.828795 30513
0.828817 25376
0.828824 244
0.82886 27419
0.828861 43353
0.828872 23005
0.828878 100059
0.828878 101059
0.828878 102059
0.828884 72057
0.828888 58396
0.828893 5773
0.8289 77267
0.828915 60884
0.828953 20056
0.828958 46212
0.828982 21558
0.828984 28214
0.828992 11379
0.829001 22303
0.829006 98486
0.82901 95452
0.829017 11735
0.829031 51718
0.829039 67104
0.829051 85270
0.829059 3830
0.829059 53801
0.82907 80747
0.829072 77695
0.829084 82684
0.829101 36734
0.829138 60612
0.829165 21428
0.82917 54986
0.829186 72247
0.829196 1160
0.829198 60615
0.829201 87599
0.82922 13367
0.829234 96132
0.829238 78559
0.829262 82910
0.829292 60072
0.829297 94674
0.829325 83569
0.829361 8980
0.829371 92012
0.829385 26975
0.829392 46518
0.829396 8327
0.829408 1582
0.829409 86417
0.829414 81735
0.829415 62471
0.829419 61457
0.829422 72954
0.829426 11778
0.82943 58892
0.829433 98398
0.829444 36006
0.829477 66108
0.82949 59087
0.829519 9498
0.829528 36964
0.82953 95479
0.829533 96699
0.829538 60177
0.829541 658
0.829544 22844
0.829553 14148
0.829559 93139
0.829567 28695
0.829577 76210
0.829587 45398
0.829597 48009
0.829618 11354
0.829618 27235
0.829621 46498
0.829622 87359
0.829642 31886
0.82966 41647
0.829666 62245
0.8297 87253
0.829704 86603
0.829711 26712
0.829738 27668
0.82974 37313
0.829749 62045
0.829752 99509
0.829759 21466
0.82976 52827
0.829764 20263
0.829766 92361
0.829778 34653
0.829797 2733
0.829843 12730
0.829853 34199
0.829858 16977
0.829865 34192
0.829869 52604
0.829878 82055
0.829896 11377
0.829902 93810
0.829903 20092
0.829925 70931
0.829926 100853
0.829926 101853
0.829932 80930
0.829936 7173
0.829951 100397
0.829951 101397
0.829952 85467
0.829954 15303
0.829956 34939
0.829972 30105
0.829979 67548
0.829997 57545
0.830041 36729
0.830062 62511
0.830071 53227
0.830074 92380
0.830078 89883
0.830079 65501
0.830109 39419
0.830109 76487
0.830116 4497
0.830146 77759
0.830172 29835
0.83018 79014
0.830181 68199
0.830196 89725
0.830211 74387
0.830215 92769
0.830217 19825
0.830229 85306
0.830233 33482
0.830237 62453
0.830242 40950
0.830246 68074
0.830267 78568
0.830283 98651
0.830289 31712
0.830311 60755
0.83032 13069
0.830348 95427
0.830352 36890
0.830372 11421
0.830376 36433
0.830377 63074
0.830377 95816
0.830379 10844
0.830392 38292
0.830399 3577
0.830406 46163
0.830414 18781
0.830418 29811
0.830427 48850
0.830453 56135
0.830482 100526
0.830482 101526
0.830487 92522
0.83049 25033
0.830501 19964
0.830518 85333
0.830525 76500
0.830529 61060
0.830532 74134
0.830537 90947
0.830557 5299
0.830562 22013
0.830578 93102
0.830585 65778
0.830591 15251
0.830593 82781
0.830594 61207
0.830609 42597
0.830639 60584
0.83064 7512
0.830664 54071
0.830665 59780
0.830677 98937
0.830679 49776
0.830697 74776
0.830714 55349
0.83075 25746
0.830765 40459
0.830772 15112
0.830772 55886
0.830777 66073
0.830812 45024
0.830824 71743
0.830824 80208
0.830825 79924
0.830826 10795
0.830839 82674
0.830851 55411
0.830864 77060
0.830869 56919
0.830898 65755
0.830916 36730
0.830917 15410
0.830926 91979
0.830927 80967
0.83095 45669
0.830952 48428
0.830955 3991
0.830959 13055
0.83096 40605
0.830962 87420
0.830974 50862
0.830976 107
0.830992 7217
0.831016 55781
0.831032 4289
0.831034 47989
0.83104 2912
0.831053 80651
0.831069 17944
0.831075 51910
248 199