1 2
398
0.797991 28187
0.798 67173
0.798011 35544
0.798019 6472
0.798034 35903
0.798055 91782
0.798064 71509
0.798065 73625
0.798072 42446
0.798076 5578
0.798091 26834
0.798098 19668
0.798113 87825
0.79815 38493
0.798161 36419
0.798161 51887
0.798163 32372
0.798168 81826
0.798175 48517
0.798182 2688
0.798183 72366
0.798185 24638
0.798194 31284
0.798199 61542
0.7982 14167
0.798202 80469
0.798241 19694
0.798245 8104
0.79825 72191
0.798258 20376
0.798273 37026
0.798304 85859
0.798306 17846
0.798306 58166
0.798309 19718
0.798333 27707
0.798335 19603
0.798393 61282
0.798401 44822
0.798418 68504
0.798419 78957
0.79842 22920
0.798428 35122
0.798438 76652
0.798445 10121
0.798466 87057
0.798482 20469
0.798524 96821
0.798546 54897
0.798548 4631
0.798553 57523
0.798563 84070
0.798574 67925
0.798581 100917
0.798581 101917
0.798583 72510
0.798586 32374
0.798605 19260
0.798609 57335
0.79861 20621
0.79862 36993
0.798622 21647
0.798622 44646
0.798623 18865
0.798627 80929
0.798632 55802
0.798663 69272
0.798684 27932
0.798692 38588
0.798694 89950
0.7987 66515
0.798727 17423
0.798743 14174
0.798754 57521
0.798792 31829
0.798808 52455
0.798818 100421
0.798818 101421
0.798847 69445
0.798871 46694
0.798901 55811
0.798917 80024
0.798922 70837
0.798928 73082
0.798933 97725
0.798936 16302
0.79894 11024
0.798942 67864
0.798942 97565
0.798948 78480
0.79896 78431
0.798977 5926
0.798985 23916
0.799002 32831
0.799004 66750
0.799025 96856
0.799039 1164
0.799042 18822
0.799046 82734
0.799063 33000
0.799072 2920
0.799072 69263
0.799073 38413
0.79909 26141
0.799103 86391
0.799104 24451
0.79911 70587
0.799128 49244
0.799129 53007
0.799142 20952
0.799155 55823
0.799158 30394
0.799176 21766
0.799178 74133
0.799185 10384
0.799188 38684
0.799195 17097
0.799198 93105
0.799208 70905
0.799209 78537
0.79922 57755
0.799221 48933
0.799232 19436
0.799289 95949
0.799308 2915
0.799314 46535
0.799317 43392
0.799338 11556
0.799338 30317
0.799343 14990
0.799361 83729
0.799382 29307
0.799383 48119
0.799387 87940
0.799391 47594
0.799407 2813
0.79943 37647
0.79943 43711
0.799432 95925
0.799437 13616
0.799442 33980
0.799444 96700
0.799474 59742
0.799487 100874
0.799487 101874
0.799501 73723
0.799511 28396
0.799515 80186
0.799536 99585
0.799539 91999
0.799541 53690
0.799545 44835
0.799549 54063
0.799563 903
0.799582 86158
0.799587 65908
0.799594 67791
0.799598 49045
0.799614 38751
0.799623 16359
0.799624 43973
0.799628 18373
0.799634 25731
0.799644 36970
0.799648 72505
0.799661 84540
0.799675 60944
0.799689 12871
0.799698 83997
0.799703 43548
0.799715 49523
0.799729 42512
0.799748 32166
0.799752 100705
0.799752 101705
0.799769 61920
0.799778 91210
0.799787 48539
0.799798 575
0.799801 55483
0.799829 37958
0.799867 54320
0.799871 24360
0.799875 37497
0.799876 48694
0.799893 93463
0.799909 51978
0.799916 52509
0.799916 84650
0.799918 30245
0.799923 13456
0.799925 89351
0.799925 90082
0.799968 37822
0.799972 64878
0.800007 12318
0.800007 2557
0.800007 81273
0.800015 61051
0.800029 56917
0.80003 48272
0.800041 27535
0.800043 18083
0.800048 92805
0.800078 59376
0.800079 24578
0.800092 74878
0.800104 59242
0.80011 36320
0.800112 68721
0.800159 40389
0.800165 60083
0.800165 63934
0.800175 2467
0.800176 35168
0.800183 57657
0.800227 7998
0.800238 99061
0.800248 7167
0.80025 95754
0.800264 49156
0.800265 21962
0.800271 79605
0.800273 100845
0.800273 101845
0.800274 21718
0.800282 76381
0.800285 73968
0.800315 98024
0.800323 4355
0.800324 52678
0.800332 66652
0.800345 41927
0.800364 96783
0.800366 25505
0.800377 51753
0.800382 34749
0.800388 13674
0.800403 67769
0.800403 68335
0.800416 19818
0.800417 14793
0.80042 74984
0.800422 47621
0.800444 86661
0.800456 18762
0.800457 28840
0.800465 76599
0.800469 15968
0.800488 80627
0.800491 92204
0.800496 4238
0.80053 26442
0.800532 76139
0.80054 45716
0.800547 41988
0.800551 55873
0.800553 46698
0.800571 99345
0.800617 64615
0.80062 1053
0.800636 11178
0.800636 43748
0.800641 44320
0.800649 23525
0.800663 60521
0.800687 19193
0.800689 62249
0.800694 74135
0.800703 10537
0.800707 36966
0.800707 60973
0.800709 65601
0.800764 67181
0.800771 57333
0.800777 93642
0.800794 41544
0.800795 23368
0.800796 17469
0.800813 18861
0.800814 99280
0.800819 608
0.800821 24234
0.800824 31315
0.800848 60216
0.800855 96639
0.800863 1159
0.800866 9380
0.800878 30410
0.800886 25118
0.800894 50587
0.800915 94011
0.800918 50116
0.800928 65674
0.800951 32423
0.800951 59243
0.800951 61590
0.800953 19688
0.800953 40749
0.800957 39153
0.800959 7041
0.800963 87693
0.800964 73258
0.800964 95295
0.800965 87705
0.800974 39017
0.800975 61452
0.800977 74400
0.80098 83570
0.800993 99495
0.800994 36997
0.801001 98633
0.801007 68869
0.801025 40722
0.801035 41040
0.80105 21974
0.801064 83048
0.801082 5702
0.801096 75330
0.801102 40794
0.801129 40857
0.801134 96025
0.801136 15147
0.80114 2215
0.801151 40787
0.801151 85977
0.80116 51890
0.801186 48034
0.801189 95187
0.801196 99913
0.801197 8115
0.801209 68893
0.801223 9353
0.801226 51760
0.80123 66286
0.801252 63936
0.801253 95708
0.801258 42854
0.801269 58908
0.801277 85355
0.801285 99166
0.80129 68980
0.801301 73310
0.801327 74388
0.801331 71020
0.801335 75523
0.801348 14897
0.801348 35094
0.801353 85011
0.801365 61014
0.801372 6921
0.801375 88949
0.801389 97335
0.801393 43235
0.801398 37509
0.801407 69689
0.801425 88247
0.801429 7667
0.801436 44620
0.801439 74375
0.801446 93392
0.801453 51080
0.801478 65217
0.801494 87055
0.80151 54386
0.801537 35627
0.801555 42351
0.80157 66004
0.801575 7115
0.801585 88669
0.801589 96704
0.80159 62145
0.801601 95813
0.801607 1330
0.801619 52524
0.801622 44889
0.801626 46893
0.801634 92778
0.801645 82063
0.801654 24941
0.801691 32873
0.801694 94509
0.801704 11557
0.801705 18342
0.801705 32619
0.801719 25676
0.80173 84337
0.801734 56312
0.801754 21404
0.801767 72370
0.80177 95384
0.801831 84933
0.801855 42675
0.801859 71960
0.801874 10919
0.801882 34118
0.80189 66146
0.80189 87154
250 201