1 2
385
0.857262 1864
0.857263 78119
0.857269 2887
0.85728 64875
0.857291 80034
0.857292 98848
0.85733 63828
0.857337 30689
0.857347 75155
0.857352 68182
0.857384 33401
0.857387 71766
0.857406 88002
0.857407 23445
0.857441 38276
0.857448 11074
0.857455 94408
0.857492 90647
0.857504 96425
0.857519 13365
0.857531 2238
0.857532 18779
0.857552 12655
0.857552 732
0.857568 35874
0.857573 88283
0.857587 23933
0.857608 89401
0.857619 98299
0.857645 77605
0.857684 68690
0.857685 24805
0.85769 46747
0.857711 23918
0.857716 98351
0.857732 71981
0.857739 5780
0.857743 70085
0.857746 40805
0.85775 37630
0.85775 80615
0.857757 80393
0.857761 9820
0.857781 68253
0.857782 26634
0.857787 32336
0.857789 62816
0.857795 2740
0.857801 35445
0.857805 56151
0.857807 23243
0.857814 45128
0.857831 62509
0.857838 97564
0.85784 65971
0.857841 36859
0.85785 42274
0.857853 60325
0.857856 92070
0.857869 79432
0.857879 55544
0.85788 49942
0.857882 2164
0.857886 53803
0.85789 62639
0.857891 50270
0.857901 16386
0.857902 69097
0.857914 37775
0.857926 38936
0.857928 61000
0.857956 5102
0.857988 30251
0.85799 1052
0.85801 91887
0.858033 62730
0.858039 20623
0.858043 70290
0.858047 34599
0.858047 59334
0.858068 25239
0.858069 27691
0.858071 25098
0.858096 38299
0.858102 26468
0.858108 64868
0.85812 45453
0.858121 65520
0.858129 52594
0.858131 16764
0.858158 13699
0.858161 46304
0.858172 39129
0.858185 53717
0.858188 6290
0.858189 88085
0.858191 84144
0.858205 38021
0.858206 36815
0.858212 55690
0.85822 19312
0.858221 49283
0.858235 28972
0.858241 57986
0.858253 59929
0.858257 30571
0.858278 87995
0.858279 58416
0.858282 1968
0.858285 1001
0.858303 96023
0.858342 62949
0.858367 95273
0.858374 77866
0.858382 45474
0.858382 7705
0.858385 63250
0.858396 51133
0.858399 29731
0.858405 41181
0.858411 100480
0.858411 101480
0.858415 30826
0.858434 35382
0.858451 40675
0.858454 35683
0.85846 28110
0.85847 22738
0.858471 92054
0.858474 8036
0.85849 16220
0.858491 53428
0.858492 2664
0.858499 93113
0.858501 73599
0.858506 100252
0.858506 101252
0.858513 17308
0.858515 69497
0.858535 64355
0.858565 76862
0.858569 19160
0.85857 19876
0.858588 72588
0.858632 100449
0.858632 101449
0.858643 55556
0.858671 8917
0.858675 78540
0.858692 78845
0.858693 31444
0.858693 38102
0.858695 2862
0.858708 23163
0.858709 27363
0.858714 98193
0.858717 69032
0.858733 3016
0.858738 98067
0.858763 28279
0.858769 3618
0.858788 51475
0.85879 92301
0.858812 53571
0.858812 82726
0.858815 57791
0.858815 94648
0.858829 5615
0.858835 46917
0.858835 80428
0.858847 39012
0.858868 54132
0.858892 95702
0.858894 90038
0.85891 60041
0.858914 17613
0.858936 31443
0.85895 39530
0.858951 26799
0.85897 34789
0.858972 78407
0.858974 12454
0.858982 63507
0.858986 28186
0.858988 30824
0.858992 18362
0.859013 83388
0.859028 30367
0.85903 2928
0.859049 50965
0.859099 36916
0.859129 36364
0.859142 72887
0.859147 18649
0.859161 82720
0.859182 43676
0.859195 40047
0.859202 70604
0.859214 25364
0.859215 98744
0.859216 69567
0.859233 93395
0.859237 74993
0.859239 78977
0.859272 19815
0.859278 49167
0.859279 81373
0.859291 37074
0.859305 99272
0.859308 72626
0.859311 3305
0.859313 19199
0.859315 50609
0.859347 80308
0.859374 87240
0.859379 14598
0.859381 9929
0.859391 49363
0.859395 17776
0.859402 30949
0.85941 3660
0.859422 57439
0.859447 29219
0.859458 29952
0.859459 36177
0.859475 23833
0.859475 60446
0.859485 95156
0.859486 48950
0.859487 22218
0.8595 68215
0.859502 32126
0.859536 47122
0.859553 4650
0.859562 8122
0.859583 19045
0.859631 39305
0.85965 89746
0.859659 41925
0.85966 48010
0.859677 47663
0.859683 81696
0.859695 27156
0.859695 67557
0.859707 2554
0.859724 71914
0.859725 47076
0.859734 13276
0.859734 88509
0.859792 20506
0.859797 41596
0.859798 61184
0.859814 42778
0.859839 45495
0.859842 97046
0.859856 88428
0.859866 66407
0.85987 34439
0.859881 77118
0.859884 25240
0.859898 34427
0.859913 68647
0.859922 5096
0.859927 62519
0.859928 66878
0.859932 61470
0.859936 84030
0.859945 62209
0.859951 45876
0.859952 20481
0.859961 19842
0.859963 58337
0.859968 61923
0.859981 21548
0.859989 16106
0.859991 57651
0.860001 70024
0.860003 6530
0.860017 61674
0.860017 85705
0.860022 56668
0.860023 95868
0.860025 96489
0.860026 47394
0.86003 49350
0.860034 40134
0.860038 84768
0.860045 44406
0.860059 12819
0.860062 30814
0.86008 29361
0.86008 37825
0.860125 18902
0.860133 87938
0.860136 73636
0.860139 14012
0.860143 11617
0.860147 34788
0.860186 54932
0.860193 99702
0.860195 21211
0.860207 27316
0.860229 12811
0.86023 86381
0.86025 39377
0.860291 56641
0.860303 40580
0.860311 47187
0.860323 97306
0.860338 94970
0.86034 97591
0.860347 92170
0.86035 36417
0.860354 32700
0.860355 91816
0.860358 36845
0.860363 88575
0.860391 3034
0.860404 496
0.860408 37967
0.860417 27738
0.860465 23904
0.860466 76383
0.860475 54991
0.860502 98017
0.860505 61791
0.860528 46199
0.860533 87439
0.860538 6652
0.860552 91560
0.86057 72751
0.860594 39035
0.860594 90937
0.860598 90289
0.860605 50119
0.860606 77449
0.860636 97869
0.86064 77062
0.860645 51623
0.86065 54157
0.860655 77797
0.860657 3318
0.860661 6743
0.860662 56184
0.860673 86210
0.860675 21989
0.860681 91097
0.860689 13751
0.860717 62825
0.860723 428
0.860737 29941
0.860748 60339
0.860753 98231
0.860778 81670
0.860789 65033
0.86079 1248
0.86081 62895
0.860814 9371
0.86082 62976
0.860826 87835
0.860868 12753
0.860876 52327
0.860894 100450
0.860894 101450
0.860904 18657
0.860906 84261
0.860911 42799
0.860929 71882
0.860932 49163
0.860934 39317
0.860963 6167
0.860964 53694
0.860988 7526
0.86099 67895
0.860996 79439
0.860998 95390
0.861001 90198
0.86101 12343
0.861011 20694
0.861011 40667
0.861018 90972
0.861019 68630
0.861033 74828
0.861037 8824
0.861072 79578
235 195