1 2
509
0.213056 34459
0.213063 17630
0.213083 46781
0.213084 15676
0.213084 42306
0.213098 87964
0.213105 95402
0.213147 33667
0.213202 55606
0.21322 38958
0.213235 57417
0.21324 63331
0.213259 20033
0.213278 13304
0.213285 63137
0.213295 68353
0.213298 16979
0.213323 50378
0.213329 85618
0.213342 68836
0.213366 70015
0.213367 52254
0.213404 18429
0.213412 19083
0.213414 44977
0.213428 38005
0.213442 75137
0.21345 57352
0.213455 38343
0.213458 33670
0.213462 3778
0.213466 97818
0.213471 72632
0.213485 61235
0.213503 38586
0.213504 43338
0.213509 80342
0.213521 84738
0.213522 93114
0.213524 85646
0.213543 91855
0.213572 22526
0.213577 39490
0.213593 52117
0.213598 6406
0.213604 82836
0.213617 48017
0.213626 80864
0.213627 100330
0.213635 42590
0.213663 80343
0.213689 16708
0.213724 46405
0.213752 18827
0.213755 25559
0.213765 100217
0.213766 92150
0.213767 34952
0.213778 46459
0.213821 49790
0.213832 14163
0.213848 66986
0.213852 99390
0.213877 55121
0.213877 90942
0.213881 40481
0.213884 48518
0.213893 70306
0.213919 82605
0.213933 35150
0.213934 66154
0.213936 49048
0.213946 53549
0.213973 74218
0.213977 15580
0.213981 69692
0.214 31790
0.21404 38656
0.214044 14235
0.21407 49590
0.21407 80323
0.214074 96442
0.214079 63407
0.214091 67803
0.214092 12070
0.2141 53554
0.21411 21468
0.21411 5644
0.214114 68725
0.21414 65938
0.214146 19276
0.214151 15270
0.214157 67483
0.214163 76132
0.214179 54465
0.214189 50157
0.2142 9581
0.214202 56812
0.214216 44223
0.214216 73958
0.214221 32545
0.21423 9489
0.214232 67329
0.214259 99584
0.214266 20742
0.214269 35281
0.214276 40494
0.214282 48551
0.214284 82970
0.21429 26549
0.214311 56568
0.214316 16534
0.214334 6648
0.214355 68295
0.214364 16836
0.214371 37382
0.214385 50566
0.214388 85084
0.214402 49911
0.214453 67741
0.214457 44618
0.214488 85045
0.214489 41607
0.214499 4471
0.214504 35709
0.214506 1122
0.214525 41575
0.214525 51764
0.214569 74622
0.214599 36722
0.214621 63183
0.214627 70947
0.214631 66357
0.214633 15583
0.214636 23941
0.214641 10731
0.214663 8435
0.214668 26132
0.214681 43746
0.21469 86272
0.214697 24770
0.214698 60501
0.214704 51927
0.21472 19531
0.21473 100692
0.214754 75922
0.214758 66697
0.2148 65932
0.214805 55355
0.214819 37676
0.214828 22395
0.214849 37202
0.214888 50671
0.214912 16027
0.214915 51625
0.214921 53071
0.214921 72708
0.21493 49265
0.214944 75702
0.214966 56948
0.214967 97691
0.214979 73895
0.215001 35303
0.215007 68242
0.215024 34877
0.215032 78419
0.215041 21197
0.215048 19141
0.215051 94873
0.215078 85636
0.215095 92290
0.215103 57210
0.21511 28032
0.215114 92642
0.215118 61732
0.21512 64344
0.215138 15177
0.215166 50278
0.215173 15162
0.215174 57469
0.215188 57144
0.215191 27477
0.215196 56913
0.215206 55580
0.215214 38618
0.215243 3631
0.215247 22463
0.21525 45243
0.215257 12689
0.215272 32091
0.215273 64147
0.215285 27407
0.215287 41742
0.215292 99572
0.215305 73803
0.215306 71933
0.215308 16412
0.215313 91809
0.215315 41601
0.215335 35971
0.215346 22935
0.215364 95237
0.215399 58054
0.215409 51405
0.215418 2371
0.215445 71188
0.215505 63424
0.215505 78897
0.215507 94361
0.215508 49679
0.215514 74049
0.215515 33653
0.215519 49879
0.215534 6816
0.215559 87555
0.215573 25981
0.21558 83904
0.215583 8585
0.215588 76685
0.215596 58335
0.215597 8791
0.215599 14342
0.215609 92418
0.215635 25058
0.215646 68534
0.215654 57093
0.215657 9051
0.215669 36002
0.21567 33307
0.215671 71659
0.215674 89219
0.215681 68569
0.215701 22900
0.215707 5190
0.215735 11381
0.215746 90100
0.215753 100574
0.215762 95771
0.215763 35198
0.215767 99928
0.215775 93880
0.215778 77456
0.215788 73269
0.215803 34857
0.215803 36856
0.215806 97893
0.215818 18411
0.215832 88032
0.215834 76164
0.215838 19232
0.215841 80245
0.215845 22865
0.215846 73367
0.215864 80818
0.215873 69125
0.21588 1938
0.215895 1062
0.215941 6265
0.215944 40821
0.215952 69211
0.215956 69944
0.21597 33043
0.215975 57639
0.215977 45520
0.215989 58989
0.216018 62013
0.216019 89894
0.216023 49610
0.216043 8550
0.216044 91590
0.216047 63196
0.216061 100631
0.216071 47747
0.216073 67980
0.216073 96916
0.216084 67485
0.216093 94859
0.216107 42756
0.216108 100443
0.216115 57731
0.216124 44810
0.216124 61672
0.216126 41829
0.216151 95476
0.216154 87562
0.216168 91900
0.216189 28464
0.216206 22508
0.216209 24945
0.216213 13574
0.216214 48762
0.216216 92404
0.216226 60576
0.216236 60810
0.216251 7401
0.216252 3522
0.216258 73932
0.216262 65909
0.216265 68134
0.21628 50763
0.216281 45027
0.216288 96528
0.216297 5236
0.216318 62224
0.216325 38375
0.216344 99369
0.216354 41524
0.216376 68133
0.216405 4802
0.216406 43434
0.216418 99148
0.216435 73516
0.216448 31871
0.216465 77645
0.21647 95823
0.216471 24611
0.216494 82763
0.216496 950
0.21651 76438
0.216515 5469
0.216534 57448
0.216536 80222
0.216537 85352
0.216539 47438
0.216576 97221
0.216603 62788
0.216606 100104
0.216613 91636
0.216614 46124
0.216617 34504
0.216618 3122
0.216634 24173
0.216652 64330
0.216657 77666
0.216667 44108
0.216673 66039
0.216678 28788
0.216681 86844
0.216686 51527
0.216692 3720
0.216695 93080
0.216702 62242
0.216714 78204
0.216717 77152
0.216722 34761
0.216767 45574
0.216788 17214
0.216811 68935
0.21682 36414
0.216836 75364
0.216865 54847
0.21687 71954
0.216876 13181
0.216884 65428
0.216884 76623
0.216905 85249
0.21692 79971
0.216923 30783
0.216927 2677
0.216935 88468
0.216938 10293
0.21694 92536
0.216942 93270
0.216944 16040
0.216969 25622
0.216984 16886
0.216989 12876
0.216993 80375
0.216995 26569
0.216998 70565
0.217002 7699
0.217011 37154
0.217011 98836
0.217015 42082
0.217023 34353
0.217028 26736
0.217028 37675
0.217029 45488
0.217052 38490
0.217053 24563
0.217054 52441
0.217055 20972
0.217057 54546
0.21706 14835
0.217081 66255
0.217082 17387
0.217097 97661
0.217111 16428
0.217114 34467
0.217118 77660
0.217119 58303
0.217119 9228
0.217133 4851
0.217141 41056
0.217144 69345
0.217167 85331
0.217174 41087
0.217181 67283
0.217202 22189
0.217204 73017
0.217216 51124
0.217216 53877
0.217236 100757
0.217241 75068
0.217257 31579
0.217257 96848
0.217269 19884
0.217278 37413
0.21728 35559
0.217295 17898
0.217301 565
0.217302 99257
0.217305 89924
0.217331 47019
0.217334 24369
0.217348 27791
0.217353 36022
0.21736 59228
0.217366 76963
0.217382 59065
0.217389 44449
0.217399 3691
0.217415 12313
0.217437 11844
0.217442 38676
0.217472 72407
0.217478 47059
0.217479 6719
0.217482 68775
0.217484 56639
0.217497 27372
0.217501 88599
0.217511 16722
0.217511 75466
0.217519 71489
0.217522 72233
0.217527 93288
0.217545 29121
0.217548 91124
0.217555 58894
0.217561 46475
0.217567 12834
0.217573 13070
0.21761 87993
0.217617 91585
0.217623 59854
0.217631 32032
0.217631 33031
0.217644 76590
0.217654 98271
0.217685 475
0.217689 98763
0.217708 90110
0.21772 53238
0.21773 79410
0.217738 89675
0.217741 68144
0.217749 51856
0.217753 32645
0.217782 35253
0.217798 8280
0.217801 26544
0.217833 44180
0.217835 754
0.217843 74120
0.217845 59324
0.217854 35851
0.217857 36864
0.217861 57895
0.217866 45893
0.217878 11246
0.217886 32006
0.217892 26889
0.217893 31820
0.217919 90410
0.217921 34058
0.217926 17014
0.217928 71501
0.217944 53536
0.217946 3104
0.217951 25306
0.21796 28531
0.21802 27232
0.21805 25805
0.21807 28189
0.218081 27657
0.21809 93949
0.218107 100944
0.218139 34532
0.21814 92832
0.218149 70996
0.218151 38973
0.218161 48355
0.218165 32316
0.218181 17002
0.218184 99032
0.218189 70527
0.2182 90845
0.218223 77555
0.218242 81571
0.218245 36576
0.218276 3740
0.218289 17571
0.218294 94714
0.218324 15612
0.218332 88048
0.218333 54551
0.218335 77611
0.218349 71176
130 129