1 2
459
0.378317 53917
0.378328 8253
0.378333 79152
0.37835 56695
0.378365 22389
0.378369 10994
0.378381 899
0.378385 9616
0.378388 94458
0.378399 345
0.378408 80213
0.378409 18230
0.378442 12459
0.378454 71303
0.378457 28087
0.378476 76231
0.37848 50491
0.378515 10571
0.378516 61538
0.378518 40684
0.378527 67420
0.378561 40101
0.378565 79006
0.378582 82830
0.378621 51999
0.37863 63969
0.378641 72397
0.378644 80101
0.378654 22778
0.378654 52551
0.378658 80507
0.378669 70338
0.378671 82491
0.378689 18343
0.378702 94054
0.378735 9038
0.378737 32571
0.378747 22584
0.378761 45387
0.378776 3257
0.378782 60634
0.378795 60821
0.378803 92893
0.378808 88926
0.378818 43692
0.378822 13727
0.378824 63687
0.378825 72076
0.378826 2224
0.378831 15168
0.378839 71673
0.37884 93705
0.378857 33902
0.37886 35848
0.378866 1357
0.378867 93918
0.378879 77351
0.378887 79767
0.378892 67354
0.378916 13028
0.378935 84912
0.378941 91004
0.37895 32018
0.378964 29367
0.378979 21144
0.37901 49990
0.379018 8459
0.379031 79117
0.37904 16482
0.379058 7106
0.379069 85003
0.379079 12223
0.379099 78442
0.379107 17670
0.379136 34974
0.379146 10978
0.379149 36534
0.379155 21938
0.379161 90065
0.379184 81433
0.379196 93798
0.379208 61443
0.379225 51985
0.379225 81041
0.379227 31544
0.379228 30833
0.379235 55642
0.37924 21506
0.379243 80835
0.379258 52933
0.37926 20684
0.379272 36654
0.379288 98864
0.379305 6731
0.379329 62401
0.37933 66752
0.379332 87422
0.379337 12735
0.379345 26158
0.379348 48465
0.37935 7203
0.379384 84276
0.379392 66864
0.379394 20890
0.379395 90784
0.379396 100569
0.379404 10546
0.379409 46265
0.379409 73109
0.37943 57422
0.37944 57962
0.379441 10804
0.379452 26359
0.379457 83759
0.379464 66441
0.379472 32918
0.379483 28099
0.379485 84953
0.379487 69744
0.37949 79563
0.37951 90033
0.379511 61762
0.379517 7011
0.379539 15537
0.379544 36603
0.379546 32108
0.379552 98946
0.379564 50029
0.379567 17445
0.379596 25193
0.379599 5303
0.379605 23686
0.37961 76143
0.379617 67794
0.379645 29521
0.379647 24996
0.379654 25248
0.379663 1411
0.379673 100115
0.379687 4645
0.379696 26225
0.3797 24250
0.379706 97277
0.379715 54401
0.379736 76001
0.379744 90542
0.379762 29431
0.379776 73853
0.379782 36793
0.379783 50275
0.379789 58011
0.3798 35235
0.379804 39903
0.379805 1701
0.379818 70025
0.379825 22691
0.379834 37309
0.379841 70248
0.379841 90237
0.379845 15844
0.379846 11419
0.379861 96362
0.379863 47002
0.379874 21774
0.379878 74393
0.379881 96984
0.379894 82260
0.379902 38521
0.379906 57458
0.379909 2978
0.379913 97185
0.379921 91926
0.379933 17622
0.379934 2255
0.379938 66013
0.379941 26857
0.37997 20491
0.379984 82938
0.380016 97362
0.380017 56431
0.380031 82690
0.380032 19404
0.38004 35864
0.380046 88884
0.380066 63248
0.380088 11821
0.380088 22654
0.380099 71904
0.380102 80059
0.380102 84598
0.380104 92346
0.38014 50708
0.380142 25310
0.380158 65599
0.380159 11610
0.380165 51743
0.38018 983
0.380182 25247
0.380186 59372
0.380188 62783
0.380199 57432
0.3802 462
0.38021 88996
0.380223 99902
0.380226 13675
0.380248 67418
0.380252 52085
0.380255 54160
0.380264 2539
0.380266 53170
0.380276 78319
0.380282 84232
0.380304 15262
0.380317 38979
0.380335 40743
0.380337 73710
0.380342 55615
0.380348 99129
0.380364 97213
0.380368 2103
0.380372 47322
0.380372 98188
0.380376 89682
0.38038 29372
0.380388 18586
0.380389 73641
0.380406 50935
0.380407 47319
0.38042 34203
0.380429 20555
0.380438 61473
0.380439 39790
0.380441 64551
0.380467 45870
0.380475 47605
0.380509 73525
0.38052 25280
0.380521 49600
0.380536 38516
0.380539 7387
0.380568 59349
0.380572 36266
0.380587 14483
0.380617 83295
0.380624 82809
0.380625 96787
0.380627 87335
0.380629 21793
0.380632 55018
0.380634 66744
0.380649 89117
0.380653 87671
0.380669 17906
0.380675 24012
0.380675 56260
0.380681 65045
0.380696 79118
0.380705 37280
0.380729 3359
0.380741 30815
0.380749 74669
0.380752 57920
0.380771 41738
0.380777 38180
0.380782 49789
0.380783 3183
0.380802 23120
0.380836 43152
0.380839 25509
0.380852 96465
0.380881 19118
0.380918 95044
0.380937 4216
0.380956 21444
0.380961 28059
0.380966 51432
0.380975 41765
0.380993 46298
0.380996 73261
0.380996 84414
0.381001 29230
0.381006 37608
0.381009 52306
0.38101 6062
0.381011 83206
0.381013 72260
0.381052 62893
0.381062 100022
0.381065 67887
0.381073 77890
0.381107 16568
0.381108 41389
0.381108 90893
0.381127 100805
0.381145 80397
0.381149 94658
0.38116 72430
0.381162 22172
0.381172 31255
0.381181 9436
0.381191 94073
0.381199 38237
0.381243 70800
0.381244 88348
0.38125 38762
0.381258 39599
0.381279 26223
0.381285 15999
0.381288 6356
0.38129 7021
0.381294 37924
0.381308 59620
0.381313 74052
0.381319 44849
0.381319 89638
0.381342 47551
0.381349 9213
0.38135 71491
0.381368 35993
0.381381 87168
0.381398 97659
0.381407 34381
0.381407 48923
0.381414 5529
0.381416 63328
0.381417 16998
0.381417 62531
0.381431 14061
0.381453 66238
0.381462 36764
0.381476 18677
0.381476 45188
0.381485 29798
0.381493 43418
0.381509 26538
0.381511 48282
0.381522 93439
0.381549 100243
0.381566 100227
0.381584 174
0.381596 43100
0.381647 25385
0.381661 2352
0.38169 52127
0.381693 58594
0.381704 74023
0.381707 29167
0.381725 93409
0.381736 12077
0.381736 37184
0.38174 45449
0.381744 2278
0.381754 32060
0.381754 84567
0.381758 100568
0.381786 84914
0.381788 93024
0.381796 81766
0.381796 86647
0.381808 36464
0.381815 57956
0.381846 62186
0.381848 96609
0.381857 52773
0.381858 65694
0.381863 689
0.381866 62088
0.381874 58270
0.381876 2305
0.381876 40454
0.381891 29173
0.381894 34646
0.381897 4622
0.381903 31964
0.381904 18704
0.381904 57924
0.381925 38379
0.381938 87682
0.381946 15577
0.381976 30972
0.38198 68056
0.381995 99167
0.382012 82153
0.38202 75701
0.382024 44104
0.382048 9157
0.382049 713
0.382051 37046
0.382051 95517
0.382067 16062
0.382073 92991
0.382076 72893
0.382086 4538
0.382128 85006
0.382149 265
0.382155 588
0.382158 69025
0.382171 37568
0.382187 17759
0.382195 29208
0.3822 28495
0.3822 60155
0.382205 63179
0.382239 7530
0.382251 78885
0.382259 73030
0.38226 59039
0.382267 24304
0.382273 82424
0.382282 2551
0.382285 7616
0.382295 99116
0.382296 37438
0.382313 17270
0.382325 22146
0.382329 97030
0.382332 60803
0.382338 53743
0.38234 55182
0.382342 38606
0.382343 23667
0.382348 68940
0.382354 46080
0.382364 57299
0.382387 19387
0.382392 76832
0.3824 18121
0.382401 72574
0.382426 3007
0.382457 62055
0.382471 24323
0.382482 30050
0.382487 37140
0.382505 22876
0.382509 18397
0.382541 32968
0.382551 97044
0.382552 90570
0.382555 60846
0.382557 54929
0.38256 54016
0.382581 8884
0.382587 48996
0.38261 67589
0.382613 95508
0.38263 62856
0.382645 17916
0.382646 86047
0.382675 39753
0.382676 49564
0.382687 95723
0.382694 35518
0.382727 12531
0.382731 91664
0.382738 33627
0.382741 33446
0.382747 62273
0.382747 67512
0.382748 99411
143 131