1 2
484
0.194709 86416
0.194709 9114
0.194741 76659
0.194762 31368
0.194773 48541
0.194775 99937
0.19481 96675
0.194811 94504
0.194815 16187
0.194819 31126
0.194823 38608
0.19485 65127
0.194859 58045
0.19487 6747
0.194873 59877
0.194914 100047
0.194914 101047
0.194914 102047
0.194939 27784
0.19494 91752
0.194944 72750
0.19495 88745
0.194961 76697
0.19501 15097
0.195022 13773
0.19503 70781
0.195043 71435
0.195047 41063
0.195051 47943
0.195059 86514
0.195079 13283
0.195088 100859
0.195088 101859
0.195092 21692
0.195102 68038
0.195103 43084
0.195108 91102
0.195112 97475
0.195113 73997
0.195126 9095
0.195155 61975
0.195156 70648
0.195172 24293
0.195177 10126
0.195181 51386
0.195195 64595
0.195205 17575
0.195211 67743
0.195226 22436
0.195227 34063
0.19523 31718
0.195254 94506
0.195258 3871
0.195259 57525
0.195264 83697
0.195297 39978
0.195299 100127
0.195299 101127
0.195301 81390
0.195303 21749
0.195312 53909
0.195319 21328
0.195324 16267
0.195327 17941
0.195332 80313
0.195346 13924
0.195354 11515
0.195377 532
0.195397 38428
0.195434 84032
0.195448 62575
0.195452 80370
0.195468 17914
0.195468 28201
0.195471 23435
0.195523 79984
0.195528 71006
0.195536 41622
0.195544 46283
0.195551 79706
0.195555 59128
0.195555 96717
0.195558 41635
0.195565 82871
0.195582 71253
0.195583 69809
0.195585 96835
0.195586 30623
0.195592 89976
0.195596 76147
0.195598 1867
0.195602 6484
0.195602 88569
0.195606 85737
0.195611 57872
0.195644 11724
0.195644 46666
0.19566 85289
0.195674 24983
0.195693 64612
0.195697 16061
0.195706 50356
0.195709 18418
0.195719 23577
0.195722 71861
0.195735 96859
0.195737 48876
0.195744 29834
0.19575 73732
0.195757 22229
0.195762 16098
0.195776 12602
0.195779 63300
0.195794 89983
0.1958 68184
0.195812 66337
0.195812 91830
0.195815 71465
0.195825 97786
0.195843 13121
0.195845 54029
0.195846 36822
0.195869 64945
0.195908 6403
0.195926 2350
0.195933 37828
0.19594 30866
0.195947 41301
0.195967 32983
0.195969 83841
0.196027 28436
0.196045 18087
0.196064 97320
0.196072 84795
0.196095 76090
0.196096 68200
0.196109 38989
0.19614 22259
0.196142 58377
0.196153 42961
0.196161 72875
0.196163 380
0.196181 68919
0.196203 96419
0.196208 54446
0.196213 6862
0.196224 69333
0.196234 18723
0.196235 22769
0.196253 68904
0.196289 77610
0.196298 85168
0.1963 7477
0.196322 61575
0.196347 24953
0.196353 39385
0.196353 87021
0.196371 80211
0.196373 52694
0.196382 2834
0.196394 9232
0.196398 97802
0.196409 14649
0.19641 25282
0.196411 66339
0.196414 57283
0.196417 14465
0.196424 7239
0.196426 64405
0.196426 72936
0.196434 21691
0.196452 42398
0.196456 54322
0.19649 78420
0.196516 39658
0.196519 66633
0.196527 46630
0.196566 34117
0.196566 41364
0.196578 50707
0.196579 97464
0.196581 68193
0.196586 87103
0.196588 5242
0.196612 38644
0.196621 42098
0.196633 37386
0.196643 100208
0.196643 101208
0.196648 25026
0.19666 57819
0.196662 61678
0.196665 6352
0.19667 65693
0.196683 57732
0.196688 73777
0.196698 55591
0.1967 100604
0.1967 101604
0.196702 13048
0.196715 43340
0.196715 98614
0.196725 91908
0.196734 11093
0.196755 93971
0.196757 9534
0.196779 51482
0.196797 46810
0.19681 97502
0.196825 12452
0.196833 20165
0.196834 19114
0.196839 76486
0.196845 59705
0.196863 13754
0.196865 51708
0.196866 32497
0.196871 45380
0.196881 41320
0.196896 18567
0.196907 35818
0.196917 90474
0.196918 47254
0.196923 66600
0.196924 10770
0.196927 99486
0.196935 16229
0.196942 96640
0.196944 46422
0.19695 96532
0.196951 72753
0.196953 88935
0.196969 73944
0.196981 32319
0.196995 36655
0.196999 86010
0.197012 42835
0.197012 77657
0.197021 22565
0.197035 68104
0.19704 80292
0.197047 36868
0.197055 48275
0.197058 22825
0.197061 31869
0.197079 31662
0.197081 35811
0.197091 52067
0.1971 6277
0.197102 95127
0.197108 55542
0.197135 12067
0.197142 65741
0.197144 11860
0.197156 97070
0.197174 23813
0.197177 46345
0.197183 74950
0.197188 11749
0.197198 96472
0.197199 90496
0.19721 58157
0.197214 3592
0.197216 53058
0.197221 47888
0.197226 72116
0.197237 92250
0.197249 72144
0.197254 62994
0.197273 10954
0.197284 85872
0.197316 1030
0.197333 44234
0.197341 94300
0.197344 48789
0.197372 38878
0.197376 9504
0.197379 60014
0.197381 95761
0.197394 78326
0.1974 79235
0.197404 95566
0.197418 66674
0.197419 90005
0.197433 98859
0.197437 10725
0.19744 60978
0.197448 89032
0.197452 65757
0.197452 88360
0.197467 15452
0.197475 85772
0.197493 74454
0.1975 29346
0.197508 74831
0.19751 51057
0.197521 23981
0.197539 15896
0.19758 43420
0.197585 13446
0.197589 72290
0.197606 16429
0.197626 32175
0.197627 100493
0.197627 101493
0.197633 10693
0.197668 87351
0.197678 10560
0.197707 56331
0.197714 18995
0.197718 7032
0.197732 21598
0.197736 62490
0.197748 7550
0.197753 36132
0.197763 55983
0.197764 62246
0.197765 66275
0.197768 36507
0.197771 94622
0.197808 86056
0.197818 26287
0.197842 83703
0.197848 41560
0.197858 91187
0.197859 94244
0.197866 61609
0.197868 94394
0.197888 32920
0.197896 86079
0.197923 70682
0.197932 10617
0.197938 60876
0.197954 29395
0.197966 71190
0.19798 55653
0.197984 6518
0.197985 61
0.197987 79103
0.198005 89069
0.198013 71527
0.198018 579
0.198025 59059
0.198037 48075
0.198048 22298
0.198053 35872
0.198074 66899
0.198086 87393
0.198094 45735
0.198096 88470
0.198102 41404
0.198111 75682
0.198113 91372
0.19812 25083
0.198129 17988
0.198138 34109
0.198141 76588
0.198144 85586
0.198179 52358
0.198194 100212
0.198194 101212
0.198202 58588
0.198205 93765
0.198207 52998
0.198207 65265
0.198218 73328
0.198239 15707
0.198239 41834
0.198244 9307
0.198245 55472
0.198247 86418
0.198271 53046
0.198286 92694
0.198301 72026
0.19832 79758
0.198338 16418
0.19834 53533
0.198343 31749
0.19835 57937
0.198359 45358
0.198375 12797
0.198381 38992
0.198411 90525
0.198422 69480
0.198426 95137
0.198435 83335
0.198462 39256
0.198463 87954
0.198465 85803
0.198467 82422
0.198468 46460
0.198487 52813
0.198501 69402
0.198504 11302
0.198526 11288
0.198534 25371
0.198546 15206
0.198571 53812
0.198583 34557
0.198596 89319
0.198604 14476
0.198616 95368
0.198622 20527
0.19865 25130
0.198661 98927
0.198666 90973
0.198667 62944
0.198689 66834
0.198734 51608
0.198758 29812
0.198769 64902
0.198782 49014
0.198798 68903
0.1988 2451
0.198812 5345
0.198819 69090
0.198822 85855
0.198823 20660
0.198836 11386
0.198857 16657
0.19886 32616
0.198884 61504
0.198888 3525
0.198899 89946
0.198906 30104
0.198923 10390
0.198928 77258
0.198934 81214
0.198938 68770
0.198964 10458
0.198966 50938
0.19897 4841
0.198976 97226
0.198991 80435
0.199001 13630
0.199001 4498
0.199014 12544
0.199014 25184
0.199051 50307
0.199078 42598
0.199089 43081
0.199114 90594
0.19912 100618
0.19912 101618
0.199121 32694
0.199129 97914
0.199176 38741
0.199178 45803
0.199183 76354
0.199184 56008
0.199189 80261
0.199193 24794
0.199196 99169
0.199222 46929
0.199228 10953
0.199237 90936
0.199243 3286
0.199255 34731
0.199264 12788
0.199282 41906
0.199286 29762
0.199297 60142
0.199305 53426
0.199318 24979
0.199318 88821
0.199323 1560
0.199332 87810
0.199345 69517
0.199368 92476
0.199385 89681
0.199386 80605
0.199419 16170
0.19942 10358
0.199422 40904
0.199423 61936
0.199434 59188
0.199437 43189
0.199443 28738
0.199458 52470
0.199469 33205
0.19947 25417
0.199479 8597
0.199495 18318
0.199496 45141
137 134