1 2
483
0.453243 50903
0.453248 72703
0.453256 53779
0.453258 69968
0.453262 23669
0.45327 40910
0.453287 5168
0.45329 22586
0.453294 24119
0.45333 72324
0.453332 29296
0.453352 20673
0.453356 57345
0.453361 35940
0.453365 38000
0.45337 21040
0.453374 52777
0.45338 85329
0.453383 24392
0.453383 77050
0.453385 56833
0.453409 23141
0.453429 55502
0.453452 36629
0.453478 43329
0.453493 40712
0.453543 38764
0.453574 79909
0.45358 28958
0.453585 70301
0.453602 48056
0.453608 18948
0.453615 26583
0.453635 84412
0.453636 34823
0.453654 72406
0.453657 77148
0.453659 77830
0.453703 35469
0.453725 78300
0.453728 57805
0.453729 38783
0.453743 68075
0.453752 4321
0.453766 46610
0.453768 67696
0.45377 87552
0.453772 57173
0.453788 68614
0.45379 70976
0.453794 70512
0.4538 89648
0.453804 63348
0.453809 96973
0.453814 95736
0.453823 39779
0.453839 92392
0.453871 24755
0.453894 916
0.453909 71160
0.45391 24991
0.453915 2961
0.453931 24073
0.453937 37761
0.453962 45685
0.453963 63858
0.453965 96158
0.453993 34921
0.453993 38378
0.453994 46316
0.453999 63897
0.454006 55487
0.454011 67040
0.454032 37501
0.454036 24138
0.454053 32720
0.45406 64365
0.454062 87392
0.454081 896
0.454093 54398
0.454097 48420
0.454103 25110
0.454115 91774
0.45412 38972
0.454125 30892
0.454126 21955
0.454136 34963
0.454147 30779
0.454147 62845
0.45415 22927
0.454155 94100
0.454216 66106
0.454233 28825
0.454234 17658
0.454234 4967
0.454235 28209
0.454262 4432
0.45427 56030
0.454271 76344
0.454275 46323
0.454278 31628
0.454278 97788
0.454288 82038
0.45431 19757
0.454319 5978
0.45432 99202
0.454321 31758
0.454326 92015
0.454331 83268
0.454335 32803
0.454341 86037
0.45436 43811
0.45436 95276
0.454369 18918
0.454373 98597
0.454378 66654
0.454423 45096
0.45443 36360
0.454431 72441
0.454456 45476
0.45446 43002
0.454476 58348
0.45448 70205
0.454515 65333
0.454516 36146
0.454519 31425
0.454523 41602
0.454532 50952
0.454534 29221
0.454536 71388
0.45454 91669
0.454569 55681
0.454575 22407
0.454582 1400
0.454587 74620
0.4546 23703
0.45462 15203
0.45462 43031
0.454627 29970
0.454629 80996
0.454632 66068
0.454634 66972
0.45464 52997
0.454642 10253
0.454649 87076
0.454656 59932
0.454658 24884
0.454668 39367
0.454671 73943
0.454674 74303
0.45469 15356
0.454707 64417
0.45471 63106
0.454729 62333
0.454734 87323
0.454741 18471
0.454743 66802
0.454747 54075
0.454779 19621
0.454799 38340
0.454817 10117
0.454848 76935
0.454865 85075
0.454877 58261
0.454898 11638
0.454919 41529
0.454929 40544
0.454932 1396
0.454938 97580
0.454943 63161
0.454943 95157
0.454958 35944
0.454966 82865
0.454976 36351
0.454981 61597
0.454988 43669
0.454989 61715
0.454992 9642
0.455008 89172
0.45502 53161
0.455028 44992
0.45504 86821
0.455084 62661
0.455097 4308
0.455101 46161
0.455105 87877
0.455141 84286
0.455163 89919
0.455172 99431
0.455175 416
0.455176 45171
0.455176 76181
0.45518 24736
0.455189 73729
0.45521 33131
0.455219 10548
0.455222 50187
0.455237 69858
0.45524 12947
0.455242 81227
0.455269 12857
0.455271 69245
0.455275 79815
0.455304 65214
0.455306 28858
0.45531 40288
0.455332 27607
0.455336 20510
0.455374 36501
0.455375 61083
0.455385 82084
0.455387 82799
0.455388 32187
0.455406 90528
0.455421 88921
0.455424 13635
0.455427 78451
0.455444 59881
0.455453 11454
0.455456 53599
0.455491 41374
0.455492 86314
0.455523 77787
0.455526 49466
0.455526 94693
0.455531 78790
0.455534 57695
0.45555 86251
0.455553 40839
0.455554 40644
0.455555 73076
0.455567 50589
0.455569 20336
0.455621 97348
0.455653 75049
0.455658 27743
0.455671 55618
0.455683 77345
0.455694 93562
0.455756 18283
0.455762 25614
0.455766 97397
0.455804 17519
0.455812 53720
0.455817 40452
0.455822 96197
0.455828 11181
0.455828 64214
0.455829 69138
0.455831 22019
0.455871 93611
0.455885 69134
0.455887 44277
0.455891 29446
0.455909 4801
0.455916 26408
0.455928 79621
0.455934 70830
0.455965 38694
0.455972 81456
0.455973 67944
0.455987 23287
0.456 100847
0.456 101847
0.456 48993
0.456002 90361
0.456006 46804
0.456015 84694
0.456016 64333
0.45604 73956
0.456049 90007
0.456089 46062
0.456096 84997
0.456117 70562
0.456129 38970
0.456129 60008
0.456135 95230
0.456154 71169
0.456164 89849
0.456169 75899
0.456172 2291
0.456175 67781
0.456183 66974
0.456184 67450
0.456217 34029
0.456218 23081
0.456236 64603
0.456243 50535
0.45625 25169
0.456265 35527
0.456265 76861
0.45628 67009
0.456295 87058
0.456304 64828
0.45632 34938
0.45632 9615
0.456323 23178
0.456349 26998
0.456359 69852
0.456371 21762
0.45638 80840
0.456385 97104
0.456388 92858
0.456396 37159
0.456411 33440
0.456422 19992
0.456423 88991
0.456437 82470
0.456454 68964
0.456467 28697
0.456481 63234
0.456483 49237
0.456497 62491
0.456505 60837
0.456507 92547
0.456525 22838
0.45656 31198
0.45657 24354
0.45657 48385
0.456571 72798
0.456573 48753
0.456602 55007
0.456622 4618
0.456639 38121
0.45664 92632
0.456642 40607
0.456659 90141
0.456677 86493
0.456686 23469
0.456693 27229
0.456696 51503
0.456708 41490
0.456712 63405
0.456719 41277
0.456723 21963
0.456746 33457
0.456747 59477
0.456757 53657
0.456763 20785
0.456763 96670
0.456778 34514
0.456786 97826
0.456792 45779
0.456795 86826
0.456799 53320
0.456829 41314
0.456845 80513
0.456849 28627
0.456849 3447
0.456852 87026
0.456853 51849
0.456892 55263
0.456925 6377
0.456929 59122
0.456947 11394
0.456953 72641
0.456957 17495
0.456962 25055
0.456968 78854
0.456984 22798
0.457002 63792
0.457018 45622
0.457033 19950
0.457033 31070
0.457036 37499
0.457036 65714
0.457044 96118
0.45707 52212
0.45713 19764
0.457136 11559
0.457149 5308
0.457168 47868
0.457172 36838
0.457181 39001
0.457185 79610
0.457193 49070
0.457198 27921
0.457213 49883
0.457216 94450
0.457225 10335
0.457228 68471
0.457245 3040
0.457267 51962
0.457269 41702
0.45728 58830
0.45728 65353
0.457283 98782
0.457289 62391
0.457291 12387
0.457302 94435
0.457309 538
0.457311 35008
0.457313 15828
0.457315 15868
0.457318 14591
0.457321 37032
0.457353 32377
0.457367 1758
0.457371 37354
0.457381 83859
0.457388 100580
0.457388 101580
0.457415 44065
0.457425 100112
0.457425 101112
0.457433 89186
0.45747 54033
0.457481 6813
0.457481 86736
0.457484 14541
0.457492 65060
0.457507 74498
0.45751 17695
0.457521 59549
0.457522 74053
0.457524 30559
0.457541 54591
0.457545 86392
0.457546 74290
0.457559 62461
0.457561 39617
0.457581 9261
0.45761 82558
0.457622 34552
0.457625 26534
0.457629 66758
0.457637 67254
0.457638 46793
0.457669 96964
0.457672 58208
0.457676 30421
0.457678 76817
0.45768 44778
0.4577 91861
0.457706 10115
0.457707 82669
0.457709 51036
0.45772 24870
0.457721 22362
0.457731 81425
0.457731 87566
0.457741 9400
0.457755 84298
0.457773 63421
0.457779 40018
0.457796 71344
0.457806 82971
0.45783 46008
0.457855 39962
0.457866 39217
0.45787 89870
0.457892 77738
0.457904 21628
0.457906 43446
0.457915 61096
0.457917 9874
0.457919 4205
0.457927 65100
0.457932 76016
0.457942 2824
0.457954 84503
0.457964 18312
0.457986 94056
0.457998 44833
0.458003 30609
0.458016 87909
0.458026 11195
0.458029 78764
0.458034 91412
0.458055 40880
0.458057 17974
0.458058 82149
0.458059 26448
0.45806 71490
0.458061 54028
0.458063 84973
0.458067 63089
0.458067 94108
0.458085 76877
0.458085 8231
0.458086 21500
0.458107 81439
0.458108 39886
148 132