1 2
475
0.577524 39704
0.577531 75871
0.577535 100473
0.577569 83170
0.577601 21702
0.577619 14580
0.57762 27700
0.577624 3948
0.577637 34792
0.577639 74775
0.577664 41969
0.57767 77046
0.577675 48468
0.577686 59284
0.577698 44888
0.577703 39806
0.577706 71789
0.577708 67080
0.577723 22862
0.577736 29715
0.577745 3344
0.577746 70200
0.577749 99230
0.577756 46626
0.577756 60452
0.577768 39319
0.57777 47422
0.577772 5765
0.577793 65488
0.577807 85655
0.577834 31910
0.577854 52769
0.577881 16934
0.577895 22414
0.577906 30550
0.577907 97590
0.577945 98282
0.577981 9852
0.577993 69178
0.578003 47649
0.578006 62005
0.578054 14271
0.578063 75604
0.578084 73363
0.578104 62307
0.578107 33935
0.578113 6476
0.578121 44629
0.578128 98440
0.578135 47079
0.578178 43633
0.578201 65287
0.578209 88342
0.578233 33520
0.578248 12345
0.578271 100694
0.57829 89451
0.578302 80020
0.578303 18066
0.578314 48387
0.57832 35142
0.578337 77132
0.578342 89616
0.578357 49165
0.57836 46312
0.578382 51255
0.578403 80154
0.578408 30678
0.578416 38867
0.57842 7086
0.578468 22582
0.578481 56182
0.578489 30755
0.578495 72311
0.578523 16789
0.578527 39762
0.578528 14678
0.578531 47927
0.57854 27387
0.578544 20363
0.578544 96216
0.578551 47118
0.578558 6613
0.578566 52399
0.57857 45973
0.578598 70741
0.578603 39
0.57862 80728
0.578638 44821
0.578639 45139
0.578641 86611
0.578647 20490
0.578657 5037
0.578662 19759
0.57867 63104
0.578693 68557
0.578702 65684
0.578702 77461
0.578734 54741
0.578735 6926
0.578739 45019
0.57874 26335
0.578756 77602
0.578761 82287
0.578782 25291
0.578784 22560
0.578803 85043
0.578839 7688
0.57884 50028
0.578846 99410
0.57887 50098
0.578881 77678
0.578892 2855
0.578897 15025
0.57891 92551
0.578917 73866
0.578921 33317
0.578923 71950
0.578925 59528
0.578934 19139
0.578937 34847
0.57894 89091
0.578944 83368
0.578947 15994
0.57895 16049
0.578958 62883
0.578975 89993
0.578977 91939
0.578983 48692
0.578989 34743
0.578992 40633
0.578997 36939
0.579001 22115
0.579004 32499
0.579011 97391
0.579014 81291
0.579016 59648
0.579031 89679
0.579032 64781
0.579038 60729
0.57904 8079
0.579043 52141
0.579047 70553
0.579059 30889
0.579067 12677
0.579077 84591
0.579079 58057
0.579097 56466
0.579106 3265
0.57911 14870
0.579127 10649
0.57914 75295
0.579145 40284
0.579149 31210
0.579156 51042
0.579167 67088
0.579178 21773
0.57918 80539
0.579187 67716
0.579191 93741
0.579206 53851
0.579215 66871
0.579278 73393
0.579305 69568
0.579307 42500
0.579315 46753
0.579316 52482
0.579322 63009
0.579344 47582
0.579376 4011
0.579377 95748
0.579418 91517
0.579424 69628
0.579427 26806
0.579429 5852
0.579433 61390
0.579453 74184
0.57947 24896
0.579475 10270
0.57948 10677
0.579483 8192
0.579503 92951
0.579507 15358
0.579511 81365
0.579512 80096
0.579532 43405
0.579534 61157
0.579536 18562
0.579541 8120
0.57955 61319
0.579561 8523
0.579562 77939
0.579563 50526
0.579564 77117
0.579578 71868
0.579583 14420
0.579585 5597
0.579596 67377
0.5796 82383
0.5796 8371
0.579639 16545
0.579642 98137
0.579655 70388
0.579658 68562
0.579661 88177
0.579678 30031
0.579713 16400
0.57972 75160
0.579721 54101
0.579724 62292
0.579737 3703
0.579765 48121
0.57977 26077
0.579811 60715
0.579818 94826
0.579827 30236
0.579847 22851
0.579849 70861
0.579851 23223
0.579864 17915
0.579865 81154
0.579878 36016
0.579883 94154
0.579893 79739
0.579894 96591
0.579903 79018
0.579907 14093
0.579909 49675
0.579928 12934
0.579949 48343
0.579955 54044
0.579956 90486
0.579978 82124
0.579992 75363
0.579992 86183
0.579998 11513
0.579998 91787
0.580013 71645
0.580019 91465
0.580024 44281
0.580037 58663
0.58004 77374
0.580043 98825
0.580046 81071
0.580049 18499
0.580055 777
0.580056 38934
0.580057 92062
0.580068 66799
0.580074 33709
0.580075 46123
0.580089 78187
0.580089 99895
0.580099 72801
0.580105 60652
0.580114 53863
0.580114 55748
0.58012 8653
0.580137 82413
0.58014 29851
0.58014 4451
0.58016 6491
0.580165 10393
0.580165 86530
0.580172 82632
0.58019 18913
0.580194 23988
0.580226 93258
0.580231 64407
0.580251 92095
0.580256 9596
0.580257 64486
0.580258 24590
0.580261 35767
0.580282 99079
0.580284 14218
0.580297 21683
0.580297 75547
0.580298 69660
0.580302 9751
0.580309 24075
0.580321 41323
0.580331 64893
0.580333 3517
0.580347 12177
0.580349 98296
0.580389 41359
0.580409 47945
0.58043 66504
0.580443 99115
0.580452 29747
0.580458 45214
0.580461 76649
0.580489 84078
0.580534 24344
0.580555 34980
0.580558 36021
0.580561 60379
0.58057 91531
0.580574 24272
0.58058 67556
0.58059 47428
0.580591 45721
0.580591 60797
0.580602 48442
0.580614 26194
0.580623 64777
0.580625 47372
0.580635 8279
0.580645 64915
0.580656 43046
0.580754 2122
0.580759 31327
0.580779 80118
0.580783 19442
0.580787 7931
0.58079 95261
0.580808 67461
0.58082 21389
0.580826 7099
0.580831 83756
0.580834 91166
0.580846 46505
0.580864 2702
0.580907 66112
0.58091 72263
0.580914 79393
0.580916 84344
0.580921 11345
0.580922 40321
0.580926 20613
0.580931 45939
0.580965 85629
0.580974 39455
0.580983 82916
0.580985 87085
0.581001 92058
0.581002 90332
0.581003 7110
0.581012 78663
0.581029 93448
0.581031 25598
0.581038 50751
0.581042 90331
0.581049 32139
0.581051 10102
0.581068 99417
0.581071 23477
0.581072 36752
0.581073 75082
0.581084 24487
0.581096 82374
0.581101 8548
0.581106 16571
0.581125 97684
0.581128 99291
0.581169 47437
0.581197 35156
0.581205 93269
0.581227 47790
0.581247 36861
0.581251 56414
0.581262 60572
0.581275 76671
0.581279 26346
0.581289 3647
0.581292 75121
0.58131 23356
0.581319 47798
0.581355 27824
0.581365 19255
0.581369 68778
0.581369 92332
0.581375 95729
0.58139 82146
0.581427 17489
0.581442 24950
0.581446 2949
0.581464 38345
0.581478 881
0.581487 40518
0.581502 45375
0.581502 4610
0.581508 92987
0.581513 71117
0.581525 32253
0.581533 40603
0.581539 84311
0.581557 52369
0.581572 53337
0.581582 63736
0.581598 73060
0.581602 92749
0.581629 23744
0.581632 70036
0.581649 26661
0.581665 71749
0.581686 53350
0.581702 31176
0.581703 91373
0.581726 46583
0.581753 51413
0.581761 8536
0.581773 99375
0.581784 34959
0.581786 88311
0.581792 33098
0.581818 10336
0.58183 27530
0.581833 96068
0.581841 96975
0.581842 92462
0.581853 11947
0.581869 19148
0.581876 63334
0.581876 73411
0.581914 21177
0.58193 98126
0.581952 81116
0.581992 71785
0.581999 90300
0.582008 38136
0.582028 33008
0.582037 57433
0.582039 34260
0.582061 26325
0.582064 758
0.582068 53483
0.582069 84977
0.582071 70613
0.582086 95540
0.582091 48305
0.582101 64563
0.582107 47491
0.582115 24299
0.582132 92362
0.582133 13554
0.582151 77863
0.582155 32546
0.582162 35089
0.582177 76906
0.58218 74999
0.58218 79142
0.582181 64372
0.58219 1883
0.582194 25585
0.582195 40401
0.582197 43734
0.582211 90032
0.582218 91521
0.582227 87658
0.582251 74901
0.582281 73787
0.582337 39193
0.582349 74958
0.582353 88253
0.582355 29246
0.582362 10656
0.58237 70352
0.582374 80416
0.582389 52446
0.582401 4780
0.582404 3379
0.582433 4184
0.582434 68806
0.582456 73316
0.582465 70980
0.582475 31724
0.582479 98788
0.58248 94705
0.582481 67745
0.582493 96090
0.582496 32551
0.582502 60806
0.582512 4593
178 133