1 2
256
0 0.806174
0.009689 1564
0.013124 1479
0.017076 1591
0.023395 1484
0.024106 1601
0.029346 1658
0.030298 1525
0.035528 1655
0.041558 1431
0.041883 1604
0.043276 1570
0.044842 1425
0.046438 1534
0.047699 1435
0.04927 1499
0.052663 1653
0.055581 1498
0.058013 1661
0.065457 1608
0.066338 1495
0.068989 1629
0.072583 1427
0.082472 1550
0.086462 1513
0.090774 1620
0.090863 1621
0.092884 1638
0.09414 1468
0.096312 1569
0.099118 1649
0.102572 1561
0.106957 1619
0.113572 1609
0.11456 1445
0.1181 1486
0.119616 1581
0.127465 1641
0.130229 1518
0.130427 1637
0.130454 1419
0.131266 1646
0.134748 1410
0.134768 1469
0.137311 1511
0.140141 1441
0.151396 1605
0.152531 1428
0.15284 1599
0.154369 1557
0.154537 1610
0.161765 1626
0.16757 1535
0.177324 1455
0.182296 1552
0.187647 1531
0.194621 1579
0.199323 1560
0.200891 1636
0.203007 1593
0.204855 1451
0.205204 1413
0.208407 1506
0.226275 1433
0.227823 1503
0.229762 1496
0.241197 1541
0.242204 1545
0.2478 1477
0.247824 1613
0.264408 1537
0.264725 1558
0.269764 1476
0.279409 1475
0.282075 1442
0.283636 1642
0.284097 1512
0.28449 1443
0.284545 1438
0.28912 1585
0.291061 1467
0.295396 1656
0.297702 1568
0.298011 1562
0.302399 1578
0.30343 1497
0.319555 1489
0.324111 1643
0.325386 1588
0.329901 1587
0.330234 1412
0.333384 1502
0.337044 1549
0.337621 1450
0.338472 1539
0.353719 1634
0.356769 1474
0.361683 1657
0.363867 1631
0.375293 1439
0.379663 1411
0.383274 1523
0.387327 1559
0.389189 1424
0.396137 1485
0.399923 1565
0.405359 1458
0.409435 1528
0.411978 1456
0.41346 1430
0.419179 1630
0.427347 1622
0.430662 1575
0.441378 1547
0.460854 1639
0.461356 1483
0.461658 1660
0.465559 1584
0.467185 1598
0.467296 1464
0.478252 1436
0.488294 1446
0.489285 1623
0.489819 1640
0.493112 1444
0.493367 1533
0.496508 1487
0.497674 1501
0.497976 1644
0.498469 1632
0.499458 1418
0.501108 1492
0.501337 1508
0.504914 1592
0.505396 1434
0.516565 1563
0.525781 1596
0.52627 1628
0.533118 1544
0.536867 1517
0.553431 1627
0.561506 1625
0.562156 1459
0.562434 1536
0.562802 1447
0.564804 1493
0.565964 1440
0.572557 1647
0.574514 1449
0.582552 1454
0.590578 1538
0.59912 1461
0.60258 1510
0.61915 1586
0.623316 1572
0.627804 1566
0.628722 1521
0.630971 1472
0.636046 1567
0.637933 1473
0.649456 1522
0.651799 1453
0.657896 1465
0.658349 1583
0.658606 1488
0.659444 1421
0.659464 1554
0.660772 1606
0.665651 1448
0.666685 1645
0.670572 1416
0.673454 1491
0.678382 1611
0.680489 1614
0.687724 1603
0.695745 1471
0.70552 1651
0.711693 1612
0.711977 1576
0.712696 1551
0.71357 1466
0.714062 1633
0.714633 1590
0.724729 1577
0.726536 1505
0.72681 1516
0.739731 1460
0.741009 1478
0.741305 1482
0.748918 1540
0.754416 1429
0.757473 1624
0.766597 1600
0.770909 1529
0.787256 1509
0.795104 1417
0.795592 1546
0.796025 1556
0.802023 1524
0.806174 139
0.80726 623
0.807399 851
0.808543 845
0.809157 511
0.81118 1127
0.812151 413
0.812411 1635
0.81302 883
0.813041 721
0.813522 861
0.81417 734
0.814317 1470
0.814431 496
0.814863 371
0.815011 718
0.815073 669
0.815502 1617
0.815848 1409
0.817419 1349
0.818704 1273
0.820228 1392
0.820776 515
0.820949 1104
0.821659 294
0.822159 1494
0.822631 1452
0.823064 750
0.823544 518
0.824887 1574
0.825689 923
0.826821 563
0.828162 866
0.828824 1129
0.829196 878
0.829408 1582
0.829541 1162
0.831298 1597
0.831923 334
0.831956 1281
0.831983 534
0.832066 1527
0.832165 1137
0.832467 665
0.83423 1542
0.834252 278
0.834638 427
0.834732 632
0.834869 1514
0.835296 3569
0.835564 702
0.835583 447
0.835727 295
0.836453 1422
0.837124 1029
0.838673 1345
0.839161 1026
2