1 2
440
0.232408 43311
0.232412 56321
0.232423 63899
0.232426 42692
0.232444 94808
0.232459 25562
0.232483 46270
0.232489 94993
0.23249 87206
0.232536 72702
0.232538 9349
0.232552 3959
0.232564 12661
0.232579 88796
0.232582 44142
0.232587 54574
0.232607 21120
0.23261 3069
0.232619 74936
0.232621 16758
0.232638 39146
0.232642 71439
0.232644 70478
0.232652 7431
0.232677 84934
0.232688 99297
0.232691 36171
0.232691 71249
0.232714 83401
0.232716 20567
0.232716 92483
0.232746 42312
0.232774 42973
0.232809 30897
0.232811 40905
0.232812 39250
0.232813 7877
0.232843 85212
0.232848 65567
0.232855 59072
0.232855 87326
0.232866 79868
0.232879 15847
0.232882 40217
0.232886 44826
0.23289 90763
0.232896 90911
0.232904 33384
0.232936 31789
0.232942 80555
0.232958 22142
0.232968 93501
0.232975 22021
0.232978 31069
0.232983 87951
0.232993 89192
0.233011 31547
0.23304 82619
0.23304 98667
0.233049 45215
0.233059 71430
0.233087 73075
0.23309 59938
0.233124 81361
0.233126 3202
0.233146 16509
0.23315 66117
0.233179 40535
0.233204 51797
0.233208 31836
0.23321 43264
0.233234 17549
0.233244 12560
0.23326 90171
0.233303 10802
0.233303 31604
0.233305 38738
0.233311 54794
0.23332 16516
0.233322 49757
0.23333 83892
0.23336 31237
0.233376 89111
0.233379 919
0.233388 25131
0.233392 54804
0.233441 25335
0.233449 959
0.233475 40926
0.233501 26748
0.233505 45065
0.233507 25190
0.233507 88650
0.233514 55673
0.233517 82588
0.233523 86471
0.233524 91305
0.233526 48732
0.233537 49359
0.23354 99796
0.233558 96815
0.233562 46980
0.233565 43911
0.233568 67748
0.233575 63715
0.233593 97724
0.2336 41340
0.233605 89782
0.233622 63062
0.23363 63802
0.233632 21910
0.233633 34945
0.233634 25414
0.233635 42856
0.233635 93149
0.233671 81501
0.233676 87787
0.233679 74866
0.233683 31934
0.233694 13911
0.233696 24892
0.233697 10963
0.233701 32912
0.233703 39865
0.233703 66716
0.233712 1880
0.233728 51002
0.233802 72896
0.233805 41989
0.233808 67985
0.233823 30046
0.23383 52349
0.233837 62568
0.233868 84481
0.233883 15081
0.233889 19745
0.233891 45630
0.233895 20472
0.233898 79565
0.233903 10696
0.233911 25862
0.23393 47093
0.233934 44247
0.233946 17482
0.233962 84172
0.233967 71218
0.233968 62422
0.233968 95930
0.233971 77106
0.233976 5601
0.233994 28598
0.234005 61169
0.234012 77606
0.234051 885
0.234057 71485
0.234079 22378
0.234101 89044
0.234102 66170
0.234111 85364
0.234112 83231
0.234128 2511
0.23413 23984
0.23413 87763
0.23415 25844
0.234157 80220
0.234171 97084
0.234201 26065
0.234228 91206
0.234234 95506
0.234243 22150
0.234247 71341
0.234249 69349
0.234279 82043
0.234289 25720
0.23429 87611
0.234313 36069
0.234315 48715
0.23432 38640
0.234321 52683
0.23433 28134
0.234334 43753
0.234339 18661
0.234342 99635
0.234361 80253
0.234368 17123
0.234381 98027
0.234388 61752
0.234392 27331
0.234406 37827
0.234416 35800
0.234422 65455
0.234426 53777
0.234434 7839
0.234442 58622
0.23446 76303
0.234472 70292
0.234482 47783
0.234502 16276
0.234502 77269
0.234502 86402
0.234525 48667
0.234526 23835
0.234536 45616
0.234539 63545
0.234578 12979
0.234591 40442
0.234596 65429
0.234601 40856
0.234616 4149
0.234627 15769
0.23464 73279
0.234656 32657
0.234674 61992
0.234683 96644
0.234724 58755
0.234786 38773
0.234793 15635
0.234795 31947
0.234796 7282
0.234822 89964
0.23483 38891
0.234843 4691
0.23485 78510
0.234861 71028
0.234864 29403
0.234891 17165
0.234892 16664
0.234925 15822
0.234937 3335
0.234946 96614
0.234953 20604
0.234954 49540
0.234967 522
0.234974 54592
0.234976 57822
0.234995 61512
0.234998 21399
0.235005 64832
0.235015 30523
0.235017 99022
0.235038 34822
0.235051 48504
0.235055 94052
0.235063 60164
0.235077 26070
0.235081 42538
0.235095 89340
0.235101 34943
0.235105 21843
0.235107 31648
0.235115 22273
0.235126 56262
0.235132 76582
0.235135 93981
0.235174 36872
0.235189 80404
0.235198 81394
0.235204 69131
0.235212 22452
0.235225 28339
0.235226 92827
0.235256 41787
0.235257 56276
0.235277 71666
0.235283 37883
0.235289 24807
0.235296 19878
0.235309 48486
0.23531 2914
0.235348 61625
0.23535 81800
0.235355 94716
0.23537 28960
0.235376 50985
0.235378 37236
0.23538 72109
0.235423 60192
0.235437 57561
0.23544 61710
0.235493 31791
0.235493 79459
0.235533 44737
0.235537 67190
0.235542 95080
0.235545 37445
0.235554 42631
0.235558 44084
0.235561 68526
0.235571 50511
0.235583 73042
0.235586 30202
0.235588 89994
0.235601 7093
0.235603 89991
0.235615 22282
0.235622 66129
0.235624 54704
0.235631 17821
0.235632 25046
0.235642 73679
0.235644 34132
0.23565 82269
0.235651 26501
0.235652 20781
0.235653 84542
0.235656 44560
0.235666 85973
0.23567 61178
0.235691 51960
0.235711 36886
0.235711 56521
0.235721 11435
0.235724 77101
0.235725 64421
0.235767 56934
0.235767 91267
0.235773 41867
0.235775 59751
0.235777 73488
0.235782 63633
0.235789 81198
0.235791 7264
0.235823 67826
0.235825 57388
0.235841 90448
0.235844 42734
0.235867 22984
0.235877 99558
0.235883 31195
0.235892 97409
0.235902 35754
0.235926 39841
0.235927 48957
0.235982 79313
0.235984 87484
0.236 34905
0.236008 46352
0.236018 65101
0.236019 69261
0.236036 78001
0.236044 4302
0.236046 7559
0.236049 63356
0.236053 2056
0.236063 7570
0.236064 26436
0.236069 16367
0.236073 58868
0.236074 24901
0.236085 62074
0.236086 77571
0.236104 28093
0.236107 58310
0.236136 86972
0.236137 856
0.236139 79248
0.236139 86896
0.236143 66240
0.236159 55331
0.236183 22623
0.236184 97517
0.23619 3330
0.236223 95286
0.23626 63035
0.236274 88329
0.236277 8814
0.236282 18161
0.236283 21496
0.236296 21101
0.236296 40455
0.236326 88892
0.236336 56071
0.236343 18594
0.236347 667
0.236356 62439
0.236358 66428
0.236373 21387
0.236374 11522
0.236383 98717
0.236396 94717
0.236402 18802
0.236403 55658
0.236406 44107
0.236412 38798
0.236413 37020
0.236419 89424
0.236424 91545
0.236426 16221
0.236467 74194
0.236472 16676
0.236473 16823
0.236477 63233
0.236484 14797
0.236499 14599
0.23652 64123
0.236549 58834
0.236558 52703
0.236578 17137
0.236578 6030
0.236579 60459
0.236588 14284
0.236593 57934
0.236598 2762
0.2366 23387
0.236603 49923
0.23661 30745
0.236627 559
0.236648 37879
0.23665 63744
0.236654 19264
0.236691 96150
0.236704 97443
0.23671 35644
0.236723 51757
0.236727 83595
0.236731 70933
0.236731 97029
0.236756 83340
0.236767 50900
0.23677 99661
0.236772 25061
0.236773 94515
0.236781 91540
0.236788 94775
0.23681 61348
0.236817 10626
0.236849 19508
0.236849 72305
0.236859 27940
0.236861 80913
0.236878 88384
0.236879 86421
0.236879 99366
0.236883 2906
0.236905 26982
0.236912 87556
0.23692 17041
0.236921 62921
0.23695 5196
0.236964 9043
144 142