1 2
449
0.311566 42391
0.311594 58171
0.311599 6867
0.311619 69404
0.311625 25295
0.311628 59560
0.311635 27748
0.311637 67931
0.311647 77108
0.311652 34927
0.311656 29989
0.311656 72068
0.311666 79211
0.311672 52613
0.311678 99770
0.31169 70849
0.311698 97638
0.311717 66043
0.311724 19479
0.311727 94844
0.311733 2248
0.311756 56810
0.311757 55810
0.311766 68476
0.311793 64350
0.311794 82444
0.311802 26086
0.311806 96881
0.311813 81924
0.311819 76573
0.311829 24371
0.311832 92093
0.311865 91956
0.311868 80919
0.311878 7651
0.311881 66935
0.311908 73297
0.31192 5496
0.311926 88972
0.311929 4568
0.311935 55097
0.311939 68881
0.311941 31725
0.311941 64272
0.311961 71170
0.311999 92106
0.312029 94976
0.312032 28824
0.312057 19328
0.312081 54568
0.312082 22938
0.312082 30512
0.312082 34686
0.312096 46765
0.312114 21862
0.312117 79876
0.312144 73748
0.312173 51311
0.312184 16397
0.312198 69958
0.312211 21145
0.312217 85721
0.312264 19640
0.312272 64730
0.312278 67872
0.3123 59145
0.312314 36271
0.312316 21998
0.31232 73700
0.31236 26209
0.312366 55226
0.312376 31051
0.312393 69375
0.312396 92425
0.312398 67029
0.312449 48377
0.312456 80786
0.312467 95322
0.312474 47496
0.312497 84831
0.312502 51308
0.312516 67951
0.312522 26230
0.312523 27999
0.312534 47392
0.312547 35823
0.312547 38485
0.31256 95328
0.312561 14185
0.312579 27863
0.312587 43279
0.312599 42421
0.312601 36837
0.312612 3381
0.312616 25958
0.312625 62017
0.312627 39812
0.312646 39013
0.312669 60708
0.312682 21044
0.312684 18571
0.312718 94950
0.312736 81338
0.312739 68859
0.312741 97630
0.312742 19877
0.312744 31584
0.312747 83037
0.312768 10623
0.312799 40747
0.312805 3464
0.312811 64708
0.312818 58507
0.312842 25650
0.312842 96207
0.312846 11260
0.312855 58305
0.312856 72877
0.312876 90858
0.31288 42006
0.312891 88946
0.312893 19443
0.312904 42545
0.312913 75998
0.312923 49354
0.312923 59859
0.312926 16690
0.312945 36935
0.312945 56149
0.312955 56422
0.312977 96036
0.31299 521
0.312991 26832
0.313009 14308
0.313012 65596
0.313016 92338
0.31302 22607
0.313024 11455
0.313025 66105
0.313043 32763
0.313056 96761
0.31306 61984
0.313063 37784
0.313071 54324
0.313082 95906
0.313084 87150
0.313088 10566
0.313098 65441
0.313107 30813
0.31311 3261
0.313112 59575
0.313118 91961
0.313126 48443
0.313131 53926
0.313137 18529
0.313158 69688
0.313159 15534
0.313171 19473
0.313183 75119
0.313187 54954
0.313192 13639
0.313204 45578
0.313211 89729
0.31323 58139
0.313245 54037
0.313245 60853
0.313249 63721
0.313251 48506
0.313251 97482
0.313273 55095
0.313279 95063
0.313281 32705
0.313294 83574
0.3133 28349
0.313317 48916
0.313324 86727
0.313355 75180
0.31336 96198
0.313365 90829
0.313398 83390
0.313402 72492
0.313408 42344
0.313409 97520
0.313412 96544
0.313429 29717
0.313435 13021
0.313436 8920
0.313441 44601
0.313445 12694
0.313451 73824
0.313461 63286
0.313467 68503
0.313474 52487
0.313477 44056
0.313478 41856
0.313488 23694
0.313492 6412
0.313497 78347
0.3135 38466
0.313507 85688
0.313512 59803
0.31352 20186
0.313554 35060
0.313563 39085
0.313568 93713
0.313574 91458
0.313581 2186
0.313588 73470
0.313589 75233
0.313591 67404
0.313605 74162
0.313608 5904
0.313609 62181
0.313639 53520
0.313659 61778
0.31366 22329
0.313668 4050
0.313678 49619
0.313686 26555
0.31369 59646
0.313707 88642
0.313716 33165
0.313717 80126
0.313717 87615
0.313719 87719
0.313741 45934
0.313743 26022
0.313763 67939
0.313768 52705
0.313774 9783
0.313784 90838
0.31379 34820
0.313794 33424
0.313795 80207
0.313807 82873
0.313808 59414
0.313809 57287
0.313809 83586
0.313824 101
0.313824 15995
0.313826 85029
0.313829 15150
0.31383 40786
0.313852 79967
0.313863 88806
0.313901 26582
0.31393 39509
0.313939 40184
0.313946 14903
0.313946 96085
0.313976 3192
0.313984 13016
0.313995 29838
0.314002 75980
0.314013 47375
0.314033 14515
0.314044 97551
0.314068 7773
0.314085 93166
0.314099 93324
0.314103 77177
0.314105 38649
0.314116 40832
0.314118 87999
0.31412 55162
0.314135 91160
0.314138 91499
0.314144 8092
0.314154 42794
0.314157 91805
0.314161 79838
0.314166 11827
0.314166 93785
0.314172 49728
0.314174 40548
0.314177 33311
0.31418 59159
0.314184 97758
0.314185 6070
0.314191 31988
0.314228 82176
0.314229 26297
0.314236 83423
0.314242 67170
0.314245 34171
0.314259 16058
0.31427 42506
0.314272 15943
0.314305 10950
0.314305 31702
0.314332 44501
0.314338 92391
0.314341 87968
0.314342 26373
0.314346 4996
0.314347 16830
0.314349 88843
0.314354 9579
0.314361 32465
0.314362 15152
0.314364 82238
0.314398 16021
0.314437 70486
0.314459 8403
0.314466 18398
0.314477 7039
0.31454 59999
0.314553 30800
0.314557 55647
0.31456 42308
0.314565 77853
0.314586 62396
0.314595 30870
0.314604 23180
0.314609 10767
0.314626 43899
0.314628 98
0.314651 45049
0.314661 2600
0.314662 11116
0.314696 49076
0.314716 33480
0.314719 2902
0.31472 48983
0.314724 73015
0.314724 87358
0.314738 30982
0.314738 68962
0.314743 78686
0.314787 28447
0.314801 61807
0.314806 67906
0.314808 52589
0.314811 56842
0.314816 16835
0.314831 34539
0.314833 15394
0.314848 93806
0.314891 2992
0.314896 83021
0.314923 52139
0.314941 38067
0.314972 94170
0.314975 57643
0.314997 54773
0.315032 35340
0.315039 90933
0.315054 71459
0.315073 99790
0.315076 16960
0.315078 26540
0.315107 40317
0.315117 73574
0.315124 92044
0.315125 71008
0.315142 77030
0.315144 72778
0.315153 45535
0.315166 50179
0.31517 27016
0.315177 67861
0.315178 59632
0.315191 76927
0.315193 14898
0.315201 84639
0.315201 9786
0.315213 27881
0.315214 29674
0.315217 27264
0.315218 48101
0.315219 73579
0.315221 86474
0.315223 87544
0.315225 44635
0.315236 30618
0.315244 69222
0.315258 76382
0.315258 79179
0.315295 82322
0.315303 23607
0.315327 29670
0.315327 84729
0.315336 12291
0.315339 39891
0.315343 37343
0.315352 56771
0.315353 44432
0.31538 9148
0.315396 61214
0.315408 16280
0.315433 93347
0.315442 54956
0.315468 81467
0.315496 5521
0.315498 99861
0.315504 22772
0.315511 64462
0.315512 69552
0.315516 64822
0.315532 84141
0.315544 12666
0.315552 66228
0.315554 43041
0.315563 6523
0.315576 7312
0.315627 21233
0.31563 30675
0.315635 61758
0.315713 45095
0.315714 32474
0.315766 15993
0.315769 31814
0.315788 46891
0.31579 58200
0.315792 56058
0.315795 56073
0.315798 56153
0.315802 53654
0.315804 23605
0.315813 56605
0.315852 79475
0.315865 68485
0.315871 96371
0.315876 5115
0.315878 28869
0.315879 52505
0.315899 14025
0.315909 22220
0.315913 99747
0.315929 62299
0.315931 28067
0.315933 45991
0.31594 82518
0.315964 44877
0.315974 71697
0.315978 27947
0.315983 65144
0.315992 39080
0.315995 25799
0.316044 91836
0.316048 54204
0.316049 66898
0.316053 90957
0.316057 56300
0.316058 34417
0.316071 16427
0.316075 58141
0.316075 96390
0.316086 78462
159 136