1 2
407
0.988355 41717
0.988364 87819
0.988386 16414
0.98839 33510
0.98839 37963
0.988391 695
0.988408 63399
0.988409 6846
0.988411 46958
0.988414 2400
0.988414 86332
0.988417 44765
0.988457 3209
0.988464 61153
0.988475 50458
0.988486 68656
0.988488 57832
0.988497 70179
0.988507 25811
0.98851 24113
0.988512 13556
0.988529 13878
0.988529 56611
0.988535 80780
0.988536 16762
0.98855 14327
0.988555 56034
0.988557 88307
0.988568 27611
0.988572 15029
0.988607 51269
0.988621 82318
0.988632 77485
0.988642 10408
0.98866 92364
0.988669 51554
0.988674 14779
0.988684 21595
0.98869 76888
0.988691 76368
0.988692 99833
0.988711 26466
0.988712 63635
0.988716 22043
0.988717 27727
0.988754 58732
0.988755 11641
0.988764 47455
0.988772 28393
0.988776 44303
0.988787 28870
0.988795 8731
0.988812 32635
0.988814 14094
0.988821 53218
0.988842 24667
0.988853 5804
0.988861 87706
0.98887 63559
0.98889 78530
0.988901 15568
0.988906 25312
0.988911 71182
0.988939 74523
0.988946 17800
0.988967 52215
0.989 31963
0.989001 14366
0.989007 57976
0.98901 79769
0.989015 19331
0.989028 55574
0.989053 66246
0.989059 72279
0.989074 50259
0.989089 55066
0.989102 53274
0.989131 66284
0.989137 30160
0.989142 97402
0.989145 2365
0.989149 30568
0.989166 60398
0.989178 93876
0.989179 49657
0.989184 50612
0.989189 55170
0.989192 33197
0.989193 94434
0.989197 76605
0.989211 58033
0.989214 34405
0.989221 28602
0.989224 1414
0.989224 41746
0.989241 73446
0.989254 32199
0.989256 28439
0.989257 58234
0.989269 84211
0.98928 70641
0.989312 75770
0.989338 62849
0.989344 15704
0.989386 73172
0.989408 39875
0.989434 75539
0.989453 29315
0.989481 51227
0.98952 95686
0.989525 33483
0.989529 98054
0.989537 80938
0.98954 69045
0.989545 12943
0.989565 37719
0.989576 23743
0.989584 38587
0.989585 61853
0.98961 89585
0.989621 59182
0.989629 27139
0.989663 64072
0.989702 78069
0.989719 19720
0.989727 40267
0.989729 60439
0.989741 22261
0.989742 65274
0.989755 38987
0.989758 57412
0.989762 13807
0.989775 7396
0.989808 14955
0.989834 96776
0.989844 31480
0.989849 546
0.989864 94864
0.989872 65398
0.989878 59232
0.989905 52666
0.989918 33872
0.989922 964
0.989927 12518
0.989927 60725
0.989929 76557
0.989938 20861
0.989954 19318
0.989962 52348
0.989967 90888
0.989968 89739
0.989973 3674
0.989978 11311
0.989978 93879
0.989986 48239
0.989987 66967
0.98999 58941
0.989996 42310
0.990011 26521
0.990014 64460
0.990025 72124
0.990031 68732
0.990032 72035
0.990035 16282
0.990052 34634
0.990052 5058
0.990062 95619
0.990071 11367
0.990095 9779
0.990104 27808
0.990105 66765
0.990111 49489
0.990142 43399
0.990165 67801
0.990188 3212
0.990193 17073
0.990208 94242
0.990215 9359
0.990216 4022
0.990217 75773
0.990219 66813
0.990237 73607
0.990257 24459
0.99027 89206
0.99028 87342
0.990281 86038
0.990282 20046
0.990289 58119
0.990303 48373
0.990305 65405
0.990325 89953
0.990332 41370
0.990348 57595
0.990353 9002
0.990358 50506
0.990365 72763
0.990378 29753
0.990382 99598
0.990387 69768
0.990395 78228
0.990403 93558
0.990427 47200
0.990427 58182
0.990429 2556
0.990433 74578
0.990449 70789
0.990472 27903
0.990474 22804
0.990509 80989
0.990516 18693
0.990531 86028
0.99054 21600
0.990567 89872
0.990569 86012
0.990591 85106
0.990597 40052
0.990606 1055
0.990614 3242
0.990617 15055
0.990621 26843
0.990625 9068
0.990641 45034
0.990651 878
0.990661 70855
0.990679 71288
0.990689 79203
0.99071 70619
0.990727 99058
0.990739 59693
0.990745 44795
0.990765 14010
0.99077 40823
0.99078 69103
0.990782 80057
0.990783 74843
0.990799 75502
0.9908 45638
0.990815 75852
0.990834 95018
0.9909 51581
0.990912 28645
0.990918 94312
0.990933 43948
0.990942 15010
0.990945 48547
0.990947 70834
0.990954 75588
0.990959 88773
0.99097 75269
0.990977 69856
0.990985 15007
0.990986 89196
0.991 64714
0.991005 67310
0.991021 52617
0.991028 1003
0.991054 58436
0.991062 43931
0.991063 26171
0.991064 81096
0.991069 49491
0.991096 11630
0.991097 95985
0.991103 38250
0.99113 33798
0.99119 31583
0.991218 35509
0.991222 19024
0.991232 55986
0.99125 20023
0.991283 22622
0.991297 35434
0.991347 47554
0.991352 96037
0.991357 9907
0.991364 33553
0.991368 49296
0.99137 12896
0.991371 15933
0.991381 33678
0.991401 77812
0.991416 7557
0.991431 82645
0.991434 14344
0.991435 89711
0.991442 78909
0.991446 64527
0.991456 58612
0.991504 56424
0.991526 14614
0.991532 72921
0.991533 81510
0.991539 34020
0.99159 11803
0.991591 1079
0.991598 81815
0.991608 14322
0.991639 87871
0.991662 84386
0.991665 27234
0.991681 29870
0.991687 10601
0.991689 49128
0.991701 6802
0.991701 84689
0.991702 1822
0.991705 86898
0.991719 44083
0.991734 2625
0.991757 34173
0.991777 17961
0.991816 29195
0.991831 395
0.991847 71211
0.991851 85058
0.991861 61057
0.991861 78358
0.991875 70752
0.991879 8677
0.991885 14225
0.99189 23678
0.991912 57488
0.991917 10444
0.991924 82864
0.991932 94097
0.991938 72320
0.991949 85021
0.99195 56931
0.991964 45362
0.991969 43432
0.991975 62456
0.991992 55481
0.992009 63833
0.992037 51101
0.992046 16717
0.992061 86441
0.992071 56598
0.992075 37537
0.992077 8673
0.992078 10772
0.992086 45109
0.992096 92260
0.992097 67086
0.992106 17323
0.992117 20808
0.992121 3248
0.992132 84652
0.992132 98293
0.992141 51472
0.992149 30733
0.992149 41690
0.992151 87469
0.992163 4435
0.992167 77113
0.992189 97168
0.992191 18749
0.992217 30102
0.992218 27872
0.99223 52221
0.992232 24122
0.992244 30193
0.992266 79545
0.992309 55470
0.992309 92316
0.992324 68456
0.992331 5304
0.992332 1818
0.992334 14049
0.992364 10096
0.992364 44358
0.992368 49880
0.992376 29501
0.992379 42326
0.992401 39236
0.992402 99090
0.992415 76232
0.992415 84785
0.992426 91415
0.992434 69500
0.99244 92534
0.99245 33386
0.992452 21554
0.992454 72314
0.992475 94195
0.992483 32120
0.992494 76209
0.992511 46122
0.992519 62510
0.992522 84746
0.992548 62466
0.992548 63411
0.992571 90519
0.992582 1648
0.992608 3135
0.992609 53649
0.992612 62896
0.992612 90165
0.992614 5269
0.992616 18326
0.992622 31983
0.992627 59035
0.992648 80756
0.99265 16952
0.992657 59062
0.992663 89891
0.992669 8845
0.992675 97418
161 160