1 2
393
0.971733 48064
0.971741 23519
0.971747 82047
0.971748 96047
0.971763 58858
0.971767 21709
0.971768 92335
0.971779 22078
0.971783 36650
0.971805 80388
0.971819 59862
0.971836 13837
0.971859 28513
0.971861 49061
0.971879 97184
0.971888 37697
0.971899 30991
0.97191 12562
0.971938 50030
0.971955 57873
0.971957 95767
0.971961 15107
0.971962 80242
0.971964 29334
0.971967 27344
0.971983 25072
0.971996 39050
0.972034 41164
0.97204 49152
0.972045 22890
0.972055 82421
0.972075 80830
0.972091 73770
0.972097 10190
0.972121 62867
0.972122 6067
0.972124 38795
0.972133 61043
0.97214 25938
0.972155 49817
0.972159 24193
0.972161 44985
0.972175 11620
0.972185 76177
0.972188 34340
0.972192 66180
0.972197 54265
0.972228 32263
0.972234 41378
0.972244 46425
0.972245 40737
0.972267 76184
0.972267 90913
0.972269 58906
0.972283 72384
0.972296 41698
0.972306 25682
0.972307 72024
0.972312 94999
0.972332 96140
0.972349 18251
0.972349 22159
0.972351 7587
0.972366 40782
0.972367 76689
0.972375 99700
0.972382 27643
0.972386 74647
0.972407 11581
0.972429 98010
0.972442 50301
0.972447 60651
0.972457 96943
0.97248 73522
0.97249 2691
0.972508 64731
0.97251 5029
0.972518 49056
0.972545 49743
0.972546 5849
0.972552 11321
0.972553 16478
0.972561 56658
0.97257 75933
0.972585 83682
0.97263 5725
0.972645 37687
0.972645 37788
0.972645 86267
0.972663 80635
0.972669 35847
0.972692 35086
0.972696 18304
0.972705 35710
0.97275 82648
0.972751 66911
0.972766 94069
0.972766 954
0.972773 39921
0.972776 52180
0.972787 95420
0.972807 26726
0.972808 53739
0.972814 76052
0.972818 45563
0.972827 72658
0.972841 81386
0.972863 43087
0.972869 13587
0.97287 46695
0.972871 26719
0.972891 8175
0.972896 23191
0.972896 35343
0.972915 26010
0.972918 97855
0.972931 14692
0.972938 13984
0.972958 21318
0.972995 96531
0.973013 5675
0.973027 53301
0.973054 71774
0.973069 982
0.97308 87394
0.973097 37369
0.973099 62826
0.973107 60051
0.973109 20554
0.973124 51641
0.973139 78476
0.973148 1988
0.973156 17540
0.973172 22823
0.973175 79237
0.973184 81907
0.973202 67361
0.973223 19636
0.973229 19970
0.973233 47935
0.973241 79813
0.973261 26683
0.973286 28692
0.97329 78576
0.973291 67378
0.973296 34263
0.973308 43262
0.973325 28442
0.973328 95041
0.973344 65873
0.973355 51338
0.973357 89185
0.973369 38681
0.973373 79342
0.973379 71299
0.97338 76707
0.973382 63017
0.973386 64863
0.973398 99472
0.973401 14032
0.973429 65250
0.973436 36113
0.973484 57145
0.973512 3682
0.973519 30295
0.973519 88078
0.973526 58700
0.973527 4785
0.973538 60031
0.973549 72313
0.973551 25933
0.973555 44812
0.973582 48559
0.973582 65949
0.973583 7793
0.973601 7750
0.973602 24059
0.973646 57152
0.973664 86375
0.973673 79288
0.973676 63442
0.973676 86447
0.973683 67673
0.973684 49486
0.973706 76543
0.973723 48280
0.973724 89672
0.973737 31060
0.973743 85532
0.973744 44524
0.973745 57051
0.973757 80997
0.973782 4330
0.973784 15647
0.973784 82520
0.973787 10789
0.973793 22614
0.973797 45353
0.973819 1530
0.973828 30788
0.973842 42387
0.973853 30853
0.973875 76273
0.973879 55076
0.973893 1383
0.973895 71147
0.973904 92006
0.973905 86062
0.973917 12976
0.97393 37712
0.97393 53906
0.973939 13748
0.97394 44938
0.973953 36850
0.973953 4236
0.973957 92623
0.973961 36439
0.973979 12918
0.973992 61979
0.973994 72795
0.973995 13329
0.974 66812
0.974022 20029
0.974029 56110
0.974034 79180
0.974037 66285
0.97405 18478
0.974054 11914
0.974057 5630
0.974101 13489
0.97411 4086
0.974117 6149
0.974122 39234
0.974125 23950
0.974147 60199
0.974152 13010
0.97416 57053
0.974175 48047
0.974205 29498
0.974215 93591
0.974216 38370
0.974244 19272
0.974261 10937
0.974269 18726
0.974271 90066
0.974276 48461
0.974286 30687
0.974287 34404
0.97429 27172
0.97429 53129
0.974302 69862
0.974317 11338
0.974331 55019
0.974338 33662
0.974343 7128
0.974344 10274
0.974346 36745
0.974351 83406
0.974368 7069
0.974369 19982
0.974381 88022
0.974436 9555
0.974438 70793
0.974473 32134
0.974483 58548
0.974514 52961
0.974516 58250
0.974526 12870
0.97453 74259
0.974532 64881
0.974538 23623
0.974555 33261
0.974556 41474
0.974603 67654
0.974608 19368
0.97461 23737
0.974637 80050
0.974644 68262
0.974672 96397
0.974673 40165
0.974674 20711
0.974678 34273
0.974698 66722
0.974713 18971
0.974747 97153
0.974761 31540
0.974772 97275
0.974798 2045
0.974804 78831
0.974822 3327
0.97486 65194
0.974863 26426
0.974873 16982
0.974876 89367
0.974877 79228
0.974887 55736
0.974893 77548
0.974896 59105
0.974926 92466
0.974933 28412
0.974933 71064
0.974935 31481
0.974938 44411
0.974939 19928
0.974942 86102
0.974946 10205
0.974952 15504
0.974968 32240
0.974971 2792
0.974974 77289
0.974976 62593
0.974978 21454
0.974983 19229
0.974985 65413
0.975002 90949
0.975007 31773
0.975012 24833
0.975012 62367
0.97502 73236
0.975023 89436
0.975027 99615
0.975039 21617
0.975039 6185
0.975042 35298
0.975064 7068
0.97508 46245
0.975086 46772
0.975088 82709
0.975093 95694
0.975094 98881
0.975111 51494
0.975139 85167
0.975155 60025
0.975166 66258
0.97517 49371
0.975183 43221
0.975199 91995
0.975224 63032
0.97523 20904
0.975239 57339
0.975258 49833
0.975258 56984
0.975274 14644
0.975279 73512
0.975288 94311
0.975295 64243
0.975301 1520
0.975306 73147
0.975307 16553
0.975316 80752
0.975322 36721
0.975323 21441
0.975325 48115
0.975332 40114
0.975337 93627
0.975343 90666
0.975349 18388
0.97535 49836
0.97536 51604
0.975369 5586
0.975392 1381
0.9754 73341
0.975402 88830
0.975403 92691
0.975407 67824
0.975408 93475
0.975415 68977
0.975426 50147
0.975442 42072
0.975446 65782
0.975452 96507
0.97547 13521
0.975472 81524
0.975479 29415
0.975491 90754
0.975494 54407
0.975502 52546
0.975509 27475
0.975536 12623
0.975539 92206
0.975543 26566
0.975546 23035
0.975556 30656
0.975588 78550
0.975602 46340
0.975606 89558
0.975609 62001
0.975613 92139
0.975635 81594
0.97564 16759
0.975644 14697
0.975673 58284
0.975675 42146
138 163