1 2
430
0.36097 39775
0.361006 67722
0.361008 11106
0.361017 24923
0.361018 33086
0.36102 21978
0.361029 27613
0.361035 36825
0.361038 77022
0.361062 98436
0.361066 87356
0.361083 13461
0.361085 30408
0.361111 73816
0.361123 42219
0.361123 62786
0.361133 55289
0.361156 97629
0.361161 46414
0.361161 89988
0.361171 76195
0.36119 100712
0.361197 92195
0.361203 57219
0.361222 6051
0.361245 97231
0.361247 88572
0.361254 19383
0.361268 1709
0.361286 92998
0.361286 94081
0.361312 67071
0.361314 94959
0.361328 76513
0.361355 92603
0.361361 76019
0.361362 61201
0.361371 95740
0.361387 68216
0.361392 432
0.361436 82536
0.361438 93186
0.361447 30296
0.361475 85252
0.361477 74633
0.361487 9538
0.361492 59289
0.361498 3804
0.361522 74665
0.361524 91451
0.361548 35650
0.361574 99447
0.36159 8600
0.361593 96254
0.3616 21527
0.3616 83484
0.361601 88711
0.361602 100829
0.361605 73865
0.361633 2247
0.361639 17635
0.36164 11964
0.361642 79939
0.361662 63221
0.361669 24316
0.361669 54057
0.361675 25273
0.361676 97898
0.361678 44436
0.361683 1657
0.361688 42959
0.361691 80085
0.361704 82463
0.361708 65997
0.361729 87344
0.361769 48354
0.36179 51577
0.361791 7952
0.361793 11185
0.3618 86924
0.361804 76358
0.361817 50043
0.361829 29676
0.361832 94774
0.361845 20769
0.361875 6853
0.361884 12159
0.361887 54260
0.361897 41163
0.361899 5898
0.361907 85873
0.361908 27256
0.361916 55720
0.361924 92331
0.361927 40570
0.361928 97038
0.361932 41675
0.361951 61566
0.361956 30363
0.361992 67151
0.361994 60067
0.362001 52183
0.36201 56337
0.362016 45490
0.362035 77579
0.362042 88109
0.362043 7566
0.362047 35208
0.362047 56415
0.362057 10933
0.362076 43208
0.362081 74099
0.362095 30965
0.362102 45887
0.362106 98689
0.36211 9728
0.362116 21148
0.362121 28000
0.362129 34111
0.362129 54297
0.362139 58516
0.362165 75456
0.362166 51440
0.36217 96665
0.362186 92612
0.362205 3425
0.362206 80548
0.362208 42595
0.362212 52231
0.36223 28520
0.362233 10352
0.362236 83169
0.362245 42384
0.362254 58798
0.362261 59752
0.362265 73642
0.362274 86303
0.36229 16740
0.362317 41167
0.362326 70703
0.362355 81069
0.362357 77564
0.362362 9536
0.362367 18434
0.362371 90067
0.362382 36810
0.362398 97000
0.362431 16923
0.362454 50881
0.362461 55074
0.362464 22339
0.362488 52460
0.362488 88570
0.362509 15932
0.36251 13602
0.362511 71378
0.362527 24598
0.362528 77879
0.362539 81307
0.362539 8671
0.36255 88829
0.362555 61893
0.362555 7036
0.362558 15671
0.362583 77910
0.362584 92037
0.362587 34421
0.362595 43541
0.362603 51763
0.362619 29036
0.362619 82638
0.36262 96284
0.362627 82058
0.362629 59935
0.362642 25034
0.362645 66526
0.362654 1193
0.362661 44461
0.362669 70766
0.362675 83044
0.362686 56767
0.362687 81680
0.362709 31593
0.36271 74390
0.362715 53620
0.362726 98041
0.362741 55081
0.362743 48500
0.362745 72201
0.362748 91721
0.362753 75746
0.362761 35081
0.362781 75177
0.362784 36354
0.362789 83827
0.362814 12182
0.36283 73463
0.362849 84287
0.362873 23459
0.362876 75405
0.36289 11083
0.362907 63753
0.362911 13824
0.362912 3106
0.362913 82021
0.362914 33566
0.362923 25930
0.36293 75238
0.362931 85912
0.362956 71550
0.362986 53874
0.362992 94209
0.363008 85203
0.363012 12838
0.363012 5705
0.363053 76962
0.363089 55890
0.363091 11123
0.363101 71834
0.363107 32579
0.363115 94814
0.363123 84462
0.363129 47092
0.36313 29974
0.363133 50000
0.36314 52320
0.363155 56494
0.363158 18829
0.363176 61053
0.363177 36761
0.363184 4131
0.363215 17284
0.363226 16096
0.363228 50079
0.363232 23712
0.363237 3355
0.363277 72589
0.363284 72590
0.363293 12026
0.363295 53310
0.3633 63395
0.363302 81975
0.363344 32183
0.363353 37606
0.363362 28245
0.363382 43527
0.363393 13080
0.363396 99627
0.363399 54696
0.363409 54136
0.363412 1961
0.363412 39542
0.363424 47690
0.363453 46496
0.363461 35020
0.363465 83839
0.363477 30644
0.363477 78230
0.363481 41262
0.363486 38563
0.3635 2607
0.363517 59360
0.363535 80112
0.36354 14496
0.363545 77381
0.363545 93649
0.363567 1403
0.363567 5430
0.363567 69151
0.363573 95638
0.363584 51445
0.363593 86630
0.363594 92793
0.363602 79814
0.36362 30899
0.363642 67044
0.36365 93804
0.363651 88960
0.363655 59869
0.363663 26321
0.363683 13734
0.363698 1098
0.363708 38829
0.363716 9641
0.363719 18608
0.363732 72398
0.363733 65861
0.363746 30913
0.363751 25962
0.363758 76229
0.363768 74830
0.363789 97559
0.36379 61822
0.363835 47539
0.363848 83610
0.363851 31868
0.363851 95190
0.363856 69238
0.363863 7976
0.363866 61539
0.363867 1631
0.363871 99649
0.363877 55689
0.363882 57578
0.363902 42189
0.363903 9432
0.363916 71596
0.363917 60742
0.363931 76531
0.363935 63447
0.36394 33591
0.36395 12539
0.363979 79011
0.363986 8547
0.363988 38465
0.36401 65345
0.364035 4261
0.364051 32164
0.364103 100050
0.364107 36063
0.364109 83652
0.364117 65439
0.364118 99211
0.364127 32566
0.364132 15797
0.364149 25662
0.364161 46623
0.364165 10597
0.364168 85081
0.364183 27504
0.364197 100142
0.364208 65836
0.364211 55800
0.364224 52114
0.364255 2480
0.364255 95610
0.364286 65818
0.364288 15666
0.364288 44385
0.364298 14992
0.364299 89331
0.364307 5086
0.364309 30396
0.364312 68052
0.364334 19763
0.364337 69561
0.364338 26578
0.36435 14688
0.364392 90018
0.364393 59354
0.364395 87896
0.364409 79005
0.364436 35839
0.364448 30789
0.364449 55575
0.364511 14711
0.36452 34018
0.364526 7064
0.364559 47350
0.364564 64977
0.364577 51131
0.364597 46884
0.364611 40203
0.364612 29329
0.364613 33690
0.364615 38920
0.364617 11969
0.364635 83984
0.364637 65495
0.36464 84105
0.36465 5012
0.36467 43210
0.364681 71062
0.36469 7757
0.364695 94764
0.364698 68041
0.3647 1202
0.364708 11000
0.364729 32670
0.36474 33385
0.364773 7610
0.364777 98093
0.364818 72741
0.364833 80873
0.364837 64395
0.364838 63277
0.364845 38579
0.364851 29763
0.36487 58280
0.36487 7621
0.364871 27540
0.364871 96404
0.364872 63964
0.364884 12576
0.364886 100232
0.364892 65668
0.364895 29700
0.364898 33864
0.364911 13352
0.364916 33217
0.364924 44710
0.364928 2341
0.364941 28671
0.364946 62746
0.364949 81546
0.364963 27188
0.364964 14502
0.364972 33689
0.364976 95480
0.365025 18882
0.365028 67423
0.365058 6663
0.365074 2376
0.365079 41022
0.365091 35349
0.365104 2984
0.365105 44758
0.365106 58538
0.365131 45411
0.365134 13866
0.365137 69897
0.365139 97343
0.365147 41494
0.365147 50809
0.36515 60002
0.36515 76133
0.365159 28286
0.365177 8210
0.365177 83757
0.36518 63243
150 154