1 2
399
0.955893 1519
0.955899 53561
0.955909 63398
0.955917 30224
0.955917 86726
0.955929 68280
0.955937 88368
0.95594 88987
0.955951 48855
0.955954 41920
0.955963 72527
0.955997 70816
0.95601 85360
0.956012 52243
0.956021 49953
0.956023 95640
0.956024 60765
0.956026 99203
0.956033 9208
0.956034 94612
0.956043 35223
0.956046 91988
0.956048 70136
0.956048 73664
0.956055 23582
0.956068 65292
0.956069 67096
0.956078 11748
0.956079 96838
0.956087 35127
0.956088 819
0.956089 40190
0.956094 14569
0.956108 27851
0.956139 29014
0.956139 75093
0.95614 47306
0.956146 48511
0.95615 57963
0.956158 27434
0.956175 40271
0.956219 22120
0.956226 83609
0.95625 86747
0.956255 22170
0.956255 62228
0.956259 24602
0.956264 51791
0.956268 76227
0.95627 21230
0.956294 93020
0.956303 81512
0.956311 70446
0.956317 97728
0.956388 98254
0.956395 91744
0.956398 43951
0.956403 29320
0.956408 68365
0.956421 55682
0.956434 70447
0.956454 37156
0.956456 68610
0.95646 17410
0.956462 44510
0.956466 44068
0.956468 78609
0.956486 26472
0.956488 15754
0.9565 69590
0.9565 83248
0.956506 56092
0.956516 89756
0.95652 55087
0.956521 71911
0.956544 20916
0.956546 99626
0.956567 78706
0.956587 48965
0.956595 15225
0.9566 10522
0.9566 20928
0.956605 14927
0.956635 73834
0.956642 50387
0.956644 55798
0.956655 29140
0.956656 95339
0.956657 39507
0.956659 41107
0.956669 40694
0.956677 35913
0.956687 14285
0.956687 2603
0.956694 46295
0.956719 33159
0.956737 44611
0.956751 23589
0.956759 61211
0.956763 77056
0.956765 72273
0.95678 43727
0.956793 97548
0.956794 88506
0.956804 42979
0.956831 42527
0.956855 65849
0.956873 28100
0.956877 62444
0.95689 10137
0.956894 41246
0.956896 25005
0.9569 91393
0.956904 76313
0.956923 95696
0.95693 35322
0.956935 30134
0.956952 1437
0.956975 94949
0.956978 1162
0.956979 71530
0.956984 65943
0.956993 88552
0.957007 33227
0.957022 16628
0.957044 83157
0.957051 14972
0.957057 23800
0.957061 22641
0.957082 68108
0.957099 34639
0.9571 66466
0.957125 74684
0.957156 18431
0.957185 22605
0.957196 96098
0.957206 75225
0.957213 70064
0.957223 88182
0.957243 15920
0.957247 31256
0.957248 62686
0.95726 15673
0.95727 57423
0.957292 60119
0.9573 28931
0.957315 54670
0.95734 16271
0.95736 3597
0.95737 69310
0.95739 88310
0.957398 60637
0.957421 56413
0.957425 24288
0.957454 93950
0.957463 33432
0.957464 94817
0.957485 22385
0.957486 96276
0.957489 51840
0.957492 20339
0.957494 63956
0.957506 53953
0.957514 57564
0.957525 90436
0.957553 49483
0.957562 8808
0.957569 12994
0.957569 18021
0.95758 89475
0.9576 38819
0.957612 1318
0.957613 12573
0.95764 22197
0.957647 83088
0.957659 96607
0.957662 83951
0.957685 49330
0.957687 33828
0.95769 74165
0.957704 38172
0.957756 28922
0.957763 45572
0.957777 55333
0.9578 603
0.957815 78408
0.957815 8795
0.957816 78830
0.957823 37637
0.957849 94029
0.957851 4198
0.957866 84817
0.957867 44692
0.957882 2012
0.957883 76469
0.957886 17904
0.957898 26445
0.957916 54310
0.957923 75758
0.957928 95830
0.957929 14341
0.957938 12076
0.957952 95856
0.957955 3048
0.957955 67454
0.957965 53321
0.957986 21218
0.957991 95801
0.958009 4080
0.958012 4137
0.958021 14684
0.958037 20370
0.958061 34543
0.958083 79113
0.958084 33095
0.958089 2307
0.958094 100879
0.958098 81288
0.958099 76149
0.958105 80439
0.958123 25384
0.958124 70955
0.958144 10907
0.958164 13721
0.958172 11409
0.958202 85261
0.958203 35643
0.958214 78770
0.958215 13560
0.958225 391
0.958228 92859
0.958236 48831
0.958238 25645
0.95824 50877
0.958254 58191
0.958256 29394
0.958266 65003
0.958269 52454
0.958278 53964
0.958292 61334
0.958296 69811
0.958297 21918
0.958341 44989
0.958351 15564
0.958353 20350
0.958353 71587
0.958355 51498
0.958362 21065
0.958375 58282
0.95842 46449
0.958425 89665
0.95843 33815
0.958444 7446
0.958457 76560
0.958466 58972
0.958472 57591
0.958478 83571
0.95849 50932
0.958502 28713
0.958521 97197
0.958549 76409
0.958565 30113
0.958578 95214
0.958583 76034
0.958597 50169
0.958604 18182
0.958618 66309
0.958619 19785
0.958626 3178
0.958626 85868
0.958639 48863
0.958667 87584
0.958686 27141
0.958695 13658
0.958709 14962
0.958713 49961
0.958727 27027
0.958734 38414
0.958744 80730
0.958748 60489
0.958786 951
0.95881 37066
0.958825 11244
0.958827 16929
0.958838 91634
0.958843 86640
0.958846 6021
0.958848 23176
0.958852 65951
0.958866 26690
0.958882 67298
0.958894 14387
0.958899 3239
0.958908 4625
0.95891 96981
0.958911 31429
0.958931 88418
0.958967 66628
0.958972 51704
0.958978 16273
0.958978 31432
0.958979 38623
0.958987 41897
0.959018 99804
0.959027 66902
0.959054 27385
0.959071 52733
0.959088 99637
0.95909 41763
0.959118 40193
0.959132 9293
0.959137 76489
0.959139 39552
0.95916 65912
0.959172 75765
0.959176 80718
0.959178 50370
0.959182 61423
0.959187 22609
0.959187 77981
0.959193 47839
0.959207 84790
0.959214 23713
0.959215 97483
0.959217 96808
0.95922 9399
0.959238 21912
0.959247 42877
0.959248 35336
0.959249 44483
0.959261 97599
0.959284 71722
0.959288 86975
0.959292 84293
0.959292 92706
0.959309 51500
0.959315 67051
0.959319 315
0.959347 28573
0.959348 71007
0.959356 95066
0.95936 33464
0.959364 11705
0.959364 9464
0.959385 30569
0.959394 57344
0.959397 50789
0.959408 97647
0.959413 84736
0.959433 75486
0.959439 22121
0.959443 48995
0.959451 12450
0.959455 91386
0.959459 76499
0.959476 35351
0.959518 30279
0.95952 55193
0.959522 2239
0.959529 27066
0.959532 30206
0.959532 55860
0.959564 2972
0.959567 13620
0.959567 73814
0.959573 67592
0.959579 33885
0.959582 84128
0.959583 96297
0.959586 73897
0.959588 92119
0.959599 63941
0.959608 76971
0.95961 37144
0.959613 100311
0.959615 18369
0.959632 41211
0.959633 76493
0.959638 32842
0.959646 70322
0.959653 11238
0.959653 99063
0.95966 11456
0.959664 43525
0.959669 33090
0.959672 64782
0.959695 45699
0.959704 13243
0.959717 23518
0.959723 38902
0.959725 56703
0.95975 461
0.959753 29107
0.959758 28440
0.959766 5094
0.959823 69883
0.959837 32533
0.959851 31458
0.95986 18950
162 194