1 2
407
0.488121 40375
0.488123 68856
0.488135 98842
0.488146 45903
0.488151 85647
0.488155 16701
0.488162 74239
0.48817 32045
0.488178 37626
0.488179 4751
0.488179 67552
0.48819 9326
0.488216 57818
0.48822 23967
0.488229 43234
0.488238 99893
0.488245 14394
0.488249 9759
0.488274 77082
0.488282 100185
0.488282 101185
0.488294 1446
0.488294 57890
0.488301 94769
0.488309 54844
0.488318 84260
0.488366 17827
0.488368 50901
0.488388 25666
0.488388 62175
0.48839 74243
0.488396 28507
0.488399 13244
0.488399 7063
0.488416 17235
0.488416 91964
0.488421 87489
0.488423 27856
0.488426 16161
0.488433 63105
0.488442 34222
0.488448 33324
0.488449 41528
0.488465 42443
0.488465 64485
0.488466 85441
0.488478 79694
0.488484 73327
0.488485 56687
0.488487 23001
0.488499 96990
0.4885 5475
0.4885 7152
0.488517 21009
0.48852 20883
0.48853 33841
0.488553 92696
0.488579 20410
0.48859 17880
0.488608 11488
0.488621 54430
0.488626 6776
0.488627 39041
0.48863 60649
0.488631 75232
0.488634 71752
0.488637 43292
0.488642 82531
0.488647 35348
0.488658 53033
0.488661 63199
0.488674 15323
0.488676 17767
0.488699 49527
0.488706 33410
0.48871 21379
0.488764 6978
0.488772 98755
0.488774 65917
0.48879 32220
0.48879 58320
0.488798 24567
0.488828 42122
0.488832 16602
0.488851 54376
0.488857 22148
0.488883 7383
0.488885 44892
0.488886 20039
0.488894 99736
0.488918 80124
0.48895 14113
0.488988 67751
0.489009 40341
0.489047 3160
0.489055 60303
0.489067 38206
0.489071 49443
0.489073 31849
0.489091 3009
0.489097 55623
0.489104 81031
0.489111 56290
0.489119 64754
0.489122 60406
0.489128 88933
0.489149 52385
0.489149 57289
0.489174 83447
0.48922 80762
0.489234 2745
0.489237 35661
0.489246 28066
0.489275 62040
0.489281 3585
0.489284 85356
0.489285 1623
0.489318 76819
0.489323 22015
0.489329 72742
0.489339 46904
0.48936 16623
0.48936 58984
0.489375 25540
0.489375 54911
0.489387 78622
0.48939 80040
0.489392 44326
0.489394 62553
0.489407 97971
0.489432 83251
0.489441 16651
0.489446 61167
0.489456 69737
0.489463 38138
0.48947 49852
0.489485 17725
0.4895 96307
0.489504 45350
0.489512 84166
0.489516 46125
0.489524 35344
0.489524 42388
0.489548 93188
0.489549 85565
0.48955 71403
0.489553 99138
0.489563 3680
0.489569 58256
0.489569 94055
0.489593 71313
0.489607 77730
0.489612 28900
0.489613 23921
0.489613 66297
0.489625 58596
0.489626 64581
0.489626 81901
0.489628 3978
0.48963 42767
0.48963 84531
0.489635 20998
0.489648 25830
0.489652 91808
0.489672 95995
0.489673 51563
0.489674 39797
0.489678 45594
0.489681 58621
0.489695 69237
0.489713 65573
0.489726 15397
0.489727 30628
0.489732 49088
0.489732 90634
0.489734 23452
0.489734 53630
0.489742 87312
0.489746 76754
0.489768 53817
0.48978 60773
0.489797 34446
0.489816 40293
0.489819 1640
0.489827 60666
0.489829 10760
0.489845 19086
0.489849 54780
0.489849 82534
0.489851 93639
0.489859 83968
0.489865 28716
0.489888 5228
0.489896 3790
0.489897 60908
0.489898 13300
0.489914 71988
0.489923 49005
0.489925 50873
0.489939 66953
0.489944 46798
0.489963 6907
0.489967 54944
0.48997 41779
0.489972 32404
0.490001 76287
0.490012 94523
0.490025 68369
0.490045 82347
0.490047 843
0.490051 9449
0.490058 52685
0.49007 56012
0.490075 6599
0.490076 27408
0.490077 26274
0.49008 65506
0.490099 22399
0.490103 42373
0.490117 84251
0.490151 89549
0.490154 25216
0.490171 49904
0.490171 51106
0.49018 77230
0.490191 53263
0.490197 67415
0.490203 87425
0.490206 9316
0.490215 86377
0.490219 26609
0.490221 16181
0.490251 74144
0.490268 53568
0.490281 70284
0.490284 49956
0.490289 13764
0.490304 46166
0.490304 53761
0.490308 63042
0.490309 48745
0.49034 81588
0.490348 85671
0.490356 84383
0.49037 92608
0.490377 74695
0.490391 82183
0.490405 41207
0.490409 92267
0.490427 40132
0.490433 34655
0.490441 26224
0.49045 70991
0.490457 10135
0.490462 2235
0.490465 40693
0.490468 20833
0.49049 85907
0.490505 8358
0.490526 49660
0.490537 29293
0.490539 90587
0.490546 53424
0.490564 63292
0.490569 80540
0.490582 5744
0.490593 83832
0.490613 7335
0.490614 21445
0.490622 42099
0.490631 30556
0.490641 38816
0.490644 20680
0.490648 7480
0.490656 54659
0.490659 66921
0.49068 31377
0.490683 58389
0.490683 93247
0.490694 91983
0.490708 34860
0.490712 27258
0.490713 10140
0.490718 46509
0.490724 85600
0.490728 78275
0.49073 31539
0.490735 11085
0.49074 79437
0.490769 45639
0.490774 29461
0.490786 76201
0.490809 37705
0.490817 96654
0.490822 91853
0.490826 37059
0.490827 18871
0.490834 119
0.490836 76820
0.490852 91313
0.490858 91092
0.490867 39313
0.490877 64634
0.490884 9795
0.490887 66584
0.490899 26640
0.490913 61033
0.490935 51218
0.490958 77947
0.490966 10991
0.490972 71200
0.490985 93841
0.490989 2107
0.491005 94941
0.491019 86196
0.491046 14193
0.491049 87222
0.49105 79737
0.491054 35585
0.491065 517
0.491079 63278
0.491115 27039
0.491118 926
0.491137 18751
0.491138 5781
0.491176 33711
0.491186 38742
0.491195 98157
0.491209 10337
0.491215 86095
0.491228 89918
0.491248 45022
0.491258 56423
0.491275 76407
0.491281 10956
0.491292 45854
0.491309 31936
0.49131 4558
0.491323 23663
0.491327 10647
0.491337 75035
0.491343 97527
0.491346 79418
0.491354 37152
0.491356 62057
0.491372 35274
0.491375 42480
0.491394 66366
0.491417 83053
0.49142 57951
0.491428 64586
0.49143 90392
0.491446 90129
0.491475 50459
0.491491 74894
0.491511 11902
0.491521 43391
0.49153 17055
0.491546 7503
0.491549 31743
0.491562 79187
0.491572 45684
0.491572 60497
0.491573 62562
0.49158 67701
0.491582 80432
0.491593 27423
0.491608 87913
0.491624 54859
0.491632 13578
0.491639 51377
0.491648 72766
0.491679 59229
0.491679 69174
0.491702 62152
0.491705 92110
0.491709 57493
0.491719 72091
0.491724 19319
0.491726 100681
0.491726 101681
0.491749 7560
0.491757 17558
0.491769 18619
0.491775 82965
0.491781 18360
0.491784 59225
0.491789 99323
0.491792 59948
0.491795 28866
0.491799 78378
0.491802 52974
0.491808 10665
0.491808 34666
0.491817 52713
0.491849 92955
0.491857 49469
0.491867 79728
0.49189 61128
0.49189 69226
0.491893 75021
0.491895 28289
0.491905 25107
0.491919 37114
0.491933 72008
0.491935 38447
0.49194 7867
168 158