1 2
457
0.17787 54613
0.177872 46098
0.177886 64927
0.177886 87270
0.177911 23680
0.177924 16010
0.177945 50912
0.177958 13783
0.177971 66274
0.177974 63691
0.177986 55931
0.177999 70130
0.178003 60405
0.178023 27181
0.178026 7301
0.178045 88213
0.178056 53655
0.178069 55750
0.178079 14904
0.178105 44355
0.17812 83971
0.178121 13525
0.178123 28714
0.178133 53331
0.178156 42861
0.178164 96845
0.178165 57084
0.178186 25212
0.178191 96752
0.178208 57696
0.178217 69866
0.178242 18394
0.178246 13787
0.178295 9598
0.178297 50331
0.178319 19042
0.178324 43184
0.178334 60060
0.178334 71108
0.178342 46370
0.178348 46679
0.178358 43312
0.17836 14453
0.178365 40034
0.178365 50467
0.178374 72213
0.17838 17951
0.17838 35294
0.178383 46715
0.178397 18980
0.178403 41220
0.178403 77712
0.178433 59739
0.178433 80307
0.178448 96453
0.178459 83950
0.178466 29390
0.17849 77607
0.178501 41091
0.178501 65974
0.17851 50351
0.178515 33930
0.178521 56336
0.178523 69129
0.178523 82934
0.178536 37728
0.178558 21817
0.178589 23153
0.178605 17896
0.178618 39398
0.178622 46415
0.178624 82775
0.178625 14856
0.178626 78190
0.178633 76207
0.178645 50695
0.178649 49051
0.178671 93496
0.178672 91201
0.178683 33781
0.178683 5927
0.178687 43571
0.178702 88845
0.178708 98235
0.178713 99709
0.178716 8780
0.178723 53209
0.178724 88469
0.178727 61576
0.178728 17766
0.178737 91428
0.178747 5956
0.17875 11948
0.178752 23718
0.178774 20938
0.178775 77956
0.178792 44136
0.1788 55584
0.178801 54512
0.178803 46113
0.178805 44392
0.178816 82665
0.178822 1926
0.178822 85690
0.178827 17739
0.178833 16964
0.178835 62047
0.178837 85659
0.178846 97232
0.17885 14242
0.178863 24314
0.178871 12424
0.178926 82857
0.178929 8238
0.178934 54194
0.178935 4908
0.178938 83446
0.178955 36104
0.178958 66123
0.178964 84486
0.178968 32040
0.178969 87956
0.178982 94600
0.178988 91266
0.179019 39685
0.179023 49349
0.179032 51185
0.179047 23641
0.179058 8427
0.17906 39420
0.17908 66780
0.17909 37868
0.179111 29529
0.179118 80688
0.179134 57793
0.179142 85478
0.179162 4284
0.179208 76646
0.179217 11259
0.179224 76660
0.179227 48765
0.179257 82831
0.17926 33496
0.179265 89275
0.179265 92491
0.17927 41754
0.179271 69077
0.179287 82610
0.179302 61475
0.179325 43704
0.179327 87284
0.179328 92897
0.179336 42217
0.179347 21753
0.179377 648
0.179384 74690
0.179391 63202
0.179393 63255
0.179404 86472
0.179405 27030
0.179415 3523
0.179417 2217
0.179429 10555
0.179441 16060
0.179455 31885
0.179467 6842
0.17947 67320
0.179475 84813
0.179478 69680
0.179489 93700
0.179501 37164
0.179518 54025
0.179529 93391
0.179532 16858
0.179536 43831
0.17956 53771
0.179568 16100
0.179568 84708
0.179575 44610
0.179599 66666
0.179607 49813
0.179611 42764
0.179616 51240
0.179634 98391
0.179662 85338
0.179698 37338
0.179699 45163
0.179707 49768
0.179731 63180
0.179739 16473
0.179764 16719
0.179773 97126
0.179778 12619
0.179778 2387
0.179787 13963
0.179789 72843
0.179792 49574
0.179793 95196
0.179797 83526
0.179798 72471
0.179819 56477
0.179821 78112
0.179833 45900
0.179837 6438
0.179844 61382
0.179849 94199
0.179857 392
0.179858 27450
0.179868 36649
0.179888 39309
0.17989 85382
0.179902 48261
0.179906 22305
0.179913 22336
0.179916 89016
0.179918 44630
0.179944 36386
0.179982 96408
0.180018 65619
0.180023 28229
0.180041 17357
0.180057 90218
0.180062 91859
0.180069 79520
0.180076 57765
0.180085 84690
0.180091 48499
0.180125 49545
0.180134 28515
0.180152 2844
0.180152 50017
0.18016 72161
0.180193 4820
0.180207 63775
0.180228 90697
0.180234 20485
0.180238 10044
0.180242 56574
0.180247 15038
0.18026 33294
0.180263 59297
0.18027 41651
0.180286 62714
0.180295 32766
0.180306 26751
0.180354 31363
0.180382 78911
0.180383 31352
0.180427 61152
0.180428 58898
0.180431 60547
0.180454 73380
0.180457 39120
0.180467 71577
0.18047 27906
0.180474 46856
0.180481 32466
0.180481 46423
0.180496 7727
0.180496 81878
0.180498 3047
0.180509 49473
0.18051 39671
0.180532 48208
0.180549 15236
0.18056 74366
0.180561 86601
0.180567 78279
0.180576 81639
0.180592 86327
0.180594 56514
0.180596 15
0.180599 87664
0.180634 77691
0.180641 38284
0.180648 77771
0.18065 54
0.180685 81035
0.180695 64346
0.18072 53902
0.18073 35519
0.180749 5762
0.180755 70600
0.180772 75228
0.180805 7421
0.180806 12045
0.180824 12935
0.180845 83622
0.180855 2300
0.180863 87332
0.180874 39889
0.180876 90586
0.180885 27000
0.180888 65803
0.180892 33130
0.180901 84017
0.180909 85635
0.180941 40637
0.180945 37744
0.180951 67516
0.180952 85727
0.180955 88263
0.180966 46645
0.180979 76897
0.181014 48464
0.181019 95904
0.18102 83908
0.181027 3093
0.181039 28834
0.181042 18967
0.181046 94628
0.181051 71822
0.181055 77481
0.18107 42603
0.181078 95057
0.181089 18448
0.181116 83163
0.181128 41081
0.181128 4850
0.181135 32887
0.181137 54661
0.181141 34712
0.181157 60050
0.181165 55604
0.181172 92924
0.181183 57902
0.181188 89205
0.181204 34773
0.181208 31306
0.181218 33620
0.181248 88146
0.181265 53781
0.181265 92524
0.181282 89298
0.181299 52326
0.181318 60351
0.181319 58568
0.181321 97597
0.181329 57466
0.181332 70073
0.181334 91065
0.181353 11607
0.181357 66077
0.181358 72013
0.18136 43680
0.181365 53820
0.181369 91754
0.181378 37087
0.18139 69022
0.181407 65394
0.181411 20237
0.181433 98613
0.181456 61598
0.181459 82849
0.181471 57216
0.181477 8991
0.18148 71843
0.18151 66538
0.181522 58026
0.181526 88441
0.181529 71112
0.181543 17970
0.181549 33724
0.181555 82434
0.181558 27211
0.181575 24242
0.181608 70803
0.181615 58627
0.181627 34205
0.18163 92196
0.181641 36908
0.181656 25905
0.181664 98162
0.181684 28302
0.181684 43144
0.181688 4928
0.181702 45258
0.181704 68324
0.181708 52847
0.181715 82888
0.181729 38848
0.181732 16317
0.181739 46196
0.181741 55933
0.181757 8577
0.181763 71310
0.181763 82920
0.181769 35568
0.181771 36114
0.181781 42494
0.181804 55129
0.181812 55338
0.181818 32257
0.181821 93254
0.181833 68129
0.181836 70311
0.181845 70367
0.181858 8587
0.181892 55511
0.1819 88279
0.18191 23702
0.181912 10562
0.181927 80770
0.181972 8222
0.181972 87920
0.181979 37773
0.181981 38877
0.182029 39394
0.182036 39566
0.182039 20223
0.182041 4775
0.182047 875
0.182049 54302
0.182085 65989
0.182103 84318
0.182107 73477
0.182126 20805
0.182132 91456
0.182135 64880
0.182142 38034
0.182147 89397
0.182149 66734
0.182157 77185
0.182157 96920
0.182162 21821
0.182177 35850
0.182186 5981
0.182203 68461
0.182206 73784
0.182239 92254
0.182269 29347
0.182274 78363
0.182283 83708
0.182295 53359
0.182296 12012
0.182296 1552
0.182309 53978
0.182314 24838
0.182321 57238
0.182331 156
0.182336 23593
0.182345 32195
0.182362 99449
0.182381 85794
0.182382 68467
0.182387 48935
0.182388 74567
0.182396 12103
0.182406 7783
0.182412 98086
0.182414 6585
0.182417 17470
0.182419 6617
0.18243 88835
0.182442 11699
0.182458 64021
0.182463 99329
149 135