1 2
369
0.940275 34390
0.940276 45029
0.940297 24834
0.940297 71254
0.9403 75203
0.940301 9435
0.940314 88815
0.940337 81457
0.940353 80978
0.940359 45129
0.940391 23892
0.940395 6814
0.940399 33060
0.940412 20394
0.940426 32357
0.940427 7386
0.940431 62552
0.94044 34325
0.940446 55516
0.940459 78064
0.940466 69036
0.940478 72861
0.940479 2473
0.940492 41356
0.940505 26217
0.94054 65103
0.940545 73876
0.94057 87424
0.940574 32800
0.940586 54996
0.940596 6704
0.940599 25802
0.940602 7023
0.940614 33107
0.940659 23756
0.940659 32974
0.940659 84363
0.940665 56736
0.94067 66199
0.940705 90579
0.940708 6322
0.940712 86973
0.940727 100116
0.940727 101116
0.940767 94549
0.94077 76944
0.940775 7238
0.940777 60686
0.940779 79977
0.9408 22306
0.940806 10180
0.94081 47083
0.94083 6540
0.940835 36359
0.940863 58192
0.940872 23555
0.940875 44423
0.940879 32269
0.940881 85124
0.940902 22488
0.940909 40762
0.94091 14166
0.940962 60007
0.940962 65603
0.940966 69996
0.940987 74174
0.940996 25217
0.941002 57706
0.941005 51580
0.94104 7197
0.941049 88057
0.94107 48146
0.941077 16250
0.941083 62515
0.941097 26649
0.9411 46664
0.941104 15811
0.941104 69751
0.94111 88038
0.941117 92784
0.941124 5118
0.941124 5231
0.941129 28104
0.94113 33852
0.941132 8872
0.941137 71716
0.941145 53047
0.941145 89355
0.941149 98664
0.94116 17260
0.941171 16209
0.941172 31291
0.941186 1884
0.941188 4195
0.941249 3297
0.941273 44343
0.941274 95030
0.941284 10779
0.941289 38814
0.941303 14001
0.941304 13528
0.941315 18887
0.941315 30905
0.941327 68425
0.941327 99070
0.941331 38105
0.941331 75134
0.941334 70510
0.941338 4281
0.941343 73157
0.941348 60273
0.941358 59060
0.941378 88938
0.941394 90312
0.941423 9335
0.941425 92677
0.941451 27718
0.941455 38269
0.941461 13169
0.941475 4381
0.941481 61099
0.941491 95026
0.941506 9358
0.941509 61771
0.941512 76399
0.941521 65638
0.941545 85295
0.941553 15144
0.941555 4416
0.941564 16596
0.94157 28468
0.94157 45337
0.94158 19941
0.941585 17015
0.941592 45946
0.941595 84808
0.9416 37034
0.941641 49481
0.941641 71019
0.941657 95663
0.941664 34662
0.941665 20915
0.941665 34265
0.941681 44376
0.941681 59885
0.941688 34627
0.941692 39273
0.941694 45190
0.941701 54517
0.941708 48967
0.941709 24629
0.941709 49849
0.941723 47241
0.941731 64088
0.941742 88362
0.941744 85558
0.941746 56302
0.941748 50643
0.941773 76152
0.941781 62368
0.941783 41100
0.941789 62399
0.941826 46938
0.941829 10576
0.941848 37219
0.94185 60326
0.941894 64887
0.941902 88068
0.941918 17555
0.941934 19712
0.941937 62198
0.941943 59903
0.941968 41845
0.941974 93190
0.941987 29591
0.941996 27813
0.941997 97447
0.942003 79461
0.942021 56565
0.942024 20149
0.942025 85924
0.942031 45260
0.942032 67597
0.942056 7522
0.942063 9963
0.942065 100333
0.942065 101333
0.942066 36490
0.942072 65269
0.942088 99429
0.942108 40433
0.942116 23895
0.942117 55527
0.94212 51113
0.942133 23472
0.94215 16431
0.942156 47864
0.94216 40244
0.942162 39725
0.942162 88578
0.942172 34451
0.942175 17385
0.942199 15997
0.9422 14533
0.942219 17306
0.942219 52163
0.942225 97727
0.942238 21984
0.942242 80763
0.942249 37490
0.942251 74369
0.942268 42785
0.942273 74316
0.942289 39103
0.942303 79415
0.94231 58966
0.942314 9209
0.942339 37631
0.94234 17958
0.942342 52832
0.94236 27412
0.942364 52170
0.942402 82745
0.942404 1691
0.942408 14786
0.942433 29404
0.942468 1680
0.942482 47695
0.942484 41037
0.942487 19849
0.9425 75821
0.942523 47097
0.942544 88244
0.942546 12952
0.942552 100709
0.942552 101709
0.942553 87456
0.94256 10734
0.94258 4378
0.942585 40826
0.942588 84238
0.942589 58721
0.942607 29649
0.942623 71022
0.942624 97881
0.942625 32001
0.942641 40012
0.942646 23292
0.942658 35044
0.942675 37488
0.942683 64920
0.942685 20886
0.942689 2751
0.942691 26999
0.942692 29864
0.942701 77781
0.942702 51476
0.942706 64075
0.942723 70075
0.942724 46416
0.942751 37487
0.942772 84089
0.942773 73321
0.942774 44101
0.942799 6469
0.9428 21299
0.942814 33770
0.942814 97558
0.942815 9496
0.942866 58514
0.942879 53472
0.94288 60661
0.942894 94827
0.942904 24413
0.942908 8682
0.942912 27219
0.942917 68922
0.94292 20024
0.94292 45044
0.94292 78027
0.94292 99475
0.942926 60495
0.942963 29975
0.942964 49570
0.942966 88911
0.942966 93888
0.942991 18919
0.942995 58088
0.942996 82461
0.942998 36327
0.943008 10966
0.943027 15412
0.943035 92481
0.943054 92667
0.943074 47158
0.943088 52457
0.943093 80898
0.943099 57550
0.9431 41192
0.943111 44921
0.943132 71116
0.943148 87571
0.943149 34048
0.943157 21632
0.943159 35734
0.943177 79261
0.943188 38104
0.943199 23306
0.943203 5474
0.943203 58220
0.943214 58822
0.943227 25325
0.94323 95889
0.943249 10706
0.943268 17616
0.943272 2454
0.943279 46948
0.94328 17506
0.943285 90813
0.943289 42410
0.943296 46478
0.943299 3391
0.943315 22741
0.943333 13562
0.94336 21232
0.943366 27593
0.943399 20774
0.943403 98133
0.943414 70644
0.943421 73669
0.943436 82842
0.943441 55067
0.943442 56759
0.943449 68817
0.943464 1852
0.943465 1104
0.943492 77228
0.943496 52287
0.943496 62732
0.943501 26413
0.943503 23515
0.943509 83936
0.943515 81082
0.943539 91336
0.94355 37561
0.943555 14071
0.943565 44362
0.943567 15685
0.94358 71034
0.943584 4324
0.943588 23073
0.94359 49384
0.943596 31441
0.943596 38652
0.943601 18267
0.943606 74791
0.943606 83126
0.943611 19161
0.943617 10525
0.943622 85504
0.943633 79907
0.943634 3114
0.943648 58531
0.943649 18036
0.943665 7462
0.943667 38639
0.943671 21935
0.943673 35756
0.943687 51782
164 165