1 2
404
0.145413 24296
0.145417 26528
0.145421 4220
0.145423 13170
0.145425 97145
0.145426 19580
0.145437 81493
0.145457 38911
0.145468 98519
0.145474 30960
0.145481 76853
0.145486 41461
0.145499 15678
0.145529 25393
0.14553 76264
0.145549 13811
0.145554 81860
0.145569 15509
0.14557 48483
0.145588 87831
0.145597 51957
0.145608 5201
0.145631 95759
0.145651 33489
0.145651 56160
0.145662 75585
0.145671 94053
0.145672 26714
0.145675 42295
0.145697 65543
0.145709 75010
0.145716 43231
0.145741 24951
0.145764 29223
0.145776 88187
0.145785 30807
0.145785 63519
0.145801 20705
0.145806 25937
0.145812 51697
0.145812 56306
0.145826 89905
0.145842 29452
0.145854 21181
0.145887 44793
0.145891 2343
0.145893 59311
0.145897 69664
0.145911 76858
0.145921 75626
0.145925 52822
0.145938 86105
0.145944 80776
0.14595 62664
0.145952 99356
0.14596 25618
0.145971 26059
0.145972 94978
0.145983 97622
0.145999 84200
0.146015 1367
0.14602 73841
0.146035 32693
0.146039 60295
0.146042 11565
0.146061 88696
0.146072 71605
0.146081 30632
0.146099 21724
0.146101 67924
0.146106 11057
0.146113 19337
0.146168 75913
0.146179 85886
0.146195 18422
0.146208 1935
0.146216 48520
0.146229 89689
0.146246 17083
0.14625 63607
0.146265 100613
0.14627 53382
0.146276 8931
0.146279 22541
0.14628 86805
0.146298 82116
0.146306 59109
0.146307 70890
0.146316 56006
0.146321 38382
0.146321 5039
0.146334 19222
0.146334 88740
0.146336 22295
0.146409 17089
0.14643 51771
0.146451 18303
0.146453 41016
0.146502 38061
0.146502 55849
0.146503 700
0.146517 5722
0.146521 30622
0.146557 93994
0.146583 93875
0.146605 68354
0.146613 76111
0.146619 10484
0.146621 8768
0.146634 24058
0.146643 30929
0.146656 54833
0.146672 99082
0.146673 73601
0.146687 65893
0.146697 49208
0.146706 68067
0.146713 31382
0.146714 84884
0.146721 99564
0.146724 19991
0.146724 40866
0.146727 63712
0.146729 50102
0.146742 76692
0.146748 72796
0.146766 46165
0.146784 14307
0.14682 29285
0.14682 8320
0.14683 89011
0.14685 38531
0.146857 10843
0.146865 79155
0.146876 4768
0.146883 28375
0.146884 36558
0.146887 67120
0.146907 84677
0.146932 18973
0.146933 54436
0.14695 41813
0.146966 35310
0.146966 95391
0.146978 87568
0.146979 44225
0.146985 8099
0.146992 81697
0.147007 72705
0.147018 24872
0.147047 29680
0.147056 47180
0.147062 46038
0.147078 18894
0.147078 32984
0.147085 28773
0.147115 74946
0.147124 18874
0.147132 2221
0.147132 65595
0.147135 21933
0.147136 17841
0.147143 72310
0.147163 43606
0.147188 73759
0.147199 29302
0.147219 27502
0.147223 32074
0.147235 100401
0.147273 13342
0.14728 76128
0.14728 95837
0.147281 3697
0.147282 80726
0.147289 7791
0.147292 97028
0.147303 83076
0.147305 77924
0.147307 17860
0.14732 98287
0.147321 55302
0.147321 64194
0.147333 93274
0.147348 18572
0.147366 27948
0.147377 39472
0.147378 91488
0.147386 40642
0.147388 7640
0.147389 77273
0.147399 17134
0.1474 90660
0.147401 52227
0.147408 42903
0.147409 14195
0.147416 67947
0.147434 26340
0.147441 33675
0.147441 92307
0.147477 31514
0.147482 42625
0.147489 45527
0.147493 84600
0.147498 86322
0.147501 36728
0.147535 69023
0.147545 65875
0.147575 84680
0.14759 339
0.14759 97385
0.147593 81029
0.147596 77789
0.147603 59367
0.147611 74364
0.147628 77058
0.147633 96274
0.147646 60324
0.147647 47560
0.147649 85797
0.147671 85226
0.14768 32827
0.14768 91599
0.147687 76727
0.147696 7052
0.147709 25861
0.147732 24434
0.14775 42097
0.147769 81775
0.147776 9506
0.147784 83328
0.147798 91072
0.147804 23683
0.147811 18216
0.147818 94182
0.147823 88289
0.147825 82785
0.147829 59402
0.147843 17370
0.147852 86561
0.147859 76682
0.147861 54375
0.147867 82892
0.147871 52391
0.147913 79925
0.147927 80467
0.147935 58843
0.147936 18803
0.147958 72211
0.147972 53135
0.14798 69029
0.147999 27786
0.148009 63420
0.148023 54464
0.148033 96059
0.148052 57180
0.148071 26788
0.148075 35592
0.148103 11744
0.148117 16763
0.148122 37679
0.148131 84061
0.148136 15971
0.148154 94877
0.148159 64280
0.14818 75361
0.148199 2657
0.148203 98096
0.148223 26349
0.148242 72963
0.148271 99805
0.148296 53486
0.148298 84971
0.148307 93197
0.148315 98615
0.14832 64370
0.14833 38535
0.14836 11408
0.148374 31067
0.148375 78406
0.148376 30466
0.148399 90282
0.148406 2668
0.148407 48160
0.148409 50075
0.148411 3932
0.148435 61836
0.14845 26732
0.148472 12756
0.148476 37858
0.148483 46066
0.148486 42660
0.148502 26654
0.148502 60483
0.148516 94758
0.148518 100558
0.14852 43938
0.148521 97203
0.148533 40158
0.148537 46897
0.148537 82986
0.148539 42029
0.148541 90266
0.148565 17857
0.148575 19438
0.14859 71784
0.148603 33439
0.148625 53460
0.148656 35992
0.148676 77673
0.148682 98476
0.148684 39372
0.148725 22740
0.148745 54084
0.148755 65709
0.148776 79388
0.148788 17731
0.148792 1276
0.148801 10313
0.148824 99024
0.148837 27573
0.148839 90914
0.148842 27596
0.148867 40534
0.148872 74868
0.148891 75116
0.148898 55958
0.148903 56381
0.14893 100487
0.148936 96110
0.14894 74880
0.148943 90977
0.14895 74405
0.148964 97179
0.148966 50544
0.148966 70232
0.148973 28966
0.148976 2897
0.148978 47564
0.14898 23122
0.148982 55364
0.148985 1382
0.148988 45570
0.148993 10879
0.148994 36118
0.148994 8645
0.148997 48734
0.149014 95617
0.14902 34060
0.149025 66400
0.149051 79618
0.149079 11413
0.149088 90509
0.149089 26628
0.149096 84883
0.149103 44286
0.149117 15403
0.149122 22204
0.149127 97605
0.149132 26779
0.149138 11122
0.149142 73731
0.149157 92666
0.149159 18134
0.149161 24366
0.149162 99295
0.149171 2068
0.149173 6841
0.149188 23051
0.1492 76686
0.149204 51013
0.149223 98047
0.149226 61942
0.149244 37058
0.14926 98068
0.149274 79528
0.149285 89960
0.149287 20058
0.149306 12168
0.149308 60434
0.149308 93012
0.149311 78607
0.149342 69591
0.149358 34923
0.14936 526
0.149366 23382
0.149371 36563
0.149376 14378
0.149395 35084
0.149438 41960
0.149456 173
0.149469 3640
0.149486 74345
0.149508 68329
0.149519 33692
0.149521 61466
0.149528 38964
0.149533 26295
0.149533 47576
0.14954 97127
0.149553 41420
0.149571 8048
0.149587 34160
0.149588 56993
0.149609 28833
180 204