1 2
256
0 0.442756
0.014253 1784
0.017043 1830
0.018577 1725
0.029233 1750
0.029478 1716
0.031997 1692
0.033786 1679
0.037734 1903
0.03995 1887
0.040745 1720
0.048659 1712
0.04929 1811
0.05174 1805
0.054271 1872
0.056225 1894
0.06487 1810
0.072913 1735
0.074324 1686
0.074365 1737
0.075366 1764
0.079704 1718
0.087965 1703
0.089582 1697
0.090756 1702
0.095079 1914
0.100977 1819
0.107706 1771
0.1122 1766
0.112212 1678
0.112801 1886
0.121407 1746
0.121526 1882
0.122102 1860
0.128086 1782
0.1346 1865
0.137123 1671
0.141005 1917
0.151431 1779
0.152173 1695
0.153309 1794
0.154557 1808
0.157629 1905
0.16769 1724
0.170506 1684
0.190259 1756
0.190281 1824
0.195598 1867
0.208899 1836
0.210924 1715
0.211422 1813
0.21288 1798
0.222652 1888
0.227398 1728
0.228754 1765
0.233712 1880
0.237727 1793
0.252044 1762
0.252926 1736
0.255069 1885
0.25641 1783
0.261627 1821
0.275808 1915
0.276611 1708
0.277203 1733
0.278657 1909
0.281034 1814
0.285051 1799
0.286679 1815
0.29081 1828
0.292344 1682
0.294127 1739
0.298717 1850
0.304629 1780
0.316999 1913
0.323023 1911
0.324054 1781
0.324063 1889
0.331234 1748
0.335015 1767
0.338617 1753
0.345911 1896
0.350356 1705
0.352507 1835
0.361268 1709
0.370625 1741
0.379805 1701
0.399958 1853
0.400787 1854
0.404575 1760
0.406936 1866
0.410353 1698
0.42727 1710
0.43066 1841
0.434022 1670
0.436544 1838
0.437232 1910
0.442522 1857
0.443429 1796
0.443555 1751
0.444984 1849
0.447427 1749
0.449554 1723
0.450629 1847
0.451537 1906
0.452286 1696
0.457367 1758
0.458131 1727
0.461478 1846
0.465489 1743
0.468093 1875
0.468665 1689
0.468942 1789
0.473952 1827
0.480774 1666
0.48352 1722
0.492906 1669
0.493138 1675
0.494186 1668
0.494652 1713
0.499865 1912
0.50764 1851
0.50876 1791
0.510249 1901
0.510787 1802
0.515028 1738
0.517724 1861
0.518034 1747
0.519345 1677
0.527803 1667
0.531751 1763
0.53377 1820
0.538765 1916
0.545732 1732
0.546339 1902
0.546889 1694
0.555258 1673
0.557847 1837
0.560174 1812
0.565881 1742
0.574477 1826
0.58219 1883
0.58384 1862
0.598011 1785
0.60199 1745
0.604511 1731
0.605148 1752
0.613919 1683
0.615622 1873
0.615838 1840
0.620851 1876
0.627156 1800
0.630629 1895
0.638044 1801
0.639009 1685
0.640371 1898
0.640953 1755
0.648494 1693
0.65074 1719
0.659712 1899
0.662069 1721
0.663664 1804
0.667364 1674
0.667419 1730
0.668897 1707
0.671311 1890
0.673045 1809
0.681614 1839
0.686989 1672
0.68772 1891
0.691027 1833
0.697548 1904
0.698048 1829
0.700079 1768
0.70575 1878
0.714606 1788
0.715463 1869
0.715726 1688
0.716943 1874
0.736845 1690
0.737956 1844
0.739741 1776
0.748817 1897
0.749844 1823
0.750288 1792
0.751235 1868
0.75157 1769
0.752853 1845
0.75332 1676
0.758448 1772
0.759841 1863
0.763332 1740
0.764296 1665
0.765819 1759
0.765921 1726
0.778242 1681
0.787234 1900
0.789166 1704
0.789485 1871
0.804313 1842
0.806282 1774
0.813469 1757
0.82165 1699
0.823159 1881
0.828084 1848
0.836648 1773
0.838349 1908
0.839289 2582
0.839289 638
0.839356 140
0.839721 1055
0.840399 1580
0.840811 1659
0.841193 783
0.841396 305
0.841725 1369
0.843073 1481
0.843541 1121
0.844251 1662
0.844391 655
0.844892 288
0.845112 1775
0.845802 531
0.846538 1381
0.846547 1744
0.847053 955
0.847491 1231
0.847834 787
0.847856 206
0.848053 1198
0.849249 1571
0.849889 216
0.850146 508
0.850631 1553
0.851202 326
0.852108 889
0.852791 1187
0.852864 310
0.853526 1025
0.853856 1515
0.854686 1843
0.854809 886
0.854925 389
0.856367 1616
0.856467 460
0.856924 1806
0.856962 1859
0.857262 1864
0.857552 1490
0.85799 354
0.858285 147
0.860404 546
0.860723 1058
0.86079 1007
0.861539 1795
0.861595 1870
2