1 2
407
0.470864 31347
0.470877 36071
0.470882 90013
0.470889 65768
0.470897 79829
0.470902 18823
0.470902 62078
0.470905 44733
0.470925 25612
0.470933 32508
0.470935 13667
0.470939 91994
0.470952 64292
0.470965 17325
0.470971 91596
0.470978 92005
0.470991 100005
0.470992 13113
0.470993 49934
0.471007 89521
0.471022 24570
0.471062 54409
0.471066 73735
0.471068 26548
0.471068 9076
0.471089 75327
0.471097 7377
0.471114 90729
0.471122 7354
0.471136 78872
0.471151 67191
0.471173 88046
0.471178 100707
0.471187 19953
0.471189 11495
0.471194 25526
0.471203 23828
0.471208 93805
0.47122 100448
0.471227 18589
0.471275 24467
0.471284 36438
0.471297 19679
0.471297 77834
0.471298 53615
0.471301 76579
0.471313 64
0.471318 48637
0.47132 98847
0.471336 71392
0.471339 78601
0.471348 22610
0.471364 94109
0.471367 40148
0.471373 77308
0.471387 50940
0.471388 11794
0.471391 92428
0.4714 96837
0.471408 34005
0.471408 81090
0.471428 26156
0.471438 87815
0.471446 69843
0.471454 98343
0.471466 15991
0.471467 85285
0.471473 34968
0.471474 87715
0.471482 25121
0.471484 95874
0.471487 805
0.471524 58701
0.471532 14097
0.471543 66876
0.471546 37582
0.47155 27785
0.471555 82431
0.471571 100337
0.471583 25413
0.471597 62477
0.471599 19483
0.471614 24067
0.471619 98091
0.47163 65192
0.47164 76254
0.47164 904
0.471645 80282
0.471656 86316
0.471657 73323
0.47166 85080
0.471665 74116
0.471667 90111
0.471669 27954
0.471671 32785
0.471677 29118
0.471692 76082
0.4717 82225
0.471702 50698
0.471712 733
0.471714 77513
0.47172 37218
0.471725 84576
0.471731 99733
0.471742 23792
0.471772 15062
0.471772 84028
0.471773 29028
0.471775 46082
0.471817 54170
0.471821 52105
0.471822 7114
0.471829 54019
0.471841 99646
0.471849 44151
0.471856 74870
0.471856 85959
0.471856 88766
0.47186 91612
0.471861 15616
0.471865 77442
0.471869 59998
0.471887 13543
0.471896 88162
0.47191 55824
0.471931 77647
0.471932 9867
0.471933 99380
0.471972 50144
0.471975 72976
0.471982 85760
0.471985 16879
0.471986 8067
0.471986 89656
0.471993 29494
0.471996 69674
0.472003 50368
0.472034 29518
0.472059 50792
0.472073 30205
0.472085 63901
0.472114 95727
0.472158 52280
0.47222 13114
0.472227 32212
0.47225 18808
0.472251 78465
0.472255 55281
0.47229 43164
0.472304 63699
0.472308 26231
0.472308 29727
0.472308 91375
0.472309 99727
0.472313 26671
0.472313 29912
0.472317 20511
0.472318 24018
0.472329 27853
0.47234 22130
0.472363 18525
0.472374 60469
0.472376 82065
0.472387 24037
0.4724 65919
0.472402 27249
0.472404 38500
0.472414 21452
0.472422 42596
0.472435 68259
0.472437 9347
0.472444 54577
0.47246 98962
0.47247 4766
0.472475 21442
0.472478 39152
0.472481 79119
0.472486 4892
0.472496 25198
0.472525 70124
0.47256 30676
0.472572 57076
0.472577 45093
0.472586 10643
0.472598 22321
0.472598 64420
0.472602 986
0.472608 45007
0.472609 32838
0.47261 69426
0.472638 9260
0.472641 97844
0.472651 33645
0.472651 80882
0.472661 94516
0.472674 88839
0.472698 30035
0.4727 52992
0.472706 97662
0.472715 19653
0.472716 70342
0.472718 28696
0.472732 32478
0.472742 78604
0.472776 83015
0.472789 74924
0.472812 42111
0.472813 32156
0.472823 4562
0.47283 41652
0.472853 45923
0.472903 32092
0.472926 84873
0.47294 97859
0.472943 8695
0.472956 72891
0.472974 69509
0.472975 21195
0.472995 49495
0.472999 57060
0.473009 92025
0.473016 26675
0.473028 94391
0.473031 95621
0.473032 12569
0.473044 81421
0.473052 12929
0.473054 72682
0.47307 77010
0.473096 4186
0.473111 89479
0.473117 87942
0.473145 36660
0.473163 5626
0.473172 61338
0.473177 24377
0.473185 12183
0.473194 42208
0.473225 29152
0.473234 91110
0.473235 45230
0.473245 90749
0.473265 25512
0.473271 100341
0.473272 76642
0.473284 83285
0.473299 3308
0.473302 15252
0.47332 2098
0.473335 95583
0.473341 50165
0.473373 43925
0.473375 31526
0.47338 25943
0.473388 39628
0.473394 78930
0.473395 28790
0.473414 3228
0.47342 54053
0.473449 54962
0.47345 69633
0.473455 26950
0.473456 50563
0.473458 67293
0.473462 60611
0.473476 30898
0.473486 97281
0.47349 97453
0.473501 42378
0.473509 55179
0.473511 91639
0.473512 7786
0.47352 74983
0.473534 27001
0.473536 78183
0.473539 86123
0.473548 38393
0.473561 1039
0.473579 74190
0.473581 45478
0.473597 19326
0.473597 1943
0.473598 39764
0.4736 37029
0.473613 90779
0.473621 54455
0.473622 30423
0.473626 76731
0.473628 50384
0.473633 76581
0.473635 64376
0.473636 70825
0.473637 16033
0.47365 9173
0.473664 33359
0.473668 56493
0.47367 78590
0.473673 83174
0.47369 85531
0.473704 55974
0.473772 20432
0.473785 60946
0.473793 47057
0.473823 19329
0.473828 68769
0.473835 92902
0.473836 97010
0.473841 86759
0.473848 36219
0.473855 85736
0.473879 25103
0.473884 11476
0.473921 79070
0.473922 41606
0.473935 33511
0.473938 1929
0.473947 36816
0.47395 65237
0.473952 1827
0.473971 68972
0.473984 168
0.473996 82175
0.474003 8744
0.474006 89676
0.474007 82728
0.474016 56502
0.474018 25491
0.474033 24181
0.474035 46703
0.474057 88024
0.474074 11105
0.474076 52353
0.474076 83829
0.474092 2673
0.474122 83535
0.47413 94855
0.474145 50220
0.474159 92148
0.474171 40013
0.474172 21453
0.474174 98975
0.474195 11913
0.474215 98872
0.474218 18739
0.47422 25565
0.474238 449
0.474241 73170
0.474244 67219
0.474257 42754
0.474262 2503
0.474263 55078
0.474274 19297
0.4743 95704
0.474301 74891
0.474304 55354
0.474306 24180
0.474323 56576
0.474325 11104
0.47433 79409
0.474332 69639
0.474342 61385
0.474344 60537
0.474351 86892
0.474368 72016
0.47437 73272
0.474375 78893
0.474385 84343
0.474385 89391
0.474387 10389
0.474387 29143
0.474387 37252
0.474399 14596
0.474399 34440
0.474402 13871
0.474406 97981
0.474408 78281
0.474417 14414
0.474422 3072
0.474424 57330
0.474438 74626
0.474452 87086
0.474455 10711
0.474465 78015
0.474471 65360
0.474473 47054
0.474473 9234
0.474478 42908
0.474478 54770
0.474494 28947
0.474507 47701
0.47452 70631
0.474521 11994
0.474521 98855
0.474526 79124
0.47453 40039
0.47454 25229
0.47456 25484
0.474574 97410
0.474586 73019
0.474591 20499
0.474591 61662
0.474593 75719
0.474599 31423
0.474612 16697
0.474646 14137
0.474649 33309
0.474652 35687
171 218