1 2
400
0.345476 45645
0.345482 63214
0.345487 64953
0.345503 14609
0.345506 72650
0.345514 92169
0.345529 8203
0.345539 16600
0.345545 70350
0.345556 39871
0.345556 60757
0.345585 52989
0.345585 70467
0.345592 5999
0.345602 53075
0.345609 27200
0.34562 70027
0.345622 84853
0.345633 28795
0.345639 50335
0.345644 67758
0.345672 14472
0.345682 78826
0.345687 40596
0.345701 41518
0.345715 43552
0.34572 67567
0.345723 20435
0.345736 230
0.345752 69085
0.345752 73992
0.345768 29519
0.345778 30038
0.345778 42056
0.345811 68857
0.345813 36938
0.345821 20616
0.345833 38230
0.345834 78030
0.345835 84923
0.345842 62094
0.345857 41522
0.345863 35096
0.345865 9053
0.345891 28446
0.345897 32
0.345911 1896
0.345916 11643
0.345929 67356
0.345945 94689
0.345946 23796
0.345955 31490
0.345955 71685
0.345958 87546
0.345964 24614
0.345996 100900
0.345996 101900
0.345999 46143
0.346007 94938
0.346016 15755
0.346077 56518
0.346084 22453
0.346095 87650
0.346114 23232
0.346125 49356
0.346127 50306
0.346135 95410
0.346136 40953
0.346148 62010
0.346163 32870
0.346183 67489
0.34619 59088
0.346202 25783
0.346202 33421
0.346202 52041
0.34623 3494
0.346232 17730
0.346238 88714
0.346241 57139
0.346242 49043
0.346251 100608
0.346251 101608
0.346255 11823
0.346274 75889
0.346276 99012
0.34628 87276
0.346283 89939
0.34629 93109
0.346297 51551
0.346313 42257
0.34633 87398
0.346335 100203
0.346335 101203
0.346337 55312
0.34635 49317
0.34636 7014
0.346364 23053
0.346372 85890
0.346376 67425
0.346381 45154
0.346408 9096
0.346417 55585
0.346421 84764
0.346423 99362
0.346425 15096
0.34643 39170
0.346432 71726
0.346435 41808
0.346439 4450
0.346469 82626
0.346473 701
0.346475 390
0.346484 56459
0.3465 70670
0.346511 39296
0.346523 94399
0.346535 78071
0.346547 58976
0.346564 47522
0.346572 54757
0.346572 83153
0.346581 2127
0.346582 32167
0.346602 38286
0.346621 95111
0.346623 1166
0.346629 75241
0.346637 3152
0.34665 4952
0.34668 60792
0.346693 54434
0.346703 25757
0.346703 97036
0.34671 47947
0.346712 98448
0.346738 37513
0.346749 24927
0.346752 50838
0.346757 6668
0.346759 12886
0.346773 73088
0.34679 28732
0.346794 63217
0.34683 55126
0.346851 30635
0.346857 77399
0.346857 88143
0.346858 5797
0.346865 47949
0.346869 53637
0.346879 42771
0.34688 64970
0.346888 47659
0.346954 14932
0.346962 7870
0.346966 98226
0.346967 80051
0.34697 24634
0.346973 35496
0.346975 75390
0.346975 97208
0.346983 61568
0.346984 58188
0.346986 71349
0.346993 39780
0.346996 21881
0.347007 32875
0.347017 16203
0.347023 86387
0.347025 49689
0.347043 86935
0.347065 12902
0.347067 19245
0.347077 8296
0.347081 2175
0.347084 40055
0.347092 71896
0.347097 5645
0.347117 48573
0.347139 36639
0.347145 7516
0.347149 80678
0.347152 44095
0.347155 40274
0.347155 51550
0.347171 60120
0.347178 4163
0.347183 60089
0.347186 26493
0.347188 978
0.347193 21665
0.347197 99763
0.347207 313
0.347212 16406
0.347219 17866
0.347223 90020
0.347232 16825
0.347232 67011
0.347253 42238
0.347258 15730
0.347268 64727
0.34729 76886
0.347329 85991
0.34734 42060
0.347347 16648
0.347359 94910
0.347368 75009
0.347373 75204
0.347391 41092
0.3474 99275
0.347401 80285
0.347416 1375
0.34742 52209
0.347422 11270
0.34744 75609
0.347448 86362
0.34745 34839
0.347451 37870
0.347452 75494
0.347502 76192
0.34751 45689
0.347516 63205
0.347518 28148
0.34752 95653
0.347531 63141
0.347539 34032
0.347544 49613
0.347546 87163
0.347557 86675
0.347575 15818
0.3476 66532
0.347611 82390
0.347634 95851
0.347639 25763
0.347662 100491
0.347662 101491
0.347674 62574
0.347675 73163
0.347682 77052
0.347701 4344
0.34774 65414
0.347749 10995
0.347768 2947
0.34778 15395
0.347832 29499
0.34787 93628
0.347883 92711
0.347898 91895
0.347899 26994
0.347927 63157
0.347934 39474
0.347937 9407
0.347938 87494
0.347939 53706
0.347949 38201
0.347974 75007
0.347987 35176
0.347991 50114
0.348005 49498
0.34801 27671
0.348012 70438
0.348014 58597
0.348016 77583
0.348021 41571
0.348023 64809
0.34805 88776
0.348052 25182
0.348062 58222
0.348073 8044
0.348079 40980
0.348081 54947
0.348083 12200
0.348087 62342
0.348117 66603
0.34812 10697
0.348133 15363
0.34814 52725
0.348152 69061
0.348214 69128
0.348221 8493
0.348224 1213
0.348228 65597
0.34823 33427
0.348238 87014
0.348239 50399
0.34824 46855
0.348255 32472
0.348262 27804
0.348284 53057
0.348321 32361
0.348321 97426
0.348338 45966
0.348338 65891
0.348348 18820
0.348352 34990
0.348352 6542
0.348362 153
0.348362 37251
0.348368 40813
0.348372 51287
0.348375 12557
0.348392 89807
0.348397 37733
0.348407 10021
0.348424 30487
0.348427 13381
0.348432 99284
0.348436 22157
0.348458 32730
0.348465 22773
0.348478 6768
0.348488 11618
0.348491 44219
0.348492 18309
0.348496 58008
0.348507 88537
0.348513 22835
0.348515 55561
0.348524 69021
0.348531 39827
0.348533 41978
0.348538 41996
0.34854 89911
0.348546 55245
0.348556 32951
0.34857 8729
0.348573 41193
0.348589 53887
0.348625 88873
0.348671 62050
0.348674 86672
0.348679 16984
0.348688 32326
0.348701 99858
0.348702 79808
0.348707 29333
0.348708 9465
0.348712 2357
0.348714 61492
0.348716 61885
0.348724 74012
0.348725 99897
0.348738 20512
0.348757 37738
0.34876 34413
0.34878 65516
0.348786 93596
0.348799 87496
0.3488 54031
0.348804 29495
0.348805 27283
0.34881 17901
0.348813 86372
0.348818 81985
0.348822 17677
0.348827 82791
0.348837 50131
0.348839 68285
0.34885 57970
0.348862 7053
0.34888 41343
0.348892 17861
0.348912 61298
0.348952 5629
0.348955 63932
0.348973 7100
0.34898 2941
0.34898 59964
0.348983 95655
0.349017 24839
0.349022 87239
0.349079 88779
0.34908 43284
0.349081 65865
0.349084 30950
0.349121 6764
0.349127 91472
0.349129 55135
0.349136 95496
0.349163 29536
0.34917 73409
0.349171 32878
0.349172 27640
0.349175 75214
0.349188 91079
0.349189 74981
0.349196 25109
0.349201 59524
0.349208 43071
0.349211 81803
0.349213 31428
0.349215 35439
0.34922 85229
0.349222 34947
0.349224 63147
0.349225 89071
0.349234 21240
0.349239 93687
0.349245 34958
0.349262 99343
183 166