1 2
426
0.878952 33920
0.878969 83505
0.878976 45182
0.878991 49239
0.879005 32505
0.879011 37486
0.879013 77147
0.879013 84495
0.879025 53555
0.879028 2534
0.879034 72415
0.879064 11068
0.87909 84959
0.87911 7453
0.879113 26135
0.879116 83424
0.879121 29252
0.879126 2833
0.879132 95133
0.879156 18596
0.879183 28483
0.879188 34422
0.879195 35432
0.879253 16730
0.879266 98468
0.879283 42977
0.879283 90393
0.879296 78009
0.879306 41590
0.879321 22338
0.879327 79469
0.87933 11704
0.879338 77943
0.879345 50967
0.879368 15257
0.879384 36873
0.879396 47334
0.879408 27755
0.87941 69752
0.879419 30766
0.879428 56602
0.879437 20941
0.879437 87626
0.879441 2290
0.879451 52936
0.879456 28113
0.879458 57483
0.879461 72993
0.879464 32117
0.879479 43183
0.879482 69303
0.879487 74229
0.87949 73571
0.879507 9733
0.879509 5714
0.879517 15963
0.879519 21902
0.87953 41247
0.879537 67644
0.879537 67733
0.879551 42204
0.879559 32685
0.879562 25127
0.879564 49946
0.879574 58138
0.879586 17402
0.879596 30152
0.879598 43203
0.879601 64244
0.879612 31132
0.879614 14268
0.879617 61147
0.879637 40978
0.879639 46407
0.879649 88645
0.87965 16681
0.879657 78417
0.87966 79920
0.879683 43970
0.879698 82046
0.879705 29588
0.879736 34994
0.879736 43318
0.879742 45618
0.879749 14030
0.879752 99974
0.879754 56505
0.879762 71563
0.879765 45659
0.879765 94410
0.879774 16944
0.879782 76237
0.879783 75067
0.879786 84774
0.879792 88894
0.879801 85968
0.879804 60879
0.879816 97066
0.879819 85345
0.879828 32228
0.87985 83227
0.879855 34186
0.879872 97011
0.879881 91783
0.879886 30503
0.879911 90750
0.879913 93647
0.879939 85267
0.879952 47878
0.87996 73179
0.879967 18884
0.879968 12413
0.879972 12083
0.879994 52191
0.879998 56544
0.879999 11128
0.880025 29129
0.880036 89280
0.88006 40316
0.880061 10077
0.880063 11183
0.880064 75464
0.880078 3073
0.880085 6148
0.880087 13503
0.880087 55308
0.880104 67108
0.880112 29633
0.880122 83093
0.880123 41993
0.880131 75491
0.880151 100192
0.880173 16660
0.880189 94646
0.880194 21168
0.880201 61260
0.880205 77988
0.880207 53487
0.880217 83457
0.880223 100893
0.880241 74694
0.880248 38787
0.880249 94309
0.880251 98366
0.880256 85982
0.880267 70959
0.880291 20959
0.880293 26934
0.88036 33010
0.88036 50359
0.880374 42050
0.880377 60854
0.880393 52887
0.880402 50156
0.880425 35978
0.880442 35397
0.880457 4915
0.880479 69081
0.88051 226
0.880514 93456
0.880531 4437
0.880537 75440
0.88055 53788
0.880565 37577
0.880577 57310
0.880585 7406
0.880592 88430
0.880603 66756
0.880606 92471
0.880625 61861
0.88064 63707
0.880642 15368
0.880643 24453
0.88065 76300
0.880677 51956
0.880705 3440
0.880709 42234
0.880733 20454
0.88074 63201
0.880746 62056
0.880748 43556
0.880767 58110
0.880772 94564
0.880775 27058
0.880775 76633
0.880786 835
0.880799 1457
0.880829 8116
0.880832 75673
0.880861 12108
0.880866 35384
0.880867 47243
0.88087 57736
0.880872 99669
0.88088 9342
0.88089 90008
0.880901 99583
0.880903 37072
0.880908 4837
0.88091 57855
0.88092 68202
0.880928 24031
0.880931 93436
0.880941 19810
0.880959 70630
0.88096 84193
0.880974 3953
0.880985 32301
0.881001 21987
0.88103 16555
0.881033 28698
0.88105 2100
0.88105 35547
0.881076 20594
0.88109 93969
0.881092 54713
0.881102 26756
0.881115 8796
0.881126 36553
0.881138 39281
0.881154 4882
0.881156 99938
0.881169 80552
0.881174 6714
0.881183 1834
0.881203 15645
0.881205 34000
0.88122 22086
0.881244 46858
0.88125 3918
0.881259 10331
0.881263 25587
0.881273 61054
0.881285 67069
0.881293 57985
0.881309 98994
0.881339 94004
0.881343 73830
0.88136 71984
0.881373 13463
0.881374 69658
0.881377 70918
0.881378 8820
0.881398 45519
0.881402 95988
0.881404 91285
0.881404 99618
0.881414 45031
0.881418 99767
0.881426 91587
0.881428 14620
0.881445 30545
0.881455 100038
0.881459 95739
0.88147 81479
0.881487 14259
0.881494 46183
0.881496 23782
0.881503 87895
0.881511 50724
0.881512 34890
0.881517 37917
0.88152 26455
0.88155 72944
0.881597 94792
0.881598 82585
0.88161 11159
0.881623 66467
0.881637 49704
0.88164 91018
0.881666 47911
0.881671 34602
0.881678 91818
0.881711 4428
0.881713 52930
0.881739 31572
0.88177 61983
0.881784 45368
0.881811 11815
0.881815 99498
0.881823 96806
0.881824 45236
0.881838 83931
0.881843 1797
0.881886 32408
0.881897 74829
0.881903 3129
0.881909 53809
0.881918 48612
0.881918 64740
0.881937 87701
0.881966 10256
0.881967 57323
0.88198 58541
0.881987 49395
0.882011 65546
0.882016 4010
0.882024 5128
0.882033 10927
0.882033 56682
0.882034 13718
0.882036 57907
0.88204 100977
0.882053 93878
0.882058 60970
0.88206 37921
0.88207 4420
0.882074 79523
0.882075 66198
0.882081 80475
0.882093 26547
0.882093 77068
0.882096 43812
0.882105 95380
0.882112 95010
0.882113 29653
0.882136 1879
0.882153 68575
0.882165 26936
0.882172 37594
0.882172 9222
0.882174 859
0.882176 66087
0.882185 39895
0.882189 9202
0.882199 61818
0.882219 63185
0.882226 5491
0.882228 35566
0.882252 93947
0.882271 97720
0.882283 17886
0.882296 7280
0.8823 8779
0.882339 92246
0.882354 524
0.88237 14778
0.882387 25715
0.882397 67572
0.882401 60721
0.882427 84382
0.88243 37783
0.882436 19717
0.882437 182
0.882437 50106
0.882439 79539
0.882442 2722
0.882444 89346
0.882472 13174
0.882473 49223
0.882474 38362
0.882481 60650
0.882487 53898
0.882501 68664
0.882515 57593
0.882518 10271
0.882518 69613
0.882523 10024
0.882534 19641
0.882546 14181
0.882547 81106
0.882574 48628
0.882579 21386
0.882589 57473
0.882592 99732
0.882597 94385
0.882599 83029
0.882601 86978
0.882605 94583
0.882616 47078
0.882626 13931
0.88265 89131
0.882671 42668
0.882671 78489
0.882675 59183
0.882697 96624
0.882698 34533
0.8827 44604
0.882708 9052
0.882711 4389
0.882717 91129
0.882756 87576
0.882763 87853
0.882775 36832
0.882787 48653
0.882787 74003
0.882807 3148
0.882814 44923
0.882815 45853
0.882817 93442
0.882842 100247
0.882845 44123
0.882855 93053
0.882857 1616
0.882882 92039
0.8829 34597
0.882903 83782
0.882906 85166
0.882911 83801
0.882913 34652
0.882948 60009
0.882981 51579
0.883003 45920
0.883011 15498
0.883014 53829
0.883014 55275
0.883028 95738
0.883031 89998
0.883034 87751
0.883037 31074
0.883039 69632
0.883048 38446
0.883058 49862
0.88307 11716
0.883073 82578
0.883077 35329
0.883081 46990
0.883085 32250
0.883097 79026
0.883115 67319
0.883133 55075
0.88314 55220
0.883148 29586
0.883162 84981
0.883168 92023
0.883192 6033
155 139