1 2
449
0.699189 56745
0.699193 67533
0.699217 58853
0.699219 84937
0.699222 19434
0.699245 67094
0.699278 36000
0.699295 86888
0.6993 71869
0.699304 61180
0.69931 62916
0.699326 14554
0.69933 96867
0.699331 93433
0.699341 39469
0.699343 26576
0.699347 65120
0.699359 43689
0.699369 36953
0.699375 94352
0.699387 80464
0.699394 91027
0.6994 56778
0.699406 41812
0.699412 78233
0.699455 74560
0.699456 39986
0.699457 729
0.699465 38896
0.6995 75525
0.699508 3338
0.699513 97344
0.699517 9203
0.699519 50428
0.699529 13825
0.699535 44341
0.699536 34453
0.699558 53502
0.699559 83740
0.699567 68709
0.69957 100806
0.699656 3519
0.699656 82066
0.699696 85676
0.699702 88559
0.699728 11861
0.699748 100260
0.699791 95414
0.699793 56084
0.699802 49468
0.699805 83256
0.69982 55069
0.699829 73187
0.699837 53056
0.69984 58058
0.699844 7864
0.699851 40094
0.699857 72710
0.699871 37122
0.699872 60587
0.699885 48767
0.699889 9794
0.699898 41659
0.699914 20759
0.699923 99769
0.699924 35664
0.699946 93847
0.699948 49073
0.699951 4048
0.699951 88344
0.699957 4297
0.699993 66491
0.7 83525
0.700012 15123
0.700014 35782
0.700021 14624
0.700027 81263
0.700049 98947
0.70006 11017
0.700071 71762
0.700074 48079
0.700079 1768
0.700082 97394
0.70009 62286
0.700136 51680
0.700179 78834
0.700191 51366
0.700193 3127
0.7002 70165
0.700202 83556
0.700205 97128
0.700209 67967
0.700221 45437
0.700234 22760
0.700239 17237
0.700248 48201
0.700259 53835
0.700279 33837
0.70028 29138
0.700282 2458
0.700296 83430
0.700298 16668
0.700308 3476
0.70031 47272
0.700312 73289
0.700329 43751
0.700331 64351
0.700343 22034
0.700346 96827
0.700369 2571
0.700372 84720
0.700378 88156
0.700379 97510
0.700382 43428
0.700391 34560
0.700398 11700
0.700404 47699
0.700411 20451
0.700414 94813
0.700419 60871
0.700421 35147
0.700428 80302
0.700449 34419
0.700474 27865
0.700496 47692
0.700508 74934
0.700524 97723
0.700528 43511
0.700537 70149
0.700542 85474
0.700548 70655
0.700553 62502
0.700554 76030
0.700566 32647
0.700607 12222
0.700612 88055
0.700615 33049
0.700638 26557
0.700639 55251
0.700652 26121
0.700661 54826
0.700662 94899
0.700682 66759
0.700683 31437
0.700695 20717
0.700708 38307
0.70073 33661
0.700734 41482
0.700734 44413
0.700741 73719
0.700745 96904
0.700753 99808
0.700758 76267
0.700759 46949
0.700769 15718
0.700778 44186
0.700785 8268
0.700788 74143
0.700797 42875
0.700828 25120
0.700853 66319
0.700856 26019
0.700859 55425
0.700875 14008
0.700886 78866
0.700897 49913
0.700898 11753
0.700903 31333
0.700904 64253
0.700911 95059
0.700916 19601
0.700922 62248
0.700924 47969
0.700928 64724
0.700931 40645
0.700939 62937
0.70094 22047
0.700967 75693
0.700969 71214
0.70099 66418
0.700995 15931
0.701001 52346
0.701032 93242
0.701036 21633
0.701045 31894
0.701045 85932
0.70107 90823
0.701073 63835
0.701077 46919
0.701077 93747
0.701078 33134
0.701079 75995
0.701079 79735
0.701085 29227
0.701101 68909
0.701115 65658
0.701123 5908
0.701127 47734
0.701129 23502
0.701151 5395
0.701155 6135
0.701163 56294
0.701189 84253
0.70119 99574
0.701206 87910
0.701209 78285
0.70121 28916
0.701224 95676
0.701227 70121
0.701235 28020
0.701242 93576
0.701246 51953
0.70125 19254
0.701268 46511
0.701293 40563
0.701293 66660
0.701299 87413
0.701324 87324
0.701327 18609
0.701328 30859
0.701334 29003
0.701353 97202
0.701373 5647
0.70138 67232
0.701404 62905
0.701405 100913
0.701414 43276
0.701416 94733
0.70144 74487
0.701447 25241
0.701451 21035
0.701451 56107
0.701463 96622
0.701468 39123
0.701471 19394
0.701483 73557
0.701495 9299
0.701496 93897
0.701509 38909
0.701512 72513
0.701523 11935
0.701525 99236
0.701531 87625
0.701533 32186
0.701536 58437
0.701539 35743
0.70155 31563
0.701576 418
0.701595 18885
0.701606 27618
0.70162 36468
0.701622 72816
0.701631 4103
0.701631 58005
0.701654 24482
0.701661 75356
0.701662 10295
0.701674 20280
0.701691 60700
0.701695 71642
0.701707 42612
0.701717 47500
0.701742 18505
0.701743 94290
0.701747 100054
0.701752 66291
0.70177 69837
0.701774 85275
0.701777 61383
0.701785 47794
0.701788 23578
0.701795 42816
0.701795 84257
0.701804 60818
0.701844 42552
0.701854 93520
0.701875 82549
0.701878 43503
0.701879 25639
0.701881 56023
0.701881 79858
0.701886 33649
0.701891 23291
0.701893 97526
0.70193 71434
0.701942 68340
0.701951 68662
0.701955 16043
0.701959 98565
0.701963 26102
0.701976 35400
0.701977 25510
0.701981 19066
0.70199 76959
0.702023 32952
0.702028 24544
0.702029 41646
0.702044 27061
0.702051 38356
0.702065 17344
0.702072 10172
0.702081 98851
0.702092 48247
0.702095 54532
0.702095 91029
0.702099 66059
0.702127 16327
0.702135 52449
0.702147 43984
0.702185 86318
0.702192 98865
0.702193 15008
0.702194 57867
0.702213 40648
0.702217 63130
0.70225 94771
0.702259 65478
0.702262 70399
0.70227 66909
0.70228 90797
0.702301 33215
0.702313 48853
0.702327 96915
0.702343 76256
0.702351 61106
0.702354 50186
0.702359 65215
0.702362 77722
0.702368 56712
0.70238 13189
0.702397 47956
0.702407 69482
0.702407 8786
0.702422 71776
0.702431 6170
0.702437 73440
0.702456 89021
0.702464 9734
0.702475 89698
0.702492 29254
0.702492 90209
0.702495 69068
0.702497 98441
0.702498 40093
0.702498 51590
0.702515 10054
0.702527 18896
0.702539 14601
0.702564 50239
0.702572 69728
0.70258 15693
0.702591 5833
0.702594 23167
0.702597 21376
0.702604 16767
0.702612 97460
0.702613 68012
0.70262 46624
0.702626 38808
0.702647 96888
0.702667 43962
0.702675 54187
0.702682 90956
0.702685 18744
0.702689 99423
0.702692 53013
0.70271 9761
0.702722 64364
0.70276 55600
0.702761 48404
0.702761 86633
0.702774 15512
0.702796 20832
0.702798 92737
0.702804 68603
0.702804 98207
0.702805 39808
0.70281 93142
0.702813 73141
0.702825 64081
0.70283 45057
0.70284 74040
0.702858 12864
0.702858 15957
0.702871 87317
0.702891 87589
0.702898 34375
0.702905 64693
0.702917 8100
0.702925 21823
0.702933 81162
0.702937 50435
0.702951 82127
0.702956 40829
0.702959 66371
0.703009 91507
0.70302 98155
0.703025 35275
0.70303 83380
0.703059 31597
0.703062 46502
0.703074 4721
0.703131 79575
0.703151 38328
0.703159 76851
0.703161 55212
0.703185 76628
0.703193 53955
0.703193 73069
0.703196 35535
0.703226 47464
0.703235 63470
0.703255 52118
0.703267 55729
0.703275 11612
0.703282 49641
0.703313 14044
0.703324 39845
0.703326 91494
0.703327 89288
0.703331 66193
0.703343 52606
0.70336 67403
0.703362 13904
0.703362 69370
0.703364 16732
0.703377 68127
0.703379 2614
0.703395 57831
0.703399 58713
0.70342 89705
0.703423 17483
0.703423 2871
0.703425 21017
0.703427 74816
0.703442 22550
0.703442 61611
0.70346 98697
0.70347 2786
0.703477 9318
0.703506 58215
0.703535 11825
0.703564 87492
0.703571 64058
0.703583 30247
0.703595 10753
0.7036 65275
0.703606 92160
0.703625 72286
140 152