1 2
401
0.035573 13610
0.035576 83624
0.035579 76678
0.03558 27286
0.035582 90167
0.035585 12681
0.035589 83172
0.035592 16224
0.035597 20260
0.035609 44402
0.035612 41793
0.035613 60300
0.035627 84995
0.035635 27895
0.035656 56968
0.035681 39040
0.035684 78873
0.035689 35279
0.035693 31807
0.0357 1339
0.0357 22442
0.035701 47181
0.035703 73063
0.035706 13177
0.03571 50100
0.035719 19791
0.035723 57707
0.035777 82389
0.03578 7924
0.035798 46135
0.035806 66392
0.035807 67222
0.035838 35707
0.035838 94521
0.035841 83554
0.035843 48608
0.035847 87793
0.035849 98344
0.035871 31519
0.035883 33110
0.035888 20780
0.035889 91966
0.03589 29206
0.035933 40774
0.035937 99041
0.035941 89764
0.035952 29314
0.035954 48953
0.035959 35218
0.035972 77574
0.035977 73761
0.035977 87879
0.035983 44489
0.036 87766
0.036013 57900
0.036026 65661
0.036035 46778
0.036041 42617
0.036041 69452
0.036067 94447
0.03607 88233
0.036072 71106
0.036094 11053
0.0361 60442
0.036106 71109
0.036107 24074
0.036122 44419
0.036128 91471
0.036129 66018
0.036143 45333
0.036167 30156
0.036204 39105
0.036207 25122
0.036238 99986
0.036255 85607
0.036268 67730
0.036302 65416
0.036329 52867
0.036354 97905
0.03637 74899
0.036376 53213
0.036391 34488
0.036391 9064
0.036392 15967
0.03642 36065
0.036421 79753
0.036444 4603
0.036445 91002
0.036447 96406
0.03646 82052
0.036466 78312
0.03647 64345
0.036471 50927
0.036474 68155
0.036475 40998
0.036484 43940
0.036496 24166
0.036508 83113
0.036516 89769
0.036517 6575
0.036529 79217
0.036541 62694
0.036551 38768
0.036562 100911
0.036562 101911
0.036565 96301
0.036623 10438
0.036629 100895
0.036629 101895
0.036634 5004
0.036645 38963
0.036661 48371
0.036667 39579
0.03668 52515
0.036699 16707
0.036711 14135
0.036711 49649
0.036718 73989
0.036726 43350
0.036737 10515
0.036763 87107
0.036775 61502
0.036778 24530
0.036806 8436
0.036816 2670
0.036825 52466
0.036841 88927
0.036846 20806
0.036857 27571
0.036868 44478
0.03687 7087
0.036887 65154
0.036887 86872
0.036891 6826
0.036901 26103
0.036909 38438
0.036921 18248
0.036927 77209
0.036935 32168
0.036942 34752
0.036947 89923
0.036953 70987
0.036955 71195
0.036972 46637
0.037005 59917
0.037011 11619
0.037022 56892
0.037037 94409
0.037102 99934
0.037104 4926
0.037121 48601
0.037123 24356
0.037124 28861
0.037157 31784
0.037165 99840
0.037172 20224
0.037202 28882
0.037207 69164
0.037213 10624
0.037223 13343
0.037264 77111
0.037266 42980
0.037312 36112
0.037337 39244
0.03734 459
0.037384 79572
0.037388 57077
0.037394 8545
0.037406 48977
0.037409 16689
0.037425 47202
0.037441 85051
0.037443 20562
0.037452 17372
0.037458 60767
0.037476 24764
0.037488 34544
0.037492 7204
0.037504 51620
0.037504 73639
0.037523 92739
0.037527 95021
0.037536 5732
0.037537 19617
0.037559 63362
0.037562 44278
0.037566 24909
0.037581 9111
0.037582 52039
0.037602 73676
0.037606 83298
0.03761 37689
0.037614 13575
0.037623 520
0.037661 51412
0.037706 33989
0.037707 79224
0.037717 73404
0.037734 1903
0.037737 35245
0.037748 66222
0.037754 68805
0.037757 34291
0.037767 93593
0.037769 85220
0.037774 68472
0.037787 76240
0.037801 21511
0.037803 44317
0.037804 59092
0.03782 28874
0.037823 28275
0.037826 89791
0.037833 47075
0.037842 3468
0.037885 20999
0.037893 71591
0.037901 34714
0.037908 83952
0.037918 9310
0.037945 70201
0.037956 52931
0.037975 18222
0.037978 21314
0.038012 71334
0.038023 5122
0.038028 28629
0.038035 29432
0.038037 92511
0.038039 20812
0.038043 86071
0.038047 89973
0.03807 24775
0.038071 59235
0.038072 13668
0.038072 53900
0.038083 6228
0.038085 26966
0.038092 58189
0.038152 53003
0.038154 67628
0.038158 84471
0.038165 92
0.038192 32644
0.038209 64226
0.038209 76091
0.038223 51878
0.038243 96204
0.038259 87438
0.038264 30490
0.038303 99047
0.03832 47681
0.038352 23852
0.038404 17745
0.038427 49210
0.038429 40624
0.03843 85390
0.038444 4662
0.038493 53625
0.038493 62431
0.038512 92344
0.038514 51073
0.038523 17570
0.038542 32007
0.038556 34228
0.038561 99696
0.038589 85799
0.03859 63020
0.038593 5683
0.038599 6738
0.038602 36093
0.038617 13171
0.038629 60042
0.038629 81793
0.038641 42396
0.038644 95032
0.038666 9142
0.038682 31401
0.038692 28852
0.038723 53733
0.038733 46102
0.038766 79092
0.038771 40879
0.038772 20426
0.038775 50754
0.038778 86638
0.03878 55356
0.03878 90689
0.038796 24906
0.038839 29409
0.03884 34804
0.038908 33203
0.038954 56368
0.038954 81185
0.038956 48320
0.038961 74407
0.038968 13499
0.038988 56775
0.039 11402
0.039006 2024
0.039008 40017
0.03901 64229
0.039024 20776
0.039034 95069
0.039044 20826
0.039057 25998
0.039061 21790
0.039072 83462
0.039074 54848
0.039078 24707
0.039105 64952
0.039122 56933
0.039123 45784
0.039145 47838
0.039147 44055
0.039158 10400
0.039165 30873
0.039179 50619
0.039186 33063
0.039189 54499
0.039194 61683
0.039202 25992
0.039214 65043
0.039228 20968
0.039281 63874
0.039299 20168
0.039303 6136
0.039305 84007
0.039328 86005
0.039349 89824
0.039355 70203
0.03936 60444
0.039371 87564
0.039373 69260
0.039392 35659
0.039431 89245
0.039436 40082
0.039448 16737
0.03945 87829
0.039464 47216
0.039471 87689
0.0395 39720
0.039516 76158
0.03954 66946
0.039545 78135
0.039547 42711
0.039557 66696
0.039561 63121
0.039576 51588
0.039583 82391
0.039587 67509
0.039602 68717
0.039613 516
0.039625 6414
0.039625 92948
0.039627 36505
0.039642 23540
0.039667 89936
0.039668 12542
0.039669 27523
0.039677 71532
0.039678 88939
0.039689 56228
0.039718 87628
0.039729 16067
0.039734 16809
0.039748 50660
0.039749 43407
0.039749 60588
0.039757 47954
0.039781 32260
0.03979 21271
0.039791 2015
0.039806 100239
0.039806 101239
0.039814 72278
0.039826 47572
0.039828 23825
0.039848 13107
0.039848 82450
0.03985 93960
0.039862 78511
0.039882 66617
0.039887 42693
0.039891 20637
0.039892 80099
0.039896 81424
0.039903 41464
0.039907 25516
0.039908 913
0.039909 17526
0.039913 55520
0.039931 37988
0.039939 28704
0.039941 95627
0.039944 75212
0.03995 1887
0.039952 40305
0.039954 67623
0.039972 78147
0.039981 95849
200 176