1 2
403
0.295618 6904
0.295629 16338
0.295635 58579
0.295641 50919
0.29565 96733
0.295657 76330
0.295659 16292
0.295677 51427
0.295727 35271
0.295758 79016
0.295783 45151
0.295788 27566
0.295796 38961
0.295808 24475
0.295809 50527
0.295811 77971
0.295851 90628
0.295854 63242
0.295865 95634
0.295865 96173
0.295889 4643
0.295898 6214
0.2959 72185
0.295908 87762
0.295911 91168
0.295914 51534
0.295923 83513
0.295953 49802
0.29598 30615
0.295989 67564
0.296002 91410
0.296005 15165
0.296018 24382
0.296019 68510
0.296023 43821
0.296031 12116
0.296076 43799
0.296083 78013
0.296087 97974
0.2961 28674
0.29611 54172
0.296141 70611
0.296143 44536
0.296146 58817
0.296152 66344
0.296154 67823
0.296179 71705
0.296187 70726
0.29619 26285
0.29619 44788
0.296197 40113
0.296206 53027
0.296208 53174
0.296213 39448
0.296218 49718
0.29622 80604
0.296221 68792
0.296224 3541
0.296229 81809
0.29623 97122
0.296253 15030
0.29628 100884
0.296283 53613
0.296286 66897
0.296289 23056
0.296293 32169
0.2963 92088
0.296305 47820
0.296313 11826
0.296323 12711
0.296324 90530
0.296328 2680
0.296345 93934
0.296348 92660
0.296363 60077
0.296421 26379
0.296432 40789
0.296438 20384
0.296466 19906
0.296479 94619
0.296503 28622
0.296519 35796
0.296532 14509
0.296537 68153
0.296544 77142
0.296554 7827
0.296561 5449
0.296575 47563
0.296576 71809
0.29658 68094
0.296587 12543
0.29659 61591
0.296595 22797
0.296608 30744
0.296612 87156
0.296613 89583
0.296619 89127
0.296632 88135
0.296677 12498
0.296696 18963
0.296696 54230
0.29671 16610
0.296719 55906
0.296729 15477
0.296746 23725
0.29675 63602
0.296753 8723
0.296777 94332
0.296781 57740
0.296783 45807
0.296784 100361
0.296798 100994
0.296807 11095
0.296812 19602
0.296821 86148
0.296835 86128
0.296842 12047
0.296868 39958
0.296877 21355
0.296886 55598
0.296917 35838
0.29696 100382
0.296961 43817
0.296975 79851
0.296977 70720
0.296986 77193
0.296995 9960
0.296996 22886
0.297029 58016
0.29704 62955
0.297041 95722
0.297051 4219
0.297059 74331
0.297071 63280
0.297074 32937
0.297074 54062
0.297078 71832
0.297082 54437
0.297089 26636
0.297092 11628
0.297102 32501
0.297107 34759
0.297148 98642
0.297151 10887
0.297211 37141
0.297219 74142
0.297232 59196
0.297234 7318
0.297234 79506
0.297235 44507
0.297237 7671
0.297249 30162
0.29725 71289
0.297283 66740
0.297283 79316
0.297295 4464
0.2973 36636
0.297308 30791
0.297308 42227
0.29731 87963
0.297317 75533
0.297318 32954
0.297325 52830
0.297334 5324
0.297335 61114
0.297338 69192
0.297346 95839
0.297355 87389
0.29736 3715
0.297387 98497
0.297399 43584
0.297406 54308
0.297422 89886
0.29744 94049
0.297445 51778
0.297456 99294
0.297472 34687
0.297476 98903
0.297478 13190
0.297493 86666
0.297498 90431
0.297514 42946
0.297515 48728
0.297553 94556
0.297564 49232
0.297577 62415
0.297583 23018
0.297585 41860
0.297587 80488
0.297589 46491
0.297592 94539
0.297603 6008
0.297604 68139
0.297607 63296
0.297618 5073
0.297628 37846
0.297628 49347
0.297629 54191
0.297647 90325
0.297654 22430
0.297663 29231
0.297669 114
0.2977 44531
0.297701 98403
0.297702 1568
0.297707 23610
0.297721 71698
0.297721 75425
0.297728 83929
0.297746 11333
0.297765 11603
0.297782 20977
0.297811 71858
0.297822 94529
0.297826 72428
0.29783 43730
0.297832 42937
0.29784 91823
0.297843 48503
0.297845 38942
0.297859 55025
0.297875 59207
0.297876 57026
0.297883 59126
0.297888 83884
0.297902 2389
0.297908 15916
0.297934 918
0.297939 30694
0.297965 69540
0.297975 99545
0.297976 43077
0.29799 62063
0.297994 54508
0.298004 73410
0.298011 1562
0.298011 20892
0.298014 74112
0.298018 5598
0.298029 37229
0.298029 60230
0.298063 97867
0.298096 67640
0.298097 43062
0.298109 100946
0.298125 66404
0.298129 94604
0.298131 59649
0.298143 88883
0.298148 51499
0.298151 32236
0.298163 21295
0.298175 62573
0.298178 65276
0.298179 97454
0.298186 24812
0.298202 15965
0.298213 67560
0.298231 75220
0.29824 2177
0.298242 44027
0.29825 70470
0.298274 74443
0.298277 10517
0.298286 20380
0.298329 47258
0.298337 13063
0.298345 76247
0.298356 93037
0.298361 46261
0.298372 41861
0.298374 96751
0.298385 61471
0.298411 8989
0.298412 30326
0.298437 22037
0.298457 98399
0.298462 51021
0.298464 10409
0.298473 36308
0.298478 23488
0.298486 57023
0.298489 23978
0.298492 5571
0.298494 91617
0.298511 35057
0.298521 74402
0.298535 4215
0.298545 19994
0.298565 28774
0.298592 45907
0.298597 28196
0.29861 64100
0.298621 32655
0.298633 53411
0.298636 35
0.29866 35674
0.298682 59822
0.298689 94344
0.298706 45987
0.298707 32464
0.298716 17148
0.298717 1850
0.298719 59584
0.298725 59353
0.298737 61989
0.29874 17243
0.298755 31140
0.298757 41319
0.298779 5280
0.298784 14675
0.2988 9749
0.298813 72340
0.298823 83016
0.298833 73012
0.29884 63815
0.298844 37337
0.29885 87933
0.298851 90680
0.298881 50228
0.298902 52430
0.298911 7487
0.298922 6646
0.298923 80462
0.298925 3356
0.298936 53041
0.29894 33631
0.298948 33513
0.298948 99471
0.298952 46748
0.298957 8850
0.298961 81812
0.298963 24417
0.298977 83267
0.298981 44173
0.298991 32099
0.299025 31369
0.299036 54201
0.299038 44459
0.299039 66530
0.299055 69035
0.299056 47858
0.299056 82126
0.299059 23385
0.299061 90595
0.299066 17113
0.299069 77020
0.299087 99528
0.299089 6359
0.299099 19169
0.299101 12401
0.299108 81879
0.299109 83700
0.299126 57419
0.299143 19490
0.299167 37431
0.299174 83149
0.299198 11627
0.299202 36974
0.299212 80807
0.299214 19595
0.299217 57871
0.299221 70582
0.299248 86097
0.299285 88367
0.299288 85800
0.299288 92384
0.299292 96909
0.299311 21208
0.299328 40498
0.299332 13827
0.299336 49662
0.299337 58125
0.299343 23044
0.299361 68299
0.299361 83434
0.299375 89619
0.299378 86569
0.29938 22174
0.299427 48099
0.299428 62958
0.299431 57456
0.299448 26570
0.29948 26440
0.299483 55938
0.299486 42405
0.299489 49203
0.299491 284
0.299509 64879
0.299515 39654
0.299524 66012
0.299528 99180
0.299533 69327
0.29954 71945
0.299559 61216
0.299579 68250
0.299583 75261
0.299585 85728
0.299605 41096
0.299614 67291
0.29962 23
0.29962 40817
0.29962 53805
189 173