1 2
381
0.279378 3514
0.279378 44971
0.279389 26584
0.279403 12437
0.279408 36254
0.279409 1475
0.279413 48835
0.279419 59842
0.279449 77231
0.279474 92630
0.279477 32496
0.279482 92719
0.279483 5483
0.279483 8483
0.27952 48882
0.279524 39208
0.279534 28905
0.279562 51146
0.279562 69707
0.279571 10225
0.279573 58970
0.279574 60281
0.279577 13886
0.279577 35514
0.279581 59833
0.279588 86862
0.279626 39057
0.279631 34592
0.27965 95012
0.279663 60348
0.279665 89409
0.279666 75965
0.279672 30289
0.279687 31839
0.279701 21221
0.279708 20657
0.279714 38839
0.279716 93992
0.279721 28689
0.279722 70115
0.279724 15975
0.279753 96096
0.279766 98056
0.279769 22525
0.279774 34423
0.27979 47580
0.279798 28346
0.279801 95912
0.27981 27132
0.279814 31752
0.279825 596
0.279828 91553
0.279859 10363
0.279862 72782
0.279879 92320
0.279884 74517
0.279902 63218
0.279905 3989
0.27992 48478
0.279927 89348
0.279932 97693
0.279942 92572
0.279955 45833
0.279969 48414
0.279973 17094
0.279976 22291
0.279991 43016
0.279997 11654
0.280001 42369
0.280031 3216
0.280055 90759
0.280062 45229
0.280066 94063
0.28007 50235
0.280085 71316
0.280096 74158
0.2801 35215
0.280108 13706
0.280125 13435
0.280135 62493
0.280139 1000
0.28014 60420
0.280159 73626
0.280191 50599
0.280203 100340
0.280207 33381
0.280217 49921
0.280249 29069
0.280255 70436
0.280267 14286
0.280271 15028
0.280274 27345
0.280278 66556
0.280299 63434
0.2803 81953
0.280306 34632
0.280311 3659
0.280314 39245
0.280335 93874
0.280339 29551
0.280341 31448
0.280347 76812
0.280366 32369
0.280372 71717
0.280387 35206
0.2804 10826
0.280404 68514
0.280435 94778
0.280439 13638
0.280443 79056
0.280459 74577
0.280501 35817
0.280503 28881
0.280506 76821
0.280519 33491
0.280547 87016
0.280555 77474
0.280562 45105
0.280569 62102
0.280587 5786
0.280594 32011
0.280613 15799
0.280624 37876
0.280624 84951
0.280625 88098
0.280641 7443
0.280646 77484
0.280663 42680
0.280666 21297
0.280666 753
0.280679 51010
0.280695 64199
0.280719 54742
0.280723 90744
0.28075 71184
0.28076 65978
0.280781 78964
0.280798 90015
0.280801 79081
0.280802 22213
0.280807 66052
0.280825 84561
0.280856 64604
0.28086 43641
0.280863 29993
0.280864 34323
0.280875 23907
0.28088 20274
0.280906 36891
0.280914 63427
0.280915 27394
0.280915 56780
0.280925 17349
0.280927 47133
0.280943 24071
0.280943 31531
0.280947 90336
0.280949 61427
0.280957 69917
0.280989 56779
0.280993 31827
0.28101 23735
0.281015 22994
0.281034 1814
0.281047 91224
0.281048 15878
0.281049 54041
0.281065 13041
0.281076 75631
0.281098 20712
0.281101 72148
0.281111 93280
0.281112 47191
0.281117 89057
0.281118 14477
0.281122 81097
0.281129 7071
0.281132 76849
0.281135 68021
0.281141 9730
0.281149 91779
0.281152 57584
0.281158 59514
0.28119 80003
0.2812 92818
0.281208 49409
0.281227 90258
0.28123 8669
0.28123 91083
0.281231 61545
0.281252 77845
0.281266 35599
0.281286 19339
0.281323 12237
0.281335 50523
0.281338 19363
0.281348 26452
0.28135 43645
0.281351 60597
0.281351 9508
0.281354 40348
0.281355 35617
0.281356 90383
0.28136 47738
0.281377 83036
0.281395 3967
0.281399 22802
0.28145 100512
0.281452 19742
0.28147 64699
0.281477 28812
0.281491 66263
0.281504 52557
0.281506 91667
0.281507 21476
0.28151 18644
0.281543 26993
0.281558 50401
0.28156 78185
0.281571 19239
0.281571 37075
0.281588 2783
0.281588 90831
0.281602 26723
0.281603 31499
0.281618 97117
0.281647 34732
0.281652 22544
0.281653 27070
0.281656 42136
0.281676 54553
0.281705 66447
0.281717 68796
0.281721 77766
0.281726 99042
0.281729 41082
0.281738 53531
0.281749 55352
0.281751 79666
0.281755 18384
0.281757 55325
0.281763 20273
0.281778 86464
0.281784 80901
0.281785 84080
0.281792 77165
0.281796 53504
0.281804 90054
0.281807 89864
0.281815 35960
0.281831 30391
0.281831 60809
0.281833 52101
0.281834 12163
0.281839 5266
0.281843 45298
0.281845 34318
0.281871 42240
0.281887 84545
0.281891 23157
0.281891 5759
0.281904 34380
0.281919 3102
0.281926 59168
0.281949 7435
0.281958 61624
0.281961 90224
0.281983 15290
0.281994 40834
0.281996 14240
0.281998 75700
0.282003 56386
0.282009 86654
0.282018 63298
0.282019 48313
0.282024 42281
0.282036 63610
0.282053 100719
0.28206 31362
0.28206 43126
0.282068 13722
0.282075 1442
0.282086 37623
0.282094 71972
0.282095 5566
0.282095 9908
0.282096 18921
0.282099 85291
0.282117 71609
0.282134 10865
0.282158 84395
0.282166 72172
0.282175 19738
0.282179 12769
0.282181 60979
0.282199 16905
0.282199 71920
0.282234 30761
0.282267 77126
0.282269 75754
0.282275 5169
0.282277 947
0.282291 52205
0.282302 48240
0.282315 18710
0.28232 81585
0.282336 13346
0.282344 52125
0.282346 16122
0.282354 82255
0.282357 61411
0.282369 89073
0.282374 16885
0.282407 11597
0.282411 13443
0.282424 21121
0.282438 30811
0.282444 16110
0.282454 65302
0.282461 92807
0.282468 85507
0.282477 6840
0.282488 34019
0.282489 91388
0.282522 83856
0.282535 24123
0.282565 97091
0.282568 99108
0.28258 41117
0.28259 95724
0.282595 94308
0.2826 89767
0.282603 50672
0.282606 22906
0.282623 71536
0.282628 82011
0.282633 68768
0.282641 49962
0.282642 33919
0.282655 94132
0.282668 86857
0.282673 6399
0.282677 16796
0.282692 55858
0.282724 40224
0.28273 59370
0.282751 68568
0.282752 64901
0.282753 42588
0.28276 81026
0.282811 20676
0.282821 22368
0.282822 14121
0.282822 14500
0.282824 81792
0.282838 99026
0.282867 32914
0.282876 56462
0.282879 18597
0.282885 71037
0.282913 37599
0.282919 24793
0.282936 85066
0.28294 39643
0.28294 91604
0.282951 82344
0.282959 60892
0.28298 35079
0.28299 34975
0.28303 2131
0.283036 20926
0.283037 83020
0.283053 3677
0.283057 33768
0.283068 46476
0.283071 49382
0.283084 85520
0.283085 19606
0.283086 7047
0.283089 50880
0.283127 34012
141 196