1 2
358
0.593438 67023
0.593446 8575
0.593468 43915
0.593472 42819
0.593492 26522
0.593495 39980
0.593497 9276
0.593498 34677
0.593502 49242
0.593515 24531
0.593518 89730
0.59352 50614
0.593521 66923
0.593526 81131
0.593537 7826
0.593578 2257
0.593583 48662
0.593594 36415
0.593601 85210
0.593602 61745
0.593606 85158
0.593612 84360
0.593613 87587
0.593615 77460
0.593667 21222
0.593673 37866
0.593686 7445
0.593688 91175
0.593696 5681
0.593705 44297
0.59371 9582
0.593715 67749
0.593719 18817
0.593719 63689
0.593752 50893
0.593786 61776
0.593813 36538
0.593827 13720
0.593829 93478
0.593837 41237
0.593843 90240
0.593844 82521
0.593869 64205
0.593939 59015
0.59394 20925
0.593941 88028
0.593946 6737
0.593971 14139
0.593979 27291
0.59398 61766
0.593982 10990
0.593985 70986
0.593986 18603
0.593991 57487
0.593994 87684
0.593995 18391
0.594009 25716
0.594019 40457
0.594033 75600
0.594044 38233
0.594056 76471
0.594081 23507
0.594093 31771
0.594095 31774
0.594095 85314
0.594095 88675
0.594106 12269
0.594109 53730
0.59411 14400
0.594113 34134
0.594132 6196
0.594134 38468
0.594156 90795
0.594163 26465
0.594163 96343
0.594173 46595
0.594182 19548
0.594186 39384
0.594201 98060
0.594205 90875
0.594206 23031
0.594221 28057
0.594231 64704
0.594265 43408
0.59427 32687
0.594297 31961
0.59431 89466
0.594312 2811
0.594335 73751
0.59434 17627
0.594343 89394
0.594346 81495
0.594371 23549
0.594371 77655
0.594372 5824
0.594374 26129
0.594374 77158
0.594406 99386
0.59441 84046
0.594413 21474
0.594422 23897
0.594425 85892
0.594457 3879
0.594489 81605
0.594492 30773
0.594498 20232
0.594516 68811
0.594516 79916
0.594562 72596
0.594582 63191
0.594589 38733
0.594602 79629
0.594607 42348
0.594611 15661
0.594611 7716
0.594613 33874
0.594617 89497
0.594624 504
0.594628 5295
0.594631 39521
0.594641 68321
0.594664 23175
0.59468 29587
0.594692 80812
0.594699 83419
0.594705 18052
0.594706 71073
0.594707 8838
0.594721 54193
0.594724 7111
0.594726 30157
0.594734 40336
0.594746 6533
0.594783 27300
0.594784 51348
0.594788 85966
0.594789 52143
0.594793 29020
0.5948 78446
0.594801 31213
0.594802 78131
0.594809 37659
0.594822 80202
0.594838 25326
0.594839 89598
0.594848 71002
0.594852 69418
0.59486 96405
0.594863 42246
0.594882 12349
0.594894 72147
0.594899 17266
0.594904 24656
0.594909 81192
0.594913 3398
0.59492 78752
0.594925 8825
0.594936 15175
0.594941 9094
0.594947 54231
0.594957 13234
0.594961 51471
0.594969 52620
0.594981 58410
0.594992 5923
0.595 72445
0.595033 12814
0.595051 24677
0.595051 79500
0.595054 1157
0.595071 89176
0.595073 47402
0.595084 6916
0.595091 3157
0.595118 7402
0.595121 644
0.595128 21588
0.595128 25086
0.595134 11429
0.595138 85209
0.595157 53629
0.595164 48786
0.595167 100207
0.595182 46446
0.595183 68581
0.59519 90191
0.595191 2269
0.595205 42149
0.595222 22756
0.595274 6175
0.59528 79776
0.595284 11886
0.59529 48594
0.5953 17184
0.595304 52004
0.59533 78412
0.595342 19041
0.595349 8172
0.595352 6391
0.595355 11049
0.595355 93329
0.59536 48087
0.595377 11858
0.595394 441
0.595399 30040
0.595399 70479
0.595405 32979
0.595411 2061
0.595416 10058
0.595437 55059
0.595473 28827
0.595489 77178
0.59549 87978
0.595498 48234
0.5955 68567
0.595502 6145
0.595522 93595
0.59553 84283
0.595538 62843
0.595559 89862
0.595565 37875
0.595566 83386
0.595576 49995
0.595576 99232
0.595583 81404
0.595591 52178
0.595611 6830
0.595617 33009
0.595622 44828
0.595627 72437
0.595631 17472
0.595634 94481
0.595639 19273
0.595651 59038
0.595653 73647
0.59567 72945
0.595671 87123
0.595688 18064
0.595696 58938
0.595718 13138
0.595719 35920
0.595741 4575
0.595749 72732
0.595749 77862
0.595751 52825
0.595758 12836
0.595774 54239
0.595778 36381
0.59578 66142
0.59579 100199
0.595816 65810
0.595833 81736
0.595836 39043
0.595852 28324
0.595854 96280
0.59586 27969
0.595867 66893
0.595887 7695
0.595891 13774
0.595894 5790
0.595898 86962
0.595922 65013
0.595922 6715
0.595926 2169
0.595938 5359
0.595954 8782
0.595963 56585
0.595964 71283
0.595984 49624
0.595994 25442
0.596003 2298
0.596007 53847
0.596025 31867
0.596026 57043
0.596047 26047
0.596056 19092
0.596075 49508
0.596076 18217
0.596081 100820
0.596086 47355
0.596101 81183
0.596107 93346
0.59611 88788
0.596121 4213
0.596134 534
0.596158 21765
0.596161 55035
0.596167 62952
0.596174 29472
0.596189 92796
0.59621 73861
0.596224 10873
0.596237 68362
0.596241 44063
0.59625 11313
0.596285 6459
0.596288 70684
0.59629 27100
0.596292 36455
0.596294 70636
0.596299 67180
0.596328 95750
0.596342 83604
0.596343 7255
0.596345 55796
0.596346 51132
0.59636 11629
0.596372 17502
0.596378 59276
0.596386 54837
0.596392 62295
0.596395 65998
0.596406 65834
0.596409 68970
0.596411 60132
0.596419 75692
0.596421 48508
0.59643 24038
0.596454 12463
0.596456 87313
0.59646 74146
0.596476 46670
0.596497 3629
0.596515 79027
0.596521 37362
0.596524 92456
0.596528 86135
0.596553 3001
0.596558 6296
0.596563 80191
0.596577 11399
0.596583 80169
0.596593 58618
0.596602 70297
0.596608 90640
0.596611 36188
0.596652 1152
0.596655 14717
0.596664 12366
0.596678 51452
0.596685 60823
0.59669 46390
0.596699 65576
0.596723 78970
0.596757 3638
0.596762 51484
0.59682 73990
0.596832 98464
0.596845 30323
0.596848 7479
0.596849 28888
0.59691 5130
0.596928 81919
0.596949 71989
0.596954 35442
0.596954 55838
0.596973 50426
0.597013 11939
146 231