1 2
381
0.503629 16125
0.503649 24958
0.503663 79785
0.50367 18402
0.503684 13479
0.503692 83642
0.503693 75840
0.503694 38532
0.503722 96936
0.503727 74384
0.50373 31046
0.503759 70413
0.503762 18863
0.50377 67103
0.503772 58099
0.50379 19699
0.503795 95138
0.503815 83663
0.503817 3931
0.503827 89149
0.503834 56325
0.503834 74837
0.503842 11482
0.503856 50291
0.503861 98349
0.503868 30548
0.503876 72217
0.50389 17986
0.503902 12704
0.503904 62492
0.503919 25897
0.503925 71664
0.503931 63642
0.503936 30648
0.503938 75251
0.50395 35516
0.503958 3528
0.503963 72586
0.503972 93015
0.503986 39171
0.50399 57874
0.504005 53476
0.504006 17197
0.504007 66757
0.504027 39011
0.504028 69358
0.504031 53876
0.504039 42923
0.504043 91719
0.504062 76997
0.504067 14055
0.504069 3067
0.504071 86512
0.504072 35366
0.504073 28906
0.504077 37661
0.504077 55686
0.504079 3744
0.504081 49445
0.504083 8165
0.504096 19385
0.504101 63781
0.504114 67537
0.504122 38774
0.504127 30706
0.504133 39739
0.504134 32704
0.504136 93487
0.50415 61664
0.504151 63080
0.504153 10234
0.504163 39991
0.504199 28219
0.50421 37644
0.504226 10464
0.504255 14896
0.504257 23490
0.504259 92431
0.504275 97071
0.504276 12501
0.504279 59358
0.50432 94592
0.504323 28246
0.504339 79564
0.504349 90182
0.504353 85910
0.504364 85841
0.504375 72275
0.504377 94712
0.50439 76238
0.504412 27741
0.504412 36231
0.504417 99828
0.504422 55655
0.504425 13855
0.50443 46822
0.504444 86243
0.504452 96677
0.50447 66387
0.504479 3283
0.504492 14239
0.504492 17723
0.50453 51585
0.504543 100494
0.504561 22294
0.504563 39880
0.504567 22126
0.504568 2034
0.504568 29280
0.504581 87735
0.504593 39557
0.504596 33868
0.504604 28877
0.504611 86684
0.504625 45473
0.504628 6402
0.504651 92031
0.504653 49010
0.504657 4371
0.504664 64640
0.504672 11531
0.504673 94334
0.504674 66064
0.504704 16174
0.504715 28427
0.504721 85893
0.504739 87830
0.504749 18404
0.504753 10345
0.504765 25495
0.504765 42501
0.504791 14277
0.504793 11369
0.504793 81362
0.5048 40471
0.504807 15925
0.504807 88523
0.504814 43302
0.504822 52388
0.504824 62308
0.504836 90495
0.504846 55204
0.504906 36578
0.504914 1592
0.504918 37093
0.504932 46387
0.504945 75312
0.50496 25133
0.504971 82874
0.504973 64097
0.504982 100984
0.505002 78021
0.505004 97863
0.505011 39843
0.505015 75176
0.505016 81516
0.505024 24196
0.505068 55105
0.505077 17095
0.505096 57724
0.505144 67882
0.505145 82098
0.505176 27035
0.505183 29520
0.505187 90090
0.505193 16180
0.505208 43744
0.505219 17408
0.505224 98636
0.505246 25048
0.505274 65777
0.505274 83612
0.505278 87661
0.505289 46689
0.505297 28325
0.505298 28333
0.5053 14843
0.505301 74933
0.505307 77102
0.505314 84255
0.505336 6420
0.50534 74932
0.505363 83159
0.505394 8608
0.505396 1434
0.505424 620
0.50543 9003
0.505434 69252
0.505443 31738
0.505447 37763
0.505448 61273
0.505451 95007
0.505456 66061
0.50547 42445
0.505471 29881
0.505497 20899
0.505526 38675
0.505535 45251
0.505545 16184
0.505558 20169
0.505561 9492
0.505563 85933
0.505564 54886
0.505567 25567
0.505577 70979
0.505579 59786
0.505584 56349
0.505587 14423
0.505588 63474
0.505599 89084
0.505601 14626
0.505607 40393
0.505628 41615
0.505631 75555
0.505641 12420
0.505642 18545
0.505651 39862
0.505659 30749
0.505673 38374
0.505675 36682
0.505675 77962
0.505689 40168
0.505705 29964
0.505718 75245
0.505736 27145
0.505753 84005
0.505755 65463
0.505764 40822
0.505765 22253
0.505766 57267
0.505786 100781
0.505812 75432
0.505831 92905
0.505848 23279
0.505848 83288
0.505851 35038
0.505866 1946
0.505867 62980
0.505874 78824
0.505881 4202
0.505891 80828
0.505917 63813
0.505928 19125
0.505932 21975
0.505932 83941
0.505943 22076
0.505949 45233
0.505963 6325
0.505966 54868
0.50597 59765
0.505973 8180
0.50598 62957
0.505983 7316
0.505984 33403
0.505987 92035
0.506013 6410
0.506027 57583
0.506034 60194
0.506047 14144
0.506051 9298
0.506054 46721
0.506054 51261
0.506075 41730
0.506091 74463
0.506097 28107
0.506104 62254
0.506109 73171
0.506126 30959
0.506126 41852
0.506128 84163
0.506165 44425
0.506168 83357
0.506201 40084
0.506204 60525
0.506211 13686
0.506217 8846
0.506222 41084
0.506242 40681
0.506258 62597
0.506264 60200
0.506266 43335
0.506274 4972
0.506277 29683
0.506284 78961
0.506286 88189
0.506289 65375
0.50631 82337
0.506312 29248
0.506322 30434
0.50633 544
0.50633 7461
0.506339 22433
0.506353 59239
0.506381 64461
0.506383 35107
0.50639 65485
0.506393 23097
0.506394 18992
0.506401 56385
0.506414 1223
0.506427 33999
0.506429 128
0.506437 54783
0.506452 34432
0.506452 84535
0.506455 92258
0.506485 83584
0.506496 86440
0.506505 92324
0.506518 15240
0.506521 68971
0.506535 59700
0.506538 18547
0.506538 6793
0.506552 71851
0.506558 96732
0.506581 7720
0.506582 72206
0.506584 76867
0.506585 39852
0.506596 82224
0.506597 13100
0.506611 28757
0.506611 77261
0.506621 41818
0.506643 18558
0.506648 68498
0.506665 61933
0.50667 2903
0.50668 62979
0.506685 80134
0.506697 3300
0.506701 4598
0.506709 98502
0.506714 57638
0.506715 93766
0.506719 71126
0.506727 9066
0.50673 42469
0.506735 83001
0.506737 13450
0.506739 11450
0.506742 56741
0.506756 84638
0.506767 50680
0.506772 5031
0.506779 9875
0.506794 65051
0.506797 55372
0.506804 70116
0.506809 29352
0.506819 35406
0.506828 85601
0.506839 20129
0.506845 31502
0.506851 22239
0.506874 18625
0.506887 58836
0.506893 56471
0.506898 25932
0.506899 67705
0.506904 293
0.506904 98002
0.506915 57692
0.506924 44105
0.506937 97006
0.506946 50234
0.506971 78971
0.507003 65183
0.507007 41890
0.507007 5384
0.507013 100915
0.507013 66234
0.507024 47150
0.507026 51014
0.50704 60341
0.507041 14034
0.507086 80396
0.50709 75841
0.507098 81370
0.507112 87093
213 193