1 2
430
0.819026 49609
0.819033 99224
0.819067 20205
0.819072 40539
0.819074 36839
0.819074 71224
0.819083 9817
0.819087 87224
0.81909 46719
0.819094 77496
0.819104 95224
0.819134 88936
0.819135 91051
0.819177 92132
0.819191 39443
0.81921 45012
0.819212 8171
0.819226 15841
0.819226 21462
0.819235 27273
0.819239 38719
0.819244 87225
0.81925 28570
0.81925 30151
0.819261 3256
0.819263 89980
0.819289 80185
0.819292 30061
0.819298 6375
0.819314 96727
0.81932 89217
0.819328 80029
0.819332 97985
0.819334 5453
0.819347 36317
0.819371 29540
0.819373 84161
0.819381 11037
0.819385 19430
0.819389 52429
0.81939 52763
0.819406 48971
0.819407 84043
0.819422 14677
0.819445 57484
0.819458 54334
0.819458 77342
0.819461 65752
0.819474 83084
0.819477 25091
0.819478 80954
0.819488 25786
0.819514 5966
0.819523 84634
0.819524 47620
0.819524 72167
0.81955 97673
0.819552 99052
0.819567 18179
0.819567 65310
0.819578 76700
0.819579 30271
0.819584 52886
0.819587 12119
0.819609 28288
0.81961 81867
0.819635 70679
0.819648 20411
0.81965 77861
0.819654 19469
0.81967 69526
0.819676 49479
0.819682 80489
0.819689 83216
0.819699 2784
0.819703 85273
0.819712 18698
0.819733 86319
0.81974 13344
0.819744 6993
0.819825 15648
0.819833 26283
0.819834 66128
0.819876 53722
0.819891 88341
0.819915 4138
0.819921 67766
0.819931 60353
0.819975 9949
0.819988 96347
0.820005 74737
0.820009 12755
0.820015 60385
0.820025 83080
0.820026 58475
0.820045 92833
0.820046 60916
0.820053 52444
0.820056 58764
0.820064 57698
0.820077 84816
0.820088 30875
0.820113 57312
0.820137 39459
0.82014 63661
0.820161 58907
0.820169 89833
0.820202 95817
0.820207 80268
0.820213 26638
0.820228 1095
0.820228 73753
0.820231 70762
0.820238 4319
0.820244 81312
0.820249 83338
0.820265 73102
0.820268 86708
0.820276 93802
0.820294 82452
0.820326 65216
0.820358 33615
0.820366 58683
0.820368 32537
0.82038 31672
0.820389 100701
0.820389 101701
0.82039 16614
0.820397 78620
0.820407 88952
0.82044 98396
0.820475 47233
0.820489 79225
0.820495 39325
0.820498 73366
0.820516 94107
0.820518 72640
0.820562 76679
0.820575 69875
0.820577 87280
0.820584 21268
0.820588 16876
0.820595 70489
0.820607 89062
0.820608 16775
0.820622 31469
0.820637 87470
0.820642 6060
0.820646 18737
0.820652 27510
0.820653 91479
0.820665 49211
0.82067 59756
0.82067 69529
0.820672 77536
0.820687 35690
0.820724 4723
0.82073 14763
0.820745 45140
0.820753 39787
0.820764 21000
0.820776 741
0.820777 35052
0.820792 34406
0.820796 45901
0.820863 72789
0.820869 50456
0.820901 81700
0.82091 47735
0.820922 88653
0.820949 542
0.820961 33015
0.820963 88390
0.820975 53753
0.821007 29165
0.82101 25706
0.821018 20772
0.821037 50954
0.821047 96479
0.821047 97433
0.821054 52304
0.821057 34343
0.821059 61402
0.821073 31911
0.821077 15440
0.821082 39220
0.821083 85098
0.821097 85780
0.821099 24226
0.821106 64994
0.821121 93672
0.821128 51477
0.821134 29728
0.821139 29643
0.821142 56253
0.821155 20569
0.821158 75448
0.821159 83734
0.821166 20908
0.821179 99100
0.821183 85524
0.821186 49148
0.821202 12373
0.82124 51593
0.821242 30992
0.821248 27034
0.821257 20599
0.821257 73696
0.821274 73508
0.821277 3421
0.821282 33162
0.821303 79452
0.821309 82851
0.821323 53146
0.821331 73949
0.82134 57397
0.821343 64786
0.821349 81695
0.821359 19071
0.821364 3653
0.821377 8069
0.82138 24513
0.82138 66831
0.821434 70462
0.821447 23271
0.821449 15151
0.821456 80790
0.821468 10508
0.821473 22834
0.821477 42583
0.821501 65878
0.821501 69462
0.821508 63107
0.821513 37453
0.821532 30736
0.821554 90770
0.821565 86244
0.821588 27299
0.821589 10944
0.821589 99054
0.821601 33825
0.821633 69247
0.82165 1699
0.821653 52562
0.821659 312
0.821675 39176
0.821702 58024
0.821722 99321
0.821724 75573
0.821727 77902
0.821732 26184
0.821733 46970
0.821734 29096
0.821754 15056
0.821758 58276
0.82177 26474
0.821776 40715
0.821792 36565
0.821798 30298
0.821822 25410
0.82183 28424
0.821845 72661
0.821846 94143
0.82185 8530
0.821855 18795
0.821855 63902
0.821858 82113
0.821868 86739
0.821869 37597
0.821869 99336
0.821873 19359
0.821878 3828
0.821882 82462
0.821901 48809
0.821909 12186
0.821912 15213
0.821918 45782
0.821918 69446
0.821962 63530
0.821965 94618
0.822011 46276
0.822023 91906
0.822026 19855
0.822034 37417
0.822035 45464
0.822038 85587
0.82204 21025
0.822046 90578
0.822048 56159
0.822078 61236
0.822086 9487
0.822088 65575
0.822093 66824
0.822105 98300
0.822122 52818
0.822149 2758
0.822152 14024
0.822158 66230
0.822159 1494
0.822169 31753
0.822216 100414
0.822216 101414
0.822216 48591
0.822217 30253
0.822219 65098
0.822247 57520
0.82226 18103
0.82226 26097
0.822269 84812
0.822275 63148
0.822284 79963
0.822303 23714
0.822307 26963
0.822307 43175
0.822336 50483
0.822343 69293
0.822344 35594
0.822358 51450
0.82241 20323
0.822422 8150
0.822431 2586
0.822431 77765
0.822443 59392
0.822443 84941
0.822451 68807
0.822458 21533
0.822463 35387
0.822481 46389
0.82249 12261
0.82249 84049
0.822494 12887
0.822496 29288
0.822502 32308
0.822512 11849
0.822523 48129
0.822526 71634
0.822529 97244
0.822535 96455
0.822542 62106
0.822544 60659
0.822547 22270
0.82257 81840
0.822571 6186
0.82258 62522
0.82259 33886
0.822602 70662
0.822605 80765
0.822624 56560
0.822629 17343
0.822631 1452
0.822631 8939
0.822632 81801
0.822636 28572
0.822639 64803
0.822641 56328
0.822642 43705
0.822646 2681
0.822658 68833
0.822659 82102
0.822667 72743
0.822681 10211
0.822684 43278
0.822689 93754
0.82269 39106
0.822696 15049
0.822731 58592
0.822731 69118
0.822732 19392
0.822736 46280
0.822736 5502
0.822743 76586
0.822749 19645
0.822749 36687
0.822753 13180
0.822793 84406
0.822802 36413
0.822807 99982
0.822813 16422
0.822815 21971
0.822822 54110
0.822823 86239
0.822827 60053
0.822832 92693
0.822843 88877
0.822844 28903
0.822858 68174
0.822876 31653
0.822896 51806
0.822924 85488
0.822925 18660
0.822936 21055
0.822952 69337
0.822954 44978
0.822959 12429
0.822962 68815
0.822967 63714
0.822967 93608
0.822974 85940
0.822982 55550
0.822988 77157
0.822995 75799
0.823013 12933
0.823017 47544
0.823021 88610
0.823035 77628
0.82304 49224
0.823056 99868
0.823059 80547
0.823064 917
0.823077 10851
0.823099 42576
0.823106 79532
0.823116 72248
0.823136 58761
0.823142 20337
0.823144 91194
0.823148 63720
0.823158 26015
0.823159 1881
0.823169 78959
0.823171 75741
0.823177 12582
0.823187 78498
0.8232 83304
0.823205 58857
0.823206 44132
0.823209 45077
0.823213 56977
0.823221 15129
0.823235 33068
199 167