1 2
256
0 0.645722
0.004383 1956
0.008894 2141
0.011563 2048
0.01492 2028
0.015041 2055
0.027529 2021
0.030548 2017
0.030912 2117
0.032399 2149
0.039006 2024
0.039791 2015
0.051059 1983
0.052341 1971
0.056275 2171
0.059901 2147
0.061146 1966
0.068005 1932
0.068428 1995
0.073403 2129
0.074522 2099
0.078287 1982
0.078739 1936
0.079512 1940
0.082659 2128
0.093541 2041
0.098761 2054
0.101358 2004
0.102135 1987
0.103101 1997
0.103113 2010
0.117571 2148
0.122513 2130
0.127327 2118
0.130073 1925
0.135033 2104
0.143335 2119
0.143369 2006
0.146208 1935
0.149171 2068
0.151676 2095
0.161154 2145
0.161325 2051
0.162783 1920
0.165822 2011
0.168951 2029
0.170047 2137
0.171163 2102
0.171818 2123
0.178822 1926
0.188537 1921
0.189628 2003
0.18988 2114
0.200998 2136
0.211568 1977
0.21588 1938
0.221967 1985
0.222627 2022
0.229592 2076
0.229688 2066
0.236053 2056
0.238546 1928
0.250123 2014
0.251443 2081
0.255728 2088
0.256207 1998
0.261219 2138
0.262753 1941
0.270306 2084
0.273231 2161
0.28303 2131
0.292941 2086
0.294606 1944
0.294806 2064
0.295165 2039
0.299812 2162
0.31836 2156
0.319399 2000
0.323545 1953
0.327949 2151
0.328589 1965
0.334143 2121
0.335141 2019
0.336538 2152
0.337443 2007
0.346581 2127
0.351326 1951
0.3537 2046
0.355218 2159
0.356127 1989
0.357459 2016
0.363412 1961
0.366073 2035
0.372593 2132
0.37357 1973
0.376294 1967
0.380368 2103
0.382985 2073
0.385304 2133
0.387811 2134
0.38955 2070
0.390847 2030
0.396093 2067
0.397143 2085
0.400475 2033
0.406245 1974
0.407193 2080
0.412836 1972
0.413943 2089
0.41874 2036
0.420201 2018
0.424834 2094
0.425736 2139
0.430955 1970
0.431701 2027
0.436983 2008
0.437777 2120
0.439706 1969
0.447598 1945
0.451915 2072
0.466845 1934
0.469005 2109
0.47332 2098
0.473597 1943
0.473938 1929
0.490989 2107
0.492383 2025
0.504568 2034
0.505866 1946
0.508767 2059
0.516612 2142
0.521722 2168
0.522295 2093
0.522865 2154
0.527391 2077
0.530213 2091
0.530712 2165
0.536783 2082
0.537477 1980
0.538791 2062
0.5438 2049
0.551356 1991
0.55871 2042
0.561989 1958
0.570465 1942
0.580754 2122
0.582764 2013
0.591439 1950
0.592563 2032
0.595411 2061
0.595926 2169
0.599379 2026
0.614221 2071
0.617371 2037
0.617864 2087
0.619212 2057
0.62337 2083
0.623619 2044
0.625617 2124
0.626654 1922
0.632741 1993
0.64056 2108
0.642186 1959
0.642478 1999
0.653246 2113
0.653564 1930
0.653948 2105
0.653994 1923
0.65554 1933
0.656117 2075
0.656605 2058
0.658865 1994
0.659843 2052
0.663361 2053
0.670543 2031
0.672624 1986
0.674574 2110
0.679054 2009
0.679769 1963
0.691372 1979
0.706095 2074
0.710871 2092
0.711338 2155
0.722201 2096
0.724773 2065
0.72668 1937
0.728156 1954
0.736228 2116
0.739278 1981
0.741482 2002
0.747863 2050
0.748472 1952
0.75185 1949
0.768698 2140
0.771217 2126
0.771898 2078
0.775792 2135
0.77649 2112
0.785718 1975
0.793238 2158
0.797724 2047
0.802583 2153
0.806349 2143
0.806682 1931
0.812755 2115
0.814885 2106
0.823483 1955
0.823548 2101
0.841941 2069
0.843561 2079
0.847921 2167
0.84872 2063
0.850956 2090
0.857882 2164
0.858282 1968
0.861158 1927
0.861669 4127
0.861669 784
0.861854 142
0.862093 1259
0.862977 2157
0.864151 314
0.864259 1079
0.864687 523
0.866209 1480
0.866666 1711
0.867082 2144
0.867735 1227
0.867788 1714
0.868101 1154
0.86848 1119
0.868599 1126
0.869721 1790
0.869798 465
0.870688 1770
0.871381 469
0.871989 1066
0.871994 1076
0.87216 1022
0.872531 1222
0.873277 2001
0.873462 1976
0.873712 808
0.874072 1984
0.874764 1948
0.874824 214
0.87484 1095
0.874843 1504
0.876197 194
0.876322 1602
0.877485 1423
0.878381 2170
0.88051 1618
0.880786 370
0.880799 190
0.88105 2100
2