1 2
378
0.609595 65146
0.609603 74403
0.609605 52472
0.609611 11446
0.609639 8330
0.609646 80194
0.609649 41382
0.609695 35976
0.609708 75608
0.609716 9540
0.609718 5545
0.609725 56951
0.609729 68841
0.60973 7532
0.609735 72188
0.609748 79943
0.609751 33140
0.609759 72134
0.609762 39304
0.609807 37669
0.609849 9643
0.609854 46315
0.609865 26670
0.609885 28894
0.609895 64270
0.609913 14732
0.609926 62931
0.609948 5989
0.609974 25931
0.609975 87640
0.609976 20148
0.609982 10209
0.609983 43841
0.610006 41177
0.610008 51914
0.610009 29729
0.610017 92723
0.610021 6807
0.610058 96968
0.610064 93403
0.610077 36612
0.610078 99602
0.610083 84589
0.610101 65920
0.610105 3457
0.610121 53372
0.610121 86124
0.610141 89831
0.61016 40621
0.610211 53096
0.61022 36286
0.610226 91067
0.610231 90695
0.610242 27852
0.610278 53930
0.610289 61004
0.610297 194
0.610302 17412
0.610307 88525
0.610318 31846
0.610336 26211
0.610338 6701
0.610349 53884
0.61035 60565
0.61036 68479
0.610385 23216
0.610389 62518
0.610401 14142
0.610419 53815
0.610451 21700
0.610456 43160
0.610463 20551
0.610467 53713
0.610471 88333
0.610474 81305
0.610475 90135
0.610482 15764
0.610488 67964
0.610489 11853
0.610496 27031
0.6105 77624
0.610505 2540
0.610507 79186
0.610514 99985
0.610532 56274
0.610539 46739
0.610547 248
0.610564 38898
0.610583 27518
0.610592 8374
0.610603 91449
0.610627 452
0.61064 66822
0.610644 79263
0.610645 45513
0.61065 31634
0.61065 5701
0.610652 28574
0.610676 37851
0.610696 66271
0.610715 16498
0.610721 50841
0.61073 367
0.61075 48501
0.610761 17401
0.610766 66794
0.610777 269
0.61078 48605
0.610782 36526
0.610791 70123
0.610804 2407
0.610817 34013
0.610821 33971
0.610827 87108
0.610835 22163
0.610851 18152
0.610851 38425
0.610853 10072
0.610869 2494
0.610885 93097
0.610894 8527
0.610902 4337
0.610909 88483
0.610911 92953
0.610924 7164
0.610935 31328
0.61094 60655
0.61094 90482
0.610944 13901
0.610948 3845
0.61096 85416
0.610963 97297
0.610983 69315
0.610996 4986
0.610999 95774
0.611001 39699
0.611012 29012
0.611013 95152
0.611033 51911
0.611037 76999
0.611048 97087
0.611052 58247
0.611093 6824
0.611099 25412
0.611123 9170
0.611129 50551
0.611141 96191
0.611159 81177
0.611169 93676
0.611174 97890
0.611176 92981
0.611177 87515
0.611182 39818
0.611188 43414
0.611188 70694
0.611188 82845
0.611192 43545
0.611232 74917
0.611252 62683
0.611253 26953
0.611257 26492
0.611266 96071
0.611268 59103
0.61127 94954
0.611276 14950
0.611294 67119
0.611307 19270
0.611314 16385
0.611325 88018
0.61133 93245
0.611332 12668
0.611342 56724
0.611362 12912
0.611389 29159
0.611406 15474
0.611408 78122
0.611419 3326
0.611442 6203
0.611443 93000
0.611446 58409
0.611447 93090
0.61145 11875
0.611482 53224
0.611482 53695
0.611498 78504
0.611517 90550
0.61152 83900
0.611526 75721
0.611538 16238
0.611538 9510
0.611561 4375
0.611562 10469
0.611565 3663
0.611565 71923
0.611567 23862
0.611569 92286
0.611582 46495
0.611588 20526
0.611596 47051
0.611603 7915
0.61161 78213
0.611619 27858
0.611623 36828
0.611641 21085
0.611646 9640
0.611693 42317
0.611705 33171
0.611713 32692
0.61172 33986
0.611742 16453
0.611742 46785
0.611748 38006
0.611755 28277
0.611759 430
0.611765 43611
0.611784 77443
0.611791 43133
0.6118 23346
0.611812 24926
0.611831 17669
0.61184 49008
0.611842 82449
0.611843 97331
0.611852 62027
0.611856 47936
0.611876 46769
0.611876 52535
0.611879 43149
0.611902 15597
0.61192 36642
0.611921 57341
0.611924 95145
0.611925 12652
0.611938 60819
0.611948 98964
0.611967 31828
0.611974 96997
0.612001 27088
0.61201 52198
0.612022 43685
0.612033 83731
0.612058 62354
0.612068 30577
0.612079 94680
0.612082 29739
0.612122 33869
0.612136 95206
0.612179 97229
0.612218 32726
0.612229 77508
0.612234 50396
0.612243 55438
0.612244 78035
0.612253 56595
0.612262 64456
0.612264 56721
0.612265 9539
0.612267 74825
0.612286 27471
0.61229 73917
0.612292 12094
0.612294 70780
0.612296 50110
0.612296 86144
0.6123 92402
0.612308 71646
0.612314 87136
0.612328 26562
0.612362 76995
0.612369 66830
0.612377 75263
0.612381 48310
0.612386 78251
0.612399 3196
0.612405 30682
0.612411 82245
0.612418 68220
0.61242 66395
0.612434 66290
0.61246 32744
0.61246 49677
0.612465 93100
0.612479 32530
0.612503 17518
0.612523 51117
0.612523 73037
0.612531 78619
0.612542 3679
0.612542 78786
0.612545 41274
0.61255 52079
0.612559 2575
0.612561 87266
0.612571 22658
0.612582 29905
0.612584 90645
0.612593 13772
0.612593 21305
0.612608 32504
0.612618 5277
0.612625 28345
0.612625 54406
0.612631 52283
0.612638 12031
0.612651 45777
0.612656 13208
0.612663 23311
0.612682 10593
0.612685 62294
0.612685 92789
0.612717 66130
0.612731 97113
0.612737 48270
0.612743 78148
0.612748 37935
0.612757 45302
0.612764 30141
0.612768 22369
0.612796 32238
0.612802 45322
0.612806 16070
0.612813 78943
0.612816 80544
0.612826 29392
0.612834 72192
0.612841 89965
0.612842 26210
0.612853 1087
0.612855 12601
0.612864 59211
0.612868 76446
0.612869 70319
0.612878 10615
0.61289 99210
0.612892 17663
0.612912 92846
0.612916 75750
0.612917 50802
0.61297 90091
0.612999 17740
0.613014 18449
0.613014 64091
0.613057 89384
0.613061 42765
0.613081 63584
0.613081 97572
0.613082 3039
0.613141 43244
0.613142 12922
0.613156 75023
0.613156 96243
0.613186 80236
0.613191 81347
0.61322 25654
0.61322 43113
0.613234 90288
0.613234 90322
0.613237 76033
0.613241 61627
0.613257 95945
0.613297 9147
0.613299 25147
0.613306 47779
0.613313 84069
0.613319 69155
0.613354 53261
0.613368 88163
0.61337 54482
0.613377 42115
0.61338 79156
0.613395 74042
0.613401 14931
0.613402 47279
0.613406 27369
0.613408 61299
0.61341 45240
0.613426 43383
0.61343 83602
145 215