1 2
373
0.129489 61899
0.129494 56374
0.129499 98558
0.129508 58380
0.129511 5071
0.129525 19939
0.129537 22167
0.129575 30718
0.129587 4310
0.129587 63546
0.129587 73295
0.129592 81814
0.129594 2959
0.129598 21607
0.1296 68618
0.129605 34522
0.129617 54679
0.129617 83656
0.129636 27192
0.129658 61195
0.129665 51919
0.129666 11464
0.129675 83085
0.129676 57147
0.129696 47585
0.12971 53710
0.12972 89781
0.129726 88730
0.12973 84041
0.129743 61312
0.129759 92032
0.129763 49820
0.129763 59434
0.129768 9731
0.129771 1027
0.129791 82200
0.129792 8221
0.129803 33706
0.129814 27433
0.129814 92684
0.129828 62478
0.129856 70768
0.12986 61814
0.129879 43245
0.129901 492
0.129914 59571
0.129926 84778
0.129933 20477
0.129952 19659
0.129971 23890
0.129979 42683
0.129982 48720
0.129986 94755
0.130004 86397
0.130015 51885
0.130033 10361
0.130049 77028
0.130065 94141
0.130073 1925
0.130093 89067
0.130112 65328
0.130144 148
0.130167 12889
0.130184 100405
0.130188 764
0.130215 20488
0.130215 52328
0.130229 1518
0.130229 56836
0.130231 27532
0.130233 97680
0.13024 61750
0.130242 66265
0.130255 28579
0.130272 100630
0.130294 55825
0.130308 68336
0.130309 40028
0.130369 47898
0.130373 28218
0.130373 36064
0.130392 24068
0.130399 90598
0.13042 24814
0.13042 39529
0.13042 71839
0.130427 14398
0.130427 1637
0.130439 48906
0.130452 60609
0.130454 1419
0.130478 728
0.130481 54107
0.130484 47390
0.130494 93022
0.130501 34965
0.130509 65425
0.130523 35467
0.130535 57002
0.130538 4845
0.130538 70951
0.130542 86268
0.130552 24890
0.130564 26324
0.13057 81219
0.130571 28857
0.13058 67595
0.130581 89853
0.130588 39565
0.130602 18105
0.130608 29316
0.13061 3345
0.130615 67366
0.130616 91064
0.130616 94495
0.130621 44257
0.13063 58132
0.130647 52800
0.130653 17813
0.13066 73485
0.130688 8272
0.130691 56344
0.130698 44252
0.1307 43615
0.130709 3655
0.13073 12572
0.130741 36675
0.130744 47070
0.130744 56907
0.130761 82397
0.130764 21288
0.130766 65945
0.130772 58776
0.130816 25351
0.130817 41124
0.130823 16535
0.130838 73588
0.130842 58403
0.130857 36608
0.130874 49957
0.130892 27442
0.130898 4043
0.130903 9829
0.130905 37782
0.130912 53468
0.130913 62964
0.130918 74876
0.130919 32047
0.130953 40112
0.130968 48147
0.130976 13665
0.13098 50141
0.130993 42287
0.131015 36582
0.131016 51065
0.131021 48000
0.131022 82295
0.131046 8047
0.131067 37228
0.131087 17209
0.131095 88110
0.13111 44736
0.131125 50433
0.131142 46075
0.131148 8993
0.131153 2881
0.131159 44049
0.13116 69442
0.131171 7601
0.131179 83049
0.1312 9522
0.131211 58587
0.131222 26195
0.131244 38650
0.131266 1646
0.131267 24867
0.131271 74948
0.131277 73056
0.131301 97480
0.131303 4971
0.131325 18045
0.131327 55540
0.13133 90327
0.131373 17151
0.131406 94431
0.131414 97256
0.131441 43411
0.131445 22775
0.131458 44439
0.131463 79513
0.131469 65014
0.131469 65604
0.131471 76005
0.131484 26402
0.131488 62109
0.131504 61022
0.131505 18255
0.131511 13705
0.131511 53925
0.131516 1180
0.131517 41588
0.131523 91255
0.131532 35766
0.131543 24994
0.131558 6796
0.131559 13378
0.131566 26288
0.131588 40428
0.131595 95601
0.13161 13321
0.131617 24943
0.131624 52528
0.131629 34589
0.131632 84365
0.131646 8428
0.131653 18069
0.131657 59258
0.131673 14213
0.131673 3555
0.131677 18272
0.131692 321
0.131694 6278
0.131697 68316
0.131703 12173
0.131704 44250
0.131713 66840
0.131717 6656
0.131731 24163
0.131731 41872
0.131746 64140
0.131751 8489
0.131757 87423
0.131762 44127
0.131787 71291
0.131828 73808
0.131841 84781
0.131854 82601
0.131856 55061
0.131869 93103
0.131879 13995
0.13189 26099
0.13189 75120
0.131893 99057
0.131902 28775
0.13192 95747
0.131921 93727
0.131939 20197
0.131964 74652
0.131977 9589
0.131995 44605
0.132003 86571
0.132018 85979
0.132048 89156
0.132067 4114
0.132068 85140
0.132082 37702
0.132085 13230
0.1321 97987
0.1321 98274
0.132112 12122
0.132117 27951
0.132119 13210
0.132147 826
0.132152 68521
0.132152 79286
0.132161 70185
0.132162 34460
0.132168 45293
0.132171 93686
0.132198 94879
0.132213 25075
0.132238 51256
0.132245 20290
0.132245 77560
0.132254 51719
0.132257 84418
0.132266 94570
0.132293 44258
0.132299 30431
0.132317 82872
0.13233 62877
0.13235 95959
0.132354 4182
0.132357 53716
0.132359 435
0.132361 34485
0.132381 48341
0.132383 12931
0.1324 30974
0.132417 781
0.132425 50092
0.132431 42966
0.132435 22602
0.132435 43908
0.132437 28078
0.132458 24235
0.132461 36459
0.132463 12801
0.132481 99506
0.132484 24445
0.132495 84240
0.132501 16465
0.132504 41053
0.132518 82348
0.132525 44476
0.132613 78611
0.132623 18310
0.132623 25430
0.13264 74208
0.132679 11352
0.132679 22392
0.132684 72625
0.132693 41951
0.132694 81749
0.132702 44002
0.132707 21203
0.132712 99105
0.132717 96947
0.132724 5220
0.132732 40091
0.132746 37424
0.132752 60161
0.132752 98052
0.132762 20704
0.132765 89286
0.132804 51587
0.132804 98515
0.132807 24969
0.132844 9578
0.132845 12133
0.132846 22819
0.132854 31218
0.132859 74041
0.132861 34699
0.132864 59544
0.132871 21415
0.132871 42041
0.132877 54439
0.132879 52858
0.132888 2910
0.132895 88700
0.132901 68508
0.132913 81642
0.132919 55300
0.13292 36004
0.132933 43564
0.132934 81507
0.132941 63438
0.132954 14619
0.132963 42203
0.13299 73379
0.132996 77100
0.133 63173
0.133005 43933
0.133005 80324
0.133024 14781
0.133031 27133
0.133032 59006
0.133049 56972
0.133063 71042
0.133067 66922
0.133069 39355
0.13307 48621
0.133072 34155
0.133093 94511
0.133123 95297
0.133128 33965
0.133128 86399
0.133148 636
0.133156 69498
0.133156 92409
0.133177 31561
0.133187 96601
156 174