1 2
390
0.161074 31550
0.16109 76982
0.161093 99905
0.161096 78954
0.1611 38690
0.161106 19147
0.161118 99981
0.16113 2820
0.161131 50959
0.161134 62655
0.161138 76977
0.161154 2145
0.161167 65326
0.161172 16839
0.161177 42009
0.161178 25003
0.161179 25873
0.161183 44012
0.161196 90409
0.161199 25896
0.161204 61082
0.161222 69350
0.161238 84184
0.161252 63256
0.161281 80499
0.161282 13607
0.161283 69609
0.161288 38641
0.161292 24995
0.161293 2669
0.161301 41007
0.161309 88929
0.161314 97064
0.161325 2051
0.161327 89576
0.161332 33504
0.161333 59687
0.161348 79101
0.161355 97865
0.161358 42929
0.161363 34216
0.161365 54928
0.161374 58864
0.161377 809
0.161377 83078
0.161387 70807
0.161406 572
0.161408 50595
0.161409 10764
0.161421 97658
0.161422 17897
0.161422 32990
0.161437 29305
0.161439 53141
0.161449 69076
0.161451 96938
0.161462 37316
0.161473 79282
0.161507 99620
0.161509 34275
0.161511 59321
0.161539 90359
0.161554 88494
0.161561 92213
0.161562 96092
0.161574 83897
0.161585 41129
0.161606 29898
0.161616 4255
0.161628 50183
0.161641 89268
0.161655 95259
0.161664 50682
0.161671 49006
0.161675 27751
0.161679 22052
0.161688 70948
0.161709 97169
0.161716 23131
0.161731 9221
0.161765 1626
0.16178 59868
0.161781 21834
0.161783 71836
0.161804 17889
0.161821 74944
0.161824 72374
0.161828 12091
0.161845 83289
0.161859 46634
0.161878 18289
0.161894 50488
0.161918 58165
0.161922 33428
0.161939 23882
0.16194 3971
0.161941 47085
0.161952 5270
0.161957 55023
0.161998 88510
0.162008 68022
0.162009 15118
0.16201 95392
0.162015 47863
0.16202 68862
0.162034 51618
0.162035 52290
0.162049 13708
0.162057 27094
0.162086 39682
0.162093 47278
0.1621 52204
0.1621 82876
0.162105 99325
0.162116 26058
0.162116 54677
0.162137 24711
0.162138 89685
0.162142 6408
0.162145 15191
0.162168 12221
0.162189 35377
0.162203 50411
0.162205 24048
0.162208 85035
0.16221 11882
0.162217 20450
0.162231 54602
0.162234 61701
0.162237 79738
0.162252 6123
0.162258 78372
0.162263 55666
0.162274 57555
0.162276 55153
0.162288 12731
0.162316 39442
0.162338 92030
0.162381 68733
0.162389 13976
0.162391 93916
0.162393 76017
0.162398 57040
0.16241 25839
0.162415 25485
0.162454 74666
0.162461 23516
0.162491 37057
0.162492 78847
0.162494 48105
0.162502 14014
0.162517 84502
0.162526 89442
0.162532 62435
0.162548 96030
0.162551 94261
0.162552 13760
0.162565 88030
0.162567 93997
0.162573 8109
0.162577 30702
0.162584 93856
0.162599 35580
0.162601 48819
0.162617 12311
0.162648 9629
0.162649 41085
0.162654 70932
0.162671 92224
0.162681 51257
0.162689 49289
0.162689 9165
0.16269 71622
0.162739 10940
0.162757 58952
0.162759 91933
0.162763 13569
0.162763 54919
0.162766 87167
0.162768 51109
0.162775 78400
0.162783 1920
0.162783 51178
0.162791 65905
0.162793 45585
0.162795 57384
0.162795 766
0.162796 6949
0.162801 9033
0.16283 53157
0.162833 21889
0.16284 99591
0.162841 82257
0.162856 61223
0.16286 35352
0.162863 7090
0.162868 84029
0.162879 46351
0.162906 11988
0.162908 22723
0.162932 28997
0.162934 51168
0.162939 29821
0.16295 54238
0.162957 5942
0.162961 71997
0.162963 33433
0.162971 62629
0.162982 32332
0.162986 88840
0.162989 44217
0.16299 77217
0.162992 21590
0.163015 91279
0.163042 80799
0.16307 86563
0.1631 25278
0.163117 61286
0.163123 18102
0.163124 73711
0.163127 40506
0.163143 30028
0.163154 73397
0.163185 36167
0.163189 18912
0.163203 44440
0.163213 77957
0.163221 84693
0.163225 49985
0.163225 53242
0.163232 62356
0.163256 69152
0.163258 94489
0.163278 12359
0.163284 24704
0.16329 16529
0.163297 24546
0.163315 75911
0.163333 70605
0.163334 56903
0.163354 27557
0.163366 6666
0.163371 22426
0.16338 70163
0.16339 31492
0.163392 15620
0.163402 86730
0.163404 80843
0.163412 28222
0.163438 51399
0.163438 75990
0.163439 91960
0.163447 30389
0.163448 7937
0.163469 4715
0.16348 79079
0.163501 4525
0.163506 37638
0.163513 87502
0.163517 43167
0.163524 37648
0.163526 45924
0.163529 66469
0.16353 6584
0.163542 6266
0.163546 20403
0.163554 83551
0.163577 90207
0.163578 18096
0.163587 91474
0.16359 66111
0.163603 88438
0.16361 87749
0.163614 47064
0.16362 73916
0.163622 76376
0.163676 63616
0.163686 22448
0.16372 66547
0.16376 8145
0.163795 4970
0.163796 72628
0.163797 26601
0.163808 59578
0.163846 51079
0.163849 64633
0.16385 34031
0.163855 36831
0.163856 65347
0.163898 51114
0.163934 69302
0.163935 31516
0.163939 67022
0.163941 3774
0.163942 96352
0.163944 14075
0.163946 79763
0.163947 98387
0.163953 8830
0.163957 60247
0.163984 20602
0.164014 50153
0.164022 37695
0.164063 52307
0.164066 42982
0.164073 10377
0.164073 10428
0.164086 86162
0.164104 21660
0.164122 1034
0.16414 69644
0.164164 44767
0.164175 80306
0.164179 3894
0.164228 27158
0.164229 52154
0.164233 96394
0.164237 72412
0.164239 93839
0.16425 28265
0.164275 90642
0.164289 74302
0.16429 24134
0.164291 81290
0.164324 35380
0.164335 49117
0.164337 9303
0.164346 84353
0.164364 48917
0.164369 37966
0.164376 75168
0.164397 21152
0.164397 78181
0.164406 33548
0.164407 57308
0.164434 98059
0.164451 12657
0.164451 42691
0.16446 87042
0.164484 17858
0.164487 53515
0.164496 73978
0.164501 90737
0.164503 88301
0.164503 99250
0.164517 16942
0.164545 53540
0.164555 76637
0.164572 88780
0.164576 38473
0.16458 28079
0.164585 31603
0.164587 24097
0.164596 32926
0.164615 84118
0.164616 54684
0.16462 98376
0.164635 39673
0.164655 24429
0.16467 46542
0.164712 42363
0.164725 92339
0.16473 89381
0.164742 66630
0.164747 696
0.164755 56908
0.164756 79794
0.16477 58643
0.164785 64843
0.1648 31787
0.164805 50016
0.16481 64793
0.164811 91023
0.164814 61374
0.164827 23618
0.164835 58021
0.164839 49798
0.164858 48847
0.164861 55816
0.164886 6586
0.164887 19132
0.164898 61944
0.164907 57530
0.164912 23135
0.164917 10086
0.164917 1181
0.164919 54750
0.164939 94609
0.16495 25644
0.164969 70441
157 190