1 2
398
0.328877 62857
0.328899 76465
0.328929 77423
0.328956 4863
0.328961 20534
0.328962 82325
0.328964 10276
0.328967 86138
0.328978 32160
0.328979 47222
0.328991 63305
0.328994 83106
0.328998 50538
0.329015 67385
0.329015 96575
0.329034 9325
0.329056 79820
0.329074 17161
0.329079 72664
0.329093 62467
0.329106 99093
0.329129 35500
0.329132 87535
0.329141 72055
0.329162 72015
0.329163 22971
0.329177 43778
0.329184 19001
0.329192 92620
0.329195 34266
0.32923 30148
0.329242 10749
0.329249 88363
0.329251 91605
0.329252 82163
0.329268 1196
0.329271 58876
0.329277 96939
0.329316 58879
0.32932 70047
0.329332 5398
0.329335 53911
0.32934 4110
0.329346 79941
0.329362 41166
0.329372 50749
0.329389 80353
0.329396 80190
0.329405 33740
0.329426 23211
0.329455 43967
0.329472 11955
0.329473 52937
0.329473 93246
0.329491 31837
0.329495 9591
0.329547 52740
0.329571 7343
0.329578 62429
0.329579 92852
0.329589 73211
0.32959 49847
0.329606 31072
0.329611 26020
0.329616 29659
0.329628 34084
0.329643 9277
0.329648 47644
0.329663 62019
0.329665 1046
0.329683 56361
0.329683 56964
0.329687 5425
0.329692 3448
0.329694 16192
0.329704 19795
0.329704 81916
0.329707 19954
0.329724 75040
0.329727 86544
0.329747 4879
0.32975 3182
0.329755 50691
0.329771 70511
0.329775 42114
0.329777 91156
0.329807 84327
0.329808 78025
0.329813 34711
0.329821 36101
0.329828 44103
0.329839 21687
0.329854 18917
0.329869 17269
0.329895 75619
0.329901 1587
0.329904 97423
0.329908 91598
0.329939 36965
0.329969 90764
0.32997 52440
0.329994 81667
0.330015 37598
0.330023 25045
0.33003 82837
0.330046 91615
0.330046 94188
0.330066 24885
0.330074 52701
0.330086 73754
0.330107 76789
0.33012 82915
0.330131 58926
0.330133 35053
0.330144 30580
0.330153 12790
0.330156 59709
0.330165 49598
0.330165 6172
0.330171 14668
0.330171 27882
0.330175 73799
0.330186 16974
0.330213 35745
0.330214 99780
0.330234 1412
0.33024 22542
0.330259 61358
0.33026 87194
0.330274 43207
0.330276 72003
0.330278 43914
0.330296 20436
0.330321 97302
0.330369 16163
0.330383 83116
0.330393 61032
0.330394 71702
0.330406 71881
0.330415 94981
0.330418 91367
0.330419 74293
0.330437 82697
0.330454 52258
0.330467 94463
0.330472 55365
0.330482 43218
0.330482 65598
0.330516 60193
0.330524 43803
0.330535 14808
0.330538 3796
0.330568 45725
0.330593 31925
0.330603 3756
0.330603 68417
0.330647 21289
0.330648 79586
0.330648 82950
0.330655 36948
0.330656 6746
0.330662 94372
0.330663 3080
0.330682 18728
0.330692 56667
0.330694 63636
0.330696 61761
0.330699 44841
0.330715 69778
0.330763 93756
0.330768 53215
0.330773 17687
0.330783 33945
0.330798 75196
0.330802 41937
0.330804 64207
0.330807 68091
0.330807 88980
0.330808 9285
0.330811 25469
0.330816 36356
0.330829 28986
0.330867 58884
0.330869 62441
0.330871 76259
0.330884 59425
0.330886 13298
0.330897 78842
0.330921 16458
0.330922 40432
0.330932 41049
0.330945 63754
0.33095 97216
0.330957 67718
0.330969 100109
0.330969 101109
0.330969 60278
0.330979 60184
0.330982 93107
0.330987 35391
0.330989 37484
0.330997 7055
0.331001 27759
0.33101 75543
0.331019 21072
0.331019 95126
0.33102 55460
0.331021 76985
0.331038 40584
0.331041 14555
0.331048 10609
0.331049 65708
0.331053 77516
0.331058 88820
0.331077 76448
0.331095 27524
0.331125 71391
0.331127 94725
0.331163 96738
0.331165 52667
0.3312 49253
0.331206 6969
0.331211 58346
0.331211 79970
0.331212 65503
0.331223 34042
0.331224 12909
0.331231 25138
0.331234 1748
0.331242 84572
0.331255 785
0.331271 13902
0.331276 14384
0.331276 87775
0.331284 34681
0.331284 70238
0.331293 32734
0.331293 3466
0.331302 51191
0.331335 25795
0.331349 91619
0.331361 66672
0.331366 1327
0.33137 42302
0.331377 27186
0.33138 92523
0.331381 19335
0.331386 50866
0.331387 45878
0.331388 5914
0.331388 86285
0.331391 21982
0.331395 96027
0.331411 55714
0.331422 83330
0.331424 7574
0.331477 34537
0.331488 65261
0.331494 40770
0.331505 50627
0.331533 14207
0.331553 300
0.331553 6546
0.331575 25829
0.331623 62520
0.331645 14508
0.331646 59674
0.331653 34953
0.331654 49346
0.331659 34721
0.331677 46153
0.331684 2627
0.331684 51332
0.331687 76521
0.331699 31028
0.33175 27108
0.331753 39387
0.331759 41048
0.331765 43926
0.331769 44092
0.33177 13039
0.33178 9352
0.331781 63169
0.331783 6068
0.331786 14640
0.331805 41479
0.331814 85651
0.331817 42191
0.331818 52284
0.331838 47255
0.331841 86455
0.331865 39426
0.331874 90994
0.331893 71880
0.331903 14454
0.331908 55238
0.331916 51834
0.331926 62977
0.331933 76109
0.331936 11385
0.331974 52527
0.331976 70321
0.331978 19958
0.331998 25213
0.332012 80434
0.332016 68743
0.332019 3917
0.332023 54915
0.332026 95244
0.332038 93604
0.33205 1379
0.33205 16365
0.332059 93472
0.332072 36406
0.332083 49524
0.332088 49858
0.33211 9697
0.332111 98237
0.332115 77487
0.332119 55345
0.332126 61274
0.332142 70009
0.332149 17692
0.332153 14451
0.332173 53614
0.332178 24414
0.332178 35772
0.332189 86478
0.332203 44011
0.332205 74478
0.33221 45935
0.332237 67703
0.33227 3076
0.332275 29978
0.332283 82070
0.332283 90705
0.332293 78586
0.332294 91512
0.332304 6431
0.332325 10827
0.332332 100114
0.332332 101114
0.332334 53079
0.332342 79057
0.332345 9199
0.332358 8674
0.332364 45947
0.332424 64343
0.332427 82181
0.33244 85132
0.332443 1294
0.332448 88865
0.332459 71976
0.33246 34046
0.33246 7703
0.332468 69469
0.332477 12166
0.332524 47153
0.332538 35465
0.332548 714
0.332556 5033
0.332564 92745
0.332583 19153
0.332591 58805
0.332592 67359
0.332596 58203
0.332603 41158
0.332606 22949
0.332626 8321
0.33264 67494
0.332664 2711
0.332665 17772
0.332694 46305
0.332708 69605
0.332716 18281
0.332734 49821
0.332745 23467
0.332758 97755
0.332762 49155
0.332783 31033
0.332788 44345
0.332797 41514
0.332807 38517
0.332815 63900
0.332819 86667
0.332824 52181
0.33283 26875
0.332831 66472
0.332834 77709
0.332841 6526
0.332847 13790
0.332873 32563
0.332892 86157
0.332906 76366
0.332912 87377
0.332915 39210
0.332917 19317
0.332932 39445
182 169