1 2
369
0.437651 65972
0.437665 29937
0.437665 96505
0.437674 21878
0.437676 31778
0.437676 9488
0.437696 63718
0.437701 79339
0.437704 49145
0.437724 21624
0.437725 56974
0.437738 31645
0.437748 85232
0.437752 1010
0.437765 37768
0.437777 2120
0.437782 38026
0.437786 19520
0.437786 33697
0.437792 16168
0.437797 12028
0.437797 90557
0.437805 32658
0.43782 53414
0.437822 34151
0.437822 71017
0.437851 19802
0.43786 93303
0.437867 38358
0.437877 19728
0.43788 95500
0.437896 75386
0.437908 54587
0.437914 75844
0.437917 39516
0.437947 87677
0.437975 1012
0.437975 49042
0.438013 58625
0.438017 96130
0.438019 56309
0.438054 14161
0.438054 51827
0.438057 56065
0.438061 56346
0.438104 41316
0.438111 33268
0.438118 49431
0.438133 14810
0.438141 39686
0.438147 55444
0.438196 14944
0.438221 9370
0.438223 14371
0.438224 32688
0.438231 58842
0.438244 21606
0.438262 71564
0.438266 26781
0.438266 52805
0.438276 6423
0.43829 62923
0.438293 60476
0.438295 86795
0.438297 28163
0.438299 67445
0.438311 38685
0.438311 73827
0.438312 73528
0.438314 40767
0.438318 51056
0.438322 92650
0.438331 60112
0.438333 78089
0.438358 99625
0.43836 68652
0.438398 64237
0.43841 535
0.438411 6927
0.438416 61013
0.438416 7907
0.438418 8481
0.438424 71027
0.438433 70155
0.438441 22023
0.438457 8461
0.438482 66051
0.438496 100597
0.438502 19377
0.438502 49319
0.438508 80993
0.438558 85343
0.438561 26338
0.438561 93905
0.438579 38173
0.438584 35386
0.438591 85177
0.438594 78415
0.438612 38450
0.438624 55616
0.438648 10348
0.438667 34489
0.438672 14794
0.438687 21465
0.438721 50208
0.438734 77510
0.438752 41999
0.438764 40385
0.438765 73282
0.43877 34751
0.438804 82912
0.438813 71380
0.43886 16474
0.43886 78516
0.438865 86741
0.438888 39463
0.438938 66500
0.438944 58101
0.438948 71652
0.438954 37977
0.438957 28155
0.438965 20489
0.438969 16987
0.438979 85533
0.438981 16052
0.438984 97350
0.438986 36766
0.438987 84190
0.438994 21637
0.438999 21525
0.439 98612
0.439019 90769
0.439039 24810
0.439039 65524
0.439041 100927
0.439064 17923
0.439069 31259
0.439076 74333
0.439078 13101
0.439101 63167
0.439102 60934
0.439127 19584
0.439133 83307
0.439139 97689
0.439144 71415
0.439151 28005
0.439152 67315
0.439156 87445
0.439157 77397
0.439179 36087
0.439207 59737
0.439235 50771
0.439247 24974
0.439247 99703
0.439259 68356
0.439275 87591
0.439284 74263
0.439297 30901
0.439308 70142
0.439313 84139
0.439315 41331
0.439331 57379
0.439338 9707
0.439342 88303
0.439353 36644
0.439386 18348
0.439402 86120
0.439429 22939
0.439439 32636
0.439465 61052
0.43948 56069
0.439483 55337
0.439486 39523
0.439506 72851
0.439509 48199
0.439532 1188
0.439533 19996
0.439557 19638
0.439572 39817
0.439578 42897
0.439591 90541
0.439595 9163
0.439649 17309
0.439684 84958
0.439685 51984
0.439696 6847
0.439705 57655
0.439706 1969
0.439707 37336
0.439708 22144
0.439709 58779
0.439721 58353
0.43974 60166
0.439751 92622
0.439756 44598
0.439762 2778
0.439762 52648
0.439771 5202
0.439773 79109
0.439781 87104
0.439789 34880
0.439793 10682
0.439803 54256
0.439808 29601
0.439812 40050
0.439813 12339
0.439813 79625
0.439817 19931
0.439817 54185
0.439832 66503
0.439843 16703
0.439847 99112
0.439861 77429
0.43987 7959
0.439876 73600
0.439879 36826
0.439891 91501
0.439908 45943
0.43992 15133
0.43992 69275
0.439921 67760
0.439933 98049
0.439944 52897
0.439961 94730
0.43997 13714
0.439972 7369
0.439983 31557
0.439987 62011
0.439991 38661
0.439998 3329
0.439999 67638
0.440007 99424
0.440009 33988
0.440014 89895
0.440019 28373
0.44002 53538
0.440021 10553
0.44004 30062
0.440044 31342
0.440064 92613
0.440067 21737
0.440069 26482
0.440085 88408
0.440101 29170
0.440105 44244
0.440123 20173
0.440144 84727
0.440158 29889
0.440165 50710
0.440189 48829
0.440199 59437
0.440203 11564
0.440221 26861
0.440223 91642
0.440225 14084
0.440237 27907
0.440242 67398
0.440251 75550
0.440255 16603
0.44026 11004
0.440269 2647
0.440285 59834
0.440297 14518
0.440304 13682
0.440313 33415
0.44032 52656
0.440342 66307
0.440364 63520
0.440383 36669
0.440387 76826
0.440393 53082
0.440414 71474
0.440419 73159
0.440428 32784
0.440454 20901
0.440455 29385
0.440463 66849
0.440464 84077
0.440465 2632
0.440467 13291
0.440476 56412
0.440477 14723
0.440483 18223
0.440485 71835
0.440511 634
0.44053 42496
0.44053 7751
0.440531 10726
0.440539 93962
0.440547 29322
0.440551 19867
0.440578 83068
0.440581 37867
0.440584 19859
0.440591 61327
0.440593 98008
0.440611 81410
0.440622 100021
0.440633 63443
0.440657 70859
0.440666 19697
0.440676 91424
0.440678 15456
0.440685 99529
0.440689 99403
0.440696 35200
0.440696 8070
0.440707 19101
0.440711 65407
0.440712 83366
0.440734 59144
0.440735 89875
0.440748 16582
0.440756 87821
0.440767 10685
0.440769 3606
0.440864 44370
0.440864 59293
0.440875 23442
0.440893 66410
0.440894 72031
0.440901 92496
0.440905 20288
0.440905 77717
0.440914 8478
0.440919 57094
0.440919 6710
0.440925 12938
0.440925 40729
0.440938 90
0.440944 43147
0.440948 17814
0.440949 15327
0.440976 17935
0.441007 71091
0.441018 97584
0.441023 38844
0.441023 71382
0.441028 67816
0.44103 33006
0.441032 89349
0.441033 3035
0.441044 13249
0.441061 51284
0.441077 17254
0.441078 89527
0.441093 52186
0.441098 26679
0.441133 18339
0.441133 54158
0.441141 96714
0.441157 40090
0.441197 3534
0.441208 39073
0.441228 91355
0.441248 36070
0.441249 49016
0.441268 55376
0.441272 98275
0.441291 1002
0.441303 93778
0.441308 57587
0.441322 8900
0.441323 51699
0.441339 59825
0.441341 40303
0.441362 71229
0.441368 55654
0.441369 51674
210 206