1 2
383
0.003827 3516
0.003833 2719
0.003849 930
0.003872 8568
0.003886 26404
0.0039 324
0.003906 17033
0.003908 22357
0.003912 73185
0.003931 9419
0.003949 45706
0.003953 10237
0.00396 12519
0.003965 65189
0.003971 28546
0.003972 4903
0.003973 16586
0.003983 78731
0.003984 15069
0.003989 61300
0.003995 77095
0.004005 88264
0.004007 56706
0.004011 21711
0.004011 73139
0.004016 32031
0.004035 47232
0.004036 75864
0.004044 43314
0.004057 83664
0.004062 41621
0.00407 72333
0.00407 83211
0.004077 4704
0.004078 85384
0.004084 42346
0.004092 83303
0.004098 40318
0.004111 64442
0.004123 9525
0.004126 53822
0.004126 78843
0.004128 16023
0.004131 36657
0.004143 92680
0.00415 53859
0.004159 70907
0.00416 3775
0.004166 45427
0.004169 2983
0.004173 3320
0.004179 2502
0.004185 80654
0.004189 71693
0.004194 52310
0.004196 29911
0.004202 9417
0.004204 52135
0.00421 12414
0.004256 16504
0.004256 48519
0.00428 92440
0.004292 63108
0.004308 50176
0.004308 89223
0.004315 55745
0.004319 21534
0.00432 63735
0.004342 56692
0.004343 84063
0.004351 49104
0.004353 23539
0.004357 65981
0.00436 13059
0.004367 59057
0.004368 37614
0.004375 3903
0.00438 21931
0.004382 27018
0.004383 1956
0.00441 82973
0.004433 7016
0.004443 74875
0.004447 70899
0.004447 96851
0.004457 81325
0.00446 48538
0.004483 93763
0.004502 49161
0.004518 56163
0.004521 22355
0.004549 47132
0.00455 87958
0.004567 14998
0.004569 72633
0.004573 81080
0.004575 32370
0.004575 37560
0.004582 64805
0.004591 17327
0.004599 90948
0.004618 15812
0.004638 54526
0.004653 61531
0.004682 99759
0.004695 53221
0.004702 56838
0.004716 7458
0.004718 15543
0.00472 53714
0.004735 2789
0.004756 93964
0.00477 46237
0.004781 78136
0.004784 51155
0.004796 5142
0.004797 55536
0.004812 78351
0.004814 16604
0.004834 13135
0.004835 30335
0.00484 28797
0.00484 81672
0.004842 15126
0.004844 7340
0.004845 7542
0.004846 46205
0.004851 78188
0.004852 96750
0.004856 11353
0.004878 7726
0.004883 27126
0.004887 13843
0.004888 70942
0.004903 11204
0.004909 19956
0.004909 81719
0.004928 31666
0.004944 31710
0.004946 91938
0.004949 5694
0.00495 70264
0.004964 19261
0.004966 76371
0.004971 66192
0.004978 25297
0.004983 74601
0.004985 64703
0.004998 91796
0.004998 94422
0.005016 53326
0.005018 64256
0.005061 56748
0.005072 84945
0.005073 75453
0.005081 30393
0.005092 11609
0.005096 38290
0.005103 36011
0.005106 98040
0.005111 60856
0.005146 23774
0.005168 17132
0.005173 41895
0.005197 40572
0.0052 87023
0.005217 87539
0.005222 7815
0.00524 50173
0.005244 83849
0.005267 3214
0.00527 18271
0.005273 76530
0.005282 58626
0.005283 50790
0.00531 24607
0.00533 12468
0.00533 45611
0.005334 25409
0.005334 56829
0.005338 50093
0.005385 85987
0.005389 31240
0.00539 34883
0.0054 95852
0.005403 96443
0.005404 63325
0.005423 24050
0.005426 5845
0.005448 96496
0.00546 54893
0.005469 69079
0.005477 4595
0.005488 28849
0.005505 13641
0.005511 37394
0.005545 59249
0.005545 60993
0.005548 83725
0.005564 17756
0.00557 72100
0.005598 12127
0.005601 46126
0.005607 14305
0.005609 65774
0.00563 71619
0.005648 20313
0.005654 48332
0.005668 78068
0.005668 81172
0.005669 1361
0.005669 14258
0.00568 62885
0.005681 13835
0.005688 84409
0.0057 92683
0.005705 97664
0.005724 96660
0.005735 60802
0.005743 35569
0.005749 24321
0.005749 73384
0.005754 2830
0.005765 40400
0.005767 35330
0.005774 74297
0.005776 9144
0.005788 81849
0.005789 11890
0.005797 7439
0.005799 39410
0.005801 48254
0.005801 74428
0.005804 79163
0.005806 30792
0.005806 61020
0.005808 28589
0.005816 32851
0.005834 27119
0.00584 27514
0.005844 1130
0.005866 98813
0.005875 73355
0.005877 10983
0.005878 40083
0.005881 54336
0.005881 9580
0.005883 46544
0.005884 67923
0.005887 29174
0.005908 59913
0.005916 8781
0.005921 59550
0.005934 79098
0.005936 42884
0.005942 36265
0.005945 74411
0.005953 66279
0.005962 75098
0.005965 62739
0.005985 4973
0.005994 43560
0.005998 36607
0.006027 25000
0.006032 61269
0.006043 77642
0.006054 311
0.006089 75433
0.006095 20619
0.0061 35495
0.006105 5872
0.006116 59492
0.006154 96689
0.006163 16713
0.006183 9675
0.006198 20071
0.006207 46745
0.006225 67444
0.006233 97459
0.00624 56891
0.006251 34827
0.006252 35667
0.006257 89082
0.006262 84777
0.006263 97899
0.006276 88172
0.006289 63702
0.006298 62781
0.006299 36583
0.006357 44053
0.006362 36651
0.006378 21380
0.006385 34286
0.006412 6133
0.006416 51268
0.006428 55041
0.006448 22238
0.006453 53938
0.006456 89045
0.006473 32711
0.006482 70712
0.006504 20162
0.006507 34884
0.006509 13567
0.006528 21343
0.006528 89804
0.006533 91497
0.006536 13504
0.00654 81850
0.006543 64085
0.006557 39506
0.006562 63347
0.006581 66334
0.006584 41415
0.006595 11001
0.006599 51011
0.006611 16718
0.006613 69338
0.006618 6037
0.006643 56684
0.006644 5650
0.006653 36478
0.006661 73709
0.006671 48741
0.006691 9758
0.006702 82346
0.006726 26905
0.006755 55731
0.006756 96111
0.006764 50423
0.00677 8299
0.00678 82099
0.006781 96913
0.006804 45291
0.00682 49416
0.006829 85976
0.006836 86693
0.006837 92616
0.006847 898
0.006863 75351
0.006875 38095
0.0069 24830
0.006904 32148
0.006914 50274
0.006917 50540
0.00692 70584
0.006921 75413
0.006923 55525
0.006923 91661
0.006932 51200
0.006938 80619
0.006946 61948
0.006958 85388
0.006962 40212
0.006978 57213
0.006985 45067
0.007008 64335
0.00702 5835
0.007021 60294
0.007029 57248
0.007032 15974
0.007047 34494
0.007054 65448
0.007067 18361
0.007072 14096
0.007072 68531
0.007077 28926
0.007082 39723
0.00709 16937
0.007092 69715
0.007102 63787
0.007106 57503
0.007127 98437
0.007135 69362
0.007142 40139
0.007143 40285
0.007152 22428
0.00716 836
0.007166 29685
0.007178 86559
0.00718 36962
0.007198 3363
0.007204 34065
214 170