1 2
375
0.532946 60722
0.532952 80668
0.532954 10456
0.532956 28195
0.532971 69745
0.532991 95055
0.533007 69712
0.53302 81417
0.533021 55286
0.533033 2994
0.533033 52501
0.53306 93807
0.533075 46989
0.533077 51783
0.533089 54540
0.533118 1544
0.533135 5498
0.533151 86456
0.533179 36544
0.533183 65510
0.533186 28143
0.533206 5729
0.53321 34444
0.533216 28594
0.53322 41839
0.53324 19737
0.533253 44389
0.533264 98339
0.533265 16112
0.533299 33146
0.533317 71242
0.53334 54397
0.53336 70058
0.533377 8118
0.533379 46391
0.53338 11145
0.533392 11384
0.533393 28127
0.533394 28316
0.533398 98718
0.5334 90864
0.533406 69546
0.533428 20217
0.533442 16339
0.533459 44535
0.533485 82969
0.533492 43086
0.533492 45242
0.533493 13006
0.533505 10203
0.533524 3296
0.533536 8363
0.533568 34797
0.533577 75055
0.533587 89626
0.533613 35567
0.533615 61782
0.533617 8
0.533621 23977
0.533626 61002
0.533631 72905
0.533638 63945
0.533642 4469
0.533647 23874
0.53365 29777
0.533672 78473
0.533674 8724
0.533677 73713
0.533679 16953
0.533681 36326
0.533689 18347
0.533701 30619
0.533705 13478
0.533705 4590
0.533712 96713
0.533714 26553
0.533725 2428
0.53373 56120
0.533732 35572
0.533738 39666
0.53376 88554
0.533761 43416
0.533769 75320
0.53377 1820
0.533786 58495
0.533815 4753
0.533837 92986
0.533898 73670
0.533905 96167
0.533911 25759
0.533919 92518
0.533938 37135
0.533944 31073
0.533953 71014
0.533967 93838
0.534005 59325
0.534009 48607
0.534012 67946
0.534023 51673
0.534026 85650
0.534044 82550
0.534066 99786
0.534086 79133
0.534086 85183
0.534103 80482
0.534111 67600
0.534116 75408
0.534137 78881
0.534153 74068
0.534194 22628
0.534194 47344
0.534196 64812
0.534209 46943
0.534225 65117
0.534251 44407
0.534253 54973
0.53428 89860
0.534306 48093
0.534308 11998
0.53431 98244
0.534335 81688
0.534366 60691
0.534372 91211
0.534374 66607
0.534387 16519
0.534389 40565
0.534394 26956
0.534394 90798
0.534397 66629
0.534404 87603
0.53442 10646
0.534438 35034
0.534462 28907
0.534466 81104
0.534478 58815
0.534484 95650
0.534489 73365
0.534499 47302
0.534515 25928
0.53453 54311
0.534544 16990
0.53455 70239
0.534562 61217
0.534564 63695
0.534572 13683
0.534572 5617
0.534573 59936
0.534613 99078
0.534617 4675
0.534622 63758
0.534636 89281
0.534636 93275
0.534644 90664
0.53465 42156
0.534654 16252
0.534654 92714
0.534671 64756
0.534683 32394
0.534684 56487
0.53471 76496
0.534726 25076
0.534743 99688
0.534747 52514
0.534765 69290
0.53478 40541
0.534791 79681
0.534801 34392
0.534829 54509
0.534851 18939
0.534851 23412
0.534869 14206
0.534871 81552
0.534874 92405
0.534876 98853
0.534881 37504
0.534892 42459
0.534919 88798
0.534933 61428
0.534939 22256
0.534942 82459
0.534952 58839
0.534956 31487
0.534958 64759
0.534969 81123
0.534971 93050
0.53498 15638
0.534983 11191
0.534988 73383
0.534992 45465
0.534993 94331
0.535002 9137
0.53501 36191
0.535013 44468
0.535032 67160
0.535042 7419
0.535058 93203
0.535068 60334
0.535068 79617
0.535075 21835
0.53508 55509
0.535084 32147
0.535086 39079
0.535092 24175
0.535124 74848
0.535136 78360
0.535154 8499
0.535167 43670
0.535181 41126
0.535189 1112
0.535208 13295
0.535214 30758
0.535218 78682
0.535222 7752
0.535232 11490
0.535243 37271
0.535256 65049
0.535263 53296
0.53527 20019
0.535271 79688
0.535279 11449
0.535281 87407
0.535285 7636
0.535297 6306
0.535298 32852
0.53531 44437
0.535316 43804
0.535327 92092
0.535335 71455
0.535342 80586
0.535355 31506
0.535377 64435
0.535386 9269
0.535425 86365
0.535441 15063
0.535445 90887
0.535455 48292
0.535481 14975
0.535487 6416
0.535499 28267
0.535511 34781
0.535516 77238
0.535516 96643
0.535522 3461
0.535528 18023
0.535538 17467
0.535544 73400
0.535551 99842
0.535555 91888
0.535563 72357
0.535568 63050
0.535573 54504
0.535595 80680
0.535604 26958
0.535605 19854
0.53561 40367
0.535617 38754
0.535621 63366
0.535635 96899
0.535658 27374
0.535658 33356
0.535672 22114
0.535675 46878
0.53568 94473
0.535681 10742
0.535687 62682
0.535701 11926
0.535722 49139
0.53575 12110
0.53577 86716
0.535782 51505
0.535809 8164
0.535815 41663
0.535815 72662
0.535868 15976
0.535876 9894
0.535882 60423
0.535883 75874
0.535889 4682
0.535899 11038
0.535903 36445
0.535909 71486
0.535915 94340
0.535918 90104
0.535967 86542
0.535997 48590
0.536015 76289
0.536029 69898
0.536049 17216
0.536074 17926
0.536076 56353
0.536078 85996
0.536086 41276
0.536106 68737
0.536108 44688
0.536117 27990
0.536127 7869
0.536132 64308
0.536154 62888
0.536177 71893
0.53618 18294
0.536195 21996
0.536216 36615
0.536238 78963
0.536241 35662
0.53625 15281
0.536251 86337
0.536282 15253
0.536291 24517
0.536293 77698
0.536298 17317
0.536302 85254
0.536321 4701
0.536338 96613
0.536357 19793
0.53636 75188
0.536371 4840
0.53639 13250
0.536391 63831
0.536398 27610
0.536406 92279
0.536437 22596
0.53646 23043
0.53647 20601
0.536485 84550
0.536494 47338
0.536552 85017
0.536552 93027
0.536553 31040
0.536556 24966
0.536558 55468
0.536559 50379
0.536579 85410
0.53658 79659
0.536586 52187
0.536594 89612
0.536597 12156
0.536599 5602
0.53661 12779
0.53664 40073
0.536643 88998
0.536652 8147
0.536663 18477
0.536663 24965
0.536671 28581
0.536674 36924
0.536683 92758
0.536688 45193
0.536706 57773
0.536708 84844
0.536712 29527
0.536717 40059
0.536718 253
0.536718 60409
0.536726 60045
0.536729 88349
0.536773 90922
0.53678 29875
0.536783 2082
0.536793 45452
0.536811 99870
0.536834 42841
0.536843 91817
0.536867 1517
0.536869 18860
0.536874 43098
0.536874 71367
0.53688 73656
0.536883 29242
0.536887 6972
0.536921 94739
0.536924 50145
0.536928 19015
0.536933 3652
0.536952 54588
0.536957 681
179 227