1 2
364
0.759993 20672
0.759995 33251
0.76 97078
0.760001 87216
0.760007 47772
0.760008 38834
0.760008 77741
0.760014 15108
0.760029 37965
0.760029 91942
0.760042 18353
0.760049 22374
0.760054 84366
0.760056 44080
0.760078 59729
0.760102 48051
0.760105 17051
0.760114 32564
0.760135 39967
0.760138 33303
0.760138 58349
0.760146 10198
0.760146 46784
0.76016 20406
0.760172 25777
0.760173 2223
0.760188 60066
0.760199 11295
0.760231 51787
0.760236 67981
0.760258 62127
0.760279 73229
0.760283 74885
0.760287 83065
0.760316 4861
0.760325 90870
0.760341 25175
0.76035 51602
0.760356 84162
0.760371 85901
0.760378 3622
0.760381 85545
0.760387 50728
0.760397 94835
0.7604 71878
0.760402 36426
0.760418 52536
0.760418 60869
0.760422 7317
0.760425 65633
0.760429 29596
0.760429 89738
0.760432 39036
0.760457 96126
0.760462 74311
0.760462 77860
0.760469 83450
0.760488 100676
0.760493 100483
0.760506 92944
0.760507 31513
0.760513 26899
0.76052 73398
0.760524 13293
0.760547 46472
0.760562 87803
0.760564 57660
0.760582 27766
0.760601 41548
0.76061 61878
0.760614 79535
0.760617 503
0.760617 62378
0.760637 78041
0.760643 15247
0.760667 19790
0.760676 11896
0.760679 12487
0.76069 26556
0.760724 48388
0.760739 59274
0.760772 72882
0.760783 31816
0.760795 55962
0.760798 718
0.760808 5048
0.760817 6785
0.760847 100478
0.76086 60883
0.760881 8747
0.76089 97132
0.760892 74260
0.760919 20703
0.760957 67942
0.760957 72220
0.76096 25090
0.760965 93656
0.760972 14552
0.760979 95336
0.760982 31199
0.760986 28403
0.761 9093
0.761001 16630
0.761005 33978
0.761035 12408
0.76104 35543
0.761048 9024
0.761058 73492
0.761061 24461
0.761071 42670
0.761093 12131
0.761095 69074
0.761096 47907
0.761098 45124
0.761106 57110
0.761128 27333
0.761135 77225
0.761141 89731
0.761142 31735
0.761152 10848
0.761158 97065
0.76116 27308
0.761169 35195
0.761179 28311
0.761201 45316
0.761202 86574
0.76121 80603
0.761213 82267
0.761224 99130
0.761228 60358
0.761228 88229
0.761243 90883
0.761267 29995
0.761269 91240
0.761274 60787
0.761297 24485
0.761308 29447
0.761314 100008
0.761318 78138
0.761329 31630
0.761336 9324
0.761355 76429
0.76137 67578
0.76138 64745
0.761389 100912
0.76139 45516
0.76139 72375
0.761395 4876
0.761407 20061
0.761414 70104
0.761418 50225
0.76143 17404
0.761431 28223
0.761434 70638
0.761438 42150
0.761443 48978
0.761444 87774
0.761452 43473
0.761455 29429
0.761455 30085
0.761461 40899
0.761469 99660
0.761474 6669
0.761485 31223
0.761487 96372
0.761497 72341
0.761506 15774
0.761532 96430
0.76154 22445
0.761545 65295
0.761551 18750
0.761559 26433
0.761569 20331
0.761579 56807
0.76159 74650
0.761592 93402
0.761621 75244
0.761622 69775
0.761643 34810
0.761651 86636
0.761675 30008
0.761681 81733
0.761682 96129
0.761698 89002
0.761746 94902
0.761748 46291
0.761757 21712
0.761783 17568
0.761797 22331
0.761804 10083
0.761806 48326
0.761811 49083
0.761817 5528
0.761824 91180
0.761826 79796
0.761836 59848
0.761846 28220
0.761846 50167
0.761869 50464
0.761872 70274
0.761883 11551
0.761884 82561
0.761908 94561
0.761914 87384
0.761915 76432
0.761918 100082
0.761919 45722
0.76194 54399
0.761951 32298
0.761956 22803
0.76197 79747
0.76198 17930
0.761981 7840
0.761995 99051
0.762001 71186
0.762004 75986
0.762011 80334
0.762012 62015
0.762032 38402
0.762041 58274
0.762056 76183
0.76206 23259
0.762076 45072
0.762087 63742
0.762088 77825
0.762094 29669
0.762103 88647
0.762119 13404
0.762119 36214
0.762121 1263
0.762136 1167
0.762136 59785
0.762139 48260
0.762144 9725
0.762145 24126
0.762159 36591
0.762164 60776
0.762168 96045
0.762175 84303
0.762205 10662
0.762214 42141
0.762231 48172
0.762242 97571
0.762268 637
0.76227 53558
0.762276 84656
0.762276 87917
0.762287 20670
0.762303 47885
0.762314 77665
0.762316 92989
0.762324 28117
0.762328 68263
0.762333 69495
0.762337 42020
0.762341 16978
0.762356 47771
0.762362 61610
0.762363 29515
0.762364 13106
0.762369 57117
0.762389 60986
0.762397 16499
0.7624 55677
0.762435 48939
0.762444 77264
0.762445 49007
0.76245 10323
0.762465 4649
0.762467 74994
0.762506 36447
0.762506 65656
0.762521 85136
0.762527 1314
0.762535 29799
0.762536 36957
0.76254 23902
0.762554 67133
0.76256 31172
0.762578 51989
0.762579 5289
0.762593 23172
0.762618 23164
0.762618 63013
0.762627 69341
0.76263 58352
0.762634 94666
0.76266 14362
0.762673 44111
0.762678 82496
0.762681 86026
0.762692 100334
0.7627 55306
0.762702 97093
0.762703 50850
0.762726 94491
0.762727 38313
0.762747 19575
0.762752 74636
0.762768 29503
0.76277 52816
0.762779 74317
0.762782 84082
0.762801 59419
0.762817 5347
0.762819 68641
0.762824 61048
0.762825 11757
0.762825 94423
0.762833 58678
0.762838 13949
0.762848 37667
0.762855 6934
0.762866 57334
0.762867 30838
0.762867 66078
0.762876 63730
0.762876 68013
0.762885 6106
0.762885 62932
0.762895 76535
0.762899 61462
0.7629 17804
0.762905 9950
0.762915 47217
0.762919 18479
0.762921 10905
0.762921 8924
0.762936 38584
0.762958 68210
0.762962 48255
0.762962 59224
0.762963 10118
0.762971 6621
0.762971 66929
0.762985 77909
0.762994 12231
0.763006 81003
0.763016 75761
0.763019 61126
0.763023 8302
0.763027 35893
0.763036 71191
0.763037 89978
0.76305 12407
0.763071 32375
0.763086 100696
0.763102 24835
0.763106 29815
0.76312 18656
0.763121 16899
0.763136 31694
0.763137 80846
0.763137 86075
0.763149 47633
0.763183 79050
0.763185 27802
0.76319 91552
0.763196 23245
0.763209 88049
0.763212 48704
0.763234 47726
0.76326 35177
0.763261 81723
191 233