1 2
392
0.640154 56376
0.640159 94303
0.640173 17847
0.640173 83742
0.640211 62512
0.640212 62796
0.640222 2859
0.640222 63387
0.640229 44770
0.640231 24920
0.640249 86578
0.64027 28512
0.640277 20648
0.640279 49738
0.64028 46430
0.640293 93626
0.640297 1115
0.640306 90230
0.640325 23273
0.640359 76943
0.640365 15983
0.640368 19809
0.640371 1898
0.640375 40281
0.640385 8761
0.6404 33854
0.640406 84275
0.640407 74427
0.640431 29560
0.640439 266
0.640456 25771
0.640461 5402
0.64048 96087
0.640492 30605
0.640523 84291
0.640534 93933
0.640543 10158
0.640557 30122
0.640559 12315
0.64056 2108
0.640591 42736
0.640596 62463
0.640597 82706
0.640604 2558
0.640615 53810
0.640616 55146
0.640622 12289
0.640625 6818
0.640638 73427
0.640638 9265
0.640646 86903
0.640661 62174
0.640705 94229
0.640716 25394
0.640717 98726
0.640775 97032
0.640784 68688
0.640788 62909
0.640792 55280
0.640795 78337
0.640801 51789
0.640822 67396
0.640825 52370
0.640827 86255
0.640832 21853
0.640843 55819
0.640867 73253
0.640867 74531
0.64087 53683
0.640878 76468
0.640886 67752
0.640891 91638
0.640897 19772
0.640907 32966
0.640928 64238
0.640938 61241
0.64095 61162
0.640953 1755
0.640966 56961
0.64097 29836
0.640971 30065
0.640973 44949
0.640976 63213
0.640986 23328
0.641001 54905
0.641036 6547
0.641047 97102
0.641069 10786
0.64107 32650
0.641104 58797
0.641111 32946
0.641125 84097
0.641126 77239
0.641144 21614
0.641158 34410
0.641174 25669
0.641186 77470
0.641188 15331
0.64119 86347
0.641202 2427
0.641205 20420
0.641205 26330
0.641212 49683
0.641224 76691
0.641226 11319
0.641235 27720
0.641254 84216
0.641273 96388
0.641274 89309
0.641277 51745
0.64128 88460
0.641286 84379
0.641289 16080
0.64129 67870
0.641304 52094
0.641311 14446
0.641311 14837
0.641315 55822
0.641323 68877
0.641329 3143
0.641336 22410
0.641336 73418
0.641341 47974
0.641345 91650
0.641351 26386
0.641361 97964
0.641362 13363
0.641383 29630
0.64141 14799
0.641424 48437
0.64143 86408
0.641433 53800
0.641438 11548
0.641442 92229
0.64145 84114
0.641457 29427
0.641466 81846
0.641484 12152
0.641491 12175
0.641492 33772
0.641502 60745
0.641506 51271
0.641517 67201
0.641518 41830
0.641532 69262
0.641551 29267
0.641555 53352
0.641563 61682
0.641574 88203
0.641592 86289
0.641606 76362
0.641606 8875
0.641634 7283
0.641637 45695
0.641658 14111
0.641659 41498
0.641694 49357
0.641706 19499
0.641708 65776
0.641722 10145
0.641726 45663
0.641728 39810
0.641739 6819
0.64174 11579
0.641748 10574
0.641748 48888
0.64175 55047
0.641756 81345
0.641756 87202
0.641775 75298
0.641782 86832
0.641788 30790
0.641789 9030
0.64179 59423
0.641799 72678
0.641807 44512
0.641807 77048
0.641815 70788
0.641825 32304
0.641846 12375
0.641847 34100
0.641851 65260
0.641855 11414
0.641857 71484
0.641859 41957
0.641871 75128
0.641871 89170
0.641903 88962
0.641915 50089
0.641916 79352
0.64194 72491
0.641976 77889
0.641979 32814
0.641985 36169
0.642041 59234
0.642042 94453
0.642048 15216
0.642054 25344
0.642074 8634
0.642077 70810
0.642084 43820
0.642087 7169
0.642094 16253
0.642106 57100
0.642107 41015
0.642118 20580
0.642118 25922
0.64212 12772
0.642124 80945
0.642162 56787
0.642168 26849
0.642179 77124
0.642183 22393
0.642186 1959
0.642198 7539
0.642199 37909
0.642223 24594
0.642234 97280
0.642236 55603
0.642266 86427
0.642278 89322
0.642287 23530
0.642351 88200
0.642364 66226
0.642369 92003
0.642388 78918
0.642397 29988
0.642411 98255
0.642417 61742
0.642421 19773
0.642428 361
0.64243 94196
0.642442 13599
0.642453 6405
0.642459 20750
0.642466 46640
0.642468 47931
0.642478 1999
0.642478 28364
0.642487 79600
0.642514 79932
0.642531 78942
0.642541 17561
0.642549 9248
0.642553 54647
0.642557 76095
0.642591 43020
0.642618 23471
0.642631 30953
0.642632 82633
0.642654 73329
0.642674 53495
0.642701 46263
0.642724 44861
0.642734 21621
0.642735 28638
0.642745 4570
0.642761 6457
0.642785 84480
0.642792 39149
0.642796 94336
0.642814 89615
0.642815 83549
0.642816 42611
0.642824 4584
0.642846 39486
0.64285 43341
0.64286 46056
0.642886 60677
0.64292 58004
0.64294 56334
0.643007 85278
0.643043 60134
0.643043 81843
0.643045 51165
0.643063 66346
0.643084 13992
0.643106 55217
0.643106 67439
0.643122 43766
0.643125 89147
0.643126 97133
0.64313 65726
0.643132 3384
0.643135 12058
0.643151 78172
0.643153 41837
0.643157 5124
0.643165 78672
0.643171 54092
0.643175 75829
0.643179 88153
0.643181 99989
0.643184 57383
0.643189 89760
0.6432 90663
0.643203 27398
0.643211 60412
0.643214 82335
0.643218 67856
0.643222 26177
0.643232 95746
0.643265 68400
0.643275 24015
0.643277 70108
0.643282 7375
0.643286 9287
0.643316 71158
0.643332 66429
0.643339 31500
0.643339 55936
0.643342 62232
0.643342 90016
0.643348 10857
0.643352 72002
0.643358 84015
0.643367 10900
0.643368 15090
0.643369 52831
0.64337 91172
0.643372 16470
0.643375 35517
0.643381 39970
0.643384 18738
0.643392 69126
0.643403 5982
0.643409 34830
0.643409 41726
0.643424 76225
0.643431 69918
0.643452 2254
0.643454 82816
0.643458 30329
0.643458 88126
0.64346 93019
0.643474 41994
0.643482 80992
0.643511 44229
0.643517 76723
0.643529 51996
0.643548 75861
0.643556 74982
0.643558 60231
0.643558 7465
0.643559 78342
0.643564 54087
0.643583 75110
0.643595 54777
0.643603 87314
0.643605 58382
0.643612 25360
0.643615 76841
0.643616 35962
0.643624 91162
0.64364 74370
0.64368 39365
0.6437 42336
0.643716 92434
0.643722 37129
0.643725 41954
0.643728 43562
0.643737 94904
0.643751 53621
0.643752 17063
0.643753 99756
0.643769 94650
0.64377 61069
0.643773 39879
0.643774 41734
0.643783 6184
0.643798 53391
0.643807 18396
0.643807 28297
0.643821 30210
0.643823 91190
0.643831 90062
0.643844 27930
0.643852 20322
0.643874 25517
0.643876 52851
0.643878 64250
0.643882 33034
0.643893 67536
0.643913 98238
0.643919 70696
0.643926 78362
0.64399 23611
0.643993 32458
0.643998 64712
0.643999 62985
0.644009 59617
0.644034 72303
172 205