1 2
396
0.09675 7494
0.096754 62791
0.096761 38160
0.096762 66085
0.096765 55250
0.096777 69191
0.096786 53748
0.096818 73913
0.096823 65590
0.096827 83572
0.096828 67904
0.096829 41045
0.096862 2598
0.096882 38291
0.096884 58603
0.096888 45211
0.096899 52381
0.096907 69672
0.096912 69723
0.096914 20566
0.096945 8834
0.096948 40319
0.096955 32718
0.096957 8620
0.096958 74974
0.096961 27831
0.096966 3813
0.096973 806
0.096979 40630
0.097 56029
0.097002 64089
0.097004 79827
0.097021 2803
0.097044 60703
0.097046 60030
0.097049 48962
0.09705 55879
0.097055 6245
0.097064 73565
0.097117 10343
0.097118 51734
0.097119 51946
0.097127 45787
0.097129 23029
0.097133 90081
0.097136 15469
0.097148 50441
0.097186 33813
0.097191 62125
0.097194 22853
0.097216 28014
0.09723 32511
0.097231 85324
0.097232 40001
0.097256 34349
0.097258 41195
0.097258 91390
0.097262 57268
0.097266 93023
0.097276 32714
0.097278 76004
0.097285 4054
0.097307 78589
0.097325 55594
0.097326 84916
0.097328 2816
0.097331 98324
0.097359 83914
0.097362 80798
0.097366 24129
0.097381 98426
0.097384 2957
0.097389 17631
0.097391 9377
0.097409 34314
0.097416 78020
0.097418 3082
0.097434 30607
0.097436 48163
0.097443 84752
0.097444 15731
0.097455 16047
0.097467 51555
0.097475 17513
0.097486 57377
0.0975 54879
0.097507 93424
0.097516 41384
0.097523 24989
0.097529 40891
0.097534 88261
0.097554 10790
0.097554 93271
0.097592 44565
0.097595 47042
0.097609 20727
0.097609 239
0.097616 82583
0.097627 27238
0.097632 94577
0.097634 11441
0.097647 75581
0.097651 48711
0.097681 36090
0.097686 9763
0.097695 94573
0.097708 32991
0.097717 14455
0.097722 15088
0.097731 51552
0.097732 77104
0.097733 30196
0.097735 74740
0.097791 63929
0.097794 97083
0.097805 70522
0.097818 64996
0.097828 64063
0.097859 85652
0.097865 99389
0.097866 78090
0.097868 18679
0.097873 71672
0.097879 45661
0.097882 71273
0.097901 32173
0.097932 59210
0.097937 49281
0.09794 82012
0.097943 39482
0.097961 12346
0.098003 62121
0.098009 99729
0.09801 91487
0.098013 49181
0.098033 50486
0.098043 40410
0.09805 41827
0.098054 55271
0.09806 15068
0.098088 89323
0.09809 63382
0.098092 84823
0.098129 24846
0.098142 95836
0.098146 14224
0.098148 71825
0.098152 75186
0.098154 28459
0.09818 40156
0.098204 62433
0.098215 840
0.098217 32999
0.098224 14821
0.098231 34458
0.098235 37720
0.098242 54600
0.098245 40173
0.098254 31065
0.098262 23036
0.098265 87608
0.098269 96484
0.098299 93633
0.098303 16268
0.098304 66269
0.098318 94427
0.098324 14577
0.098334 70556
0.098337 23034
0.098346 83860
0.098356 94003
0.098363 7051
0.098411 89287
0.098419 93526
0.098423 30552
0.098426 29368
0.098427 71612
0.098437 42476
0.098442 97608
0.098452 7096
0.098462 15386
0.098465 35844
0.098486 30705
0.098493 83607
0.098498 23841
0.098503 69773
0.098506 37960
0.098523 95865
0.098531 25154
0.098582 68661
0.098595 55408
0.098602 34723
0.098602 80841
0.098603 99656
0.098614 60084
0.098626 60000
0.098628 4247
0.098666 17246
0.098677 64702
0.098702 38161
0.098708 73414
0.098722 86957
0.098724 91982
0.098749 23300
0.098761 2054
0.098769 10728
0.098771 72117
0.098773 63216
0.098779 12961
0.098785 68023
0.098788 77194
0.098794 89210
0.098801 6887
0.098815 3846
0.098815 46264
0.098819 26450
0.098829 6520
0.098831 82490
0.098837 82473
0.098856 6221
0.098859 70665
0.098862 33633
0.09887 51125
0.09889 16283
0.098896 11297
0.098912 77885
0.098918 92308
0.098926 60215
0.098938 80814
0.098939 6595
0.098944 15992
0.098949 8209
0.098959 36602
0.098962 37922
0.098966 33668
0.098974 54383
0.098976 66249
0.098985 76516
0.098993 80902
0.098996 41344
0.099017 96540
0.099038 88692
0.09904 6151
0.099042 38194
0.099042 50958
0.099086 5361
0.099087 43619
0.099108 90469
0.099118 1649
0.099125 9198
0.099129 62606
0.09913 66288
0.099132 10744
0.099137 94289
0.099162 77044
0.09917 58281
0.09917 87572
0.099188 12157
0.09919 31413
0.099213 61840
0.099218 6753
0.099307 16017
0.099307 69208
0.09931 26031
0.099327 80692
0.099332 12522
0.099334 88579
0.099338 65151
0.099358 17789
0.099393 14288
0.099398 63004
0.099398 89652
0.099409 43761
0.099422 1048
0.099425 51354
0.099434 81776
0.09945 11899
0.099458 42817
0.099458 81487
0.099459 94605
0.099462 18845
0.099463 10763
0.09947 45265
0.099475 24771
0.099476 54732
0.099479 18345
0.099479 3480
0.099492 26790
0.099498 68233
0.099511 72365
0.099523 92153
0.099553 48729
0.099555 2590
0.099561 82227
0.099567 77213
0.099574 16347
0.099584 72839
0.099585 29647
0.099586 97546
0.099605 134
0.099605 2773
0.099607 79170
0.099617 23405
0.099617 62285
0.099619 49818
0.099626 82386
0.099633 75762
0.099657 16103
0.099663 72112
0.099668 75574
0.09967 93165
0.099679 52413
0.099683 16771
0.099687 29021
0.09971 82693
0.099727 75338
0.099729 95977
0.099736 75303
0.099755 51660
0.099765 4936
0.09979 40
0.099791 64482
0.099794 45391
0.099809 49278
0.099842 84285
0.099858 17634
0.099872 37558
0.099898 92242
0.09993 57211
0.099934 59684
0.099936 82879
0.099937 74965
0.099963 54447
0.099968 81052
0.099981 46077
0.099981 5389
0.100003 71281
0.100013 70629
0.100018 43713
0.100019 50603
0.100037 78595
0.100044 67573
0.100047 32356
0.100049 51756
0.100063 94776
0.100068 85577
0.100078 13608
0.100107 49801
0.100115 88450
0.100121 73391
0.100122 50547
0.10015 3386
0.100151 5440
0.100169 17242
0.100181 63611
0.100181 63847
0.100194 96728
0.100196 29250
0.100224 12904
0.100227 59455
0.100238 88071
0.10024 32928
0.100242 68334
0.10027 55857
0.100274 96349
0.100286 34495
0.10029 28927
0.100291 44271
0.100291 91896
0.100295 5881
0.100303 50937
0.100329 62891
0.100331 73028
0.100332 16003
0.100336 29008
0.100355 25790
0.100361 29259
0.100375 52203
0.100376 62617
0.100378 87410
0.100396 31106
0.100398 57877
0.100408 55529
0.100409 32998
0.100421 27087
0.100431 82001
0.100445 39774
0.100449 85354
0.100462 89249
0.100472 71395
0.100477 3874
0.100501 40577
0.100515 69015
0.100534 26165
0.100555 4762
0.100571 88646
151 187